1717337476284 0.705636203289032 1
1717337476598 0.7032663226127625 2
1717337476907 0.7177805304527283 3
1717337477219 0.7038549184799194 4
1717337477547 0.702476441860199 5
1717337477869 0.6941949129104614 6
1717337478177 0.7014837265014648 7
1717337478456 0.6918226480484009 8
1717337478790 0.7046380639076233 9
1717337479073 0.6967604160308838 10
1717337480322 0.6974786520004272 11
1717337480598 0.7015029191970825 12
1717337480898 0.6974517703056335 13
1717337481181 0.6963175535202026 14
1717337481442 0.7023746371269226 15
1717337481706 0.6968661546707153 16
1717337482001 0.6946734189987183 17
1717337482285 0.695399284362793 18
1717337482565 0.6966000199317932 19
1717337482895 0.6986753344535828 20
1717337484153 0.6962404251098633 21
1717337484419 0.7002416849136353 22
1717337484697 0.699196457862854 23
1717337485025 0.6936420798301697 24
1717337485286 0.6986141800880432 25
1717337485581 0.694074809551239 26
1717337485869 0.6965462565422058 27
1717337486170 0.6925122141838074 28
1717337486458 0.6942466497421265 29
1717337486718 0.6962398886680603 30
1717337488072 0.6947070360183716 31
1717337488400 0.693145215511322 32
1717337488682 0.6940556168556213 33
1717337488979 0.6913248300552368 34
1717337489260 0.6967628598213196 35
1717337489546 0.6937366127967834 36
1717337489828 0.6937451362609863 37
1717337490143 0.6931668519973755 38
1717337490406 0.6946307420730591 39
1717337490679 0.6949796080589294 40
1717337491951 0.6915088295936584 41
1717337492198 0.6926774978637695 42
1717337492434 0.6956334114074707 43
1717337492685 0.6966548562049866 44
1717337492989 0.692730724811554 45
1717337493282 0.6957769393920898 46
1717337493561 0.6939136385917664 47
1717337493853 0.694644033908844 48
1717337494146 0.6948225498199463 49
1717337494425 0.6944605112075806 50
