1717354807670 0.7085350751876831 1
1717354807747 0.7223663926124573 2
1717354807849 0.6987978219985962 3
1717354807974 0.7097346782684326 4
1717354808069 0.6897830963134766 5
1717354808162 0.6971246600151062 6
1717354808240 0.6949903964996338 7
1717354808350 0.696945071220398 8
1717354808469 0.7060016393661499 9
1717354808573 0.6960607171058655 10
1717354812413 0.696666955947876 11
1717354812497 0.6939600706100464 12
1717354812594 0.6929330229759216 13
1717354812712 0.6949259638786316 14
1717354812785 0.6878779530525208 15
1717354812855 0.6954895853996277 16
1717354812964 0.7051081657409668 17
1717354813082 0.6984109878540039 18
1717354813195 0.694589376449585 19
1717354813315 0.695295512676239 20
1717354813828 0.6978909969329834 21
1717354813954 0.6938501596450806 22
1717354814072 0.6933286190032959 23
1717354814176 0.7031399011611938 24
1717354814246 0.7030983567237854 25
1717354814319 0.6973392963409424 26
1717354814395 0.6936991810798645 27
1717354814496 0.6980252265930176 28
1717354814571 0.6938098669052124 29
1717354814674 0.6974842548370361 30
1717354815408 0.6915050148963928 31
1717354815524 0.7035093903541565 32
1717354815611 0.6898042559623718 33
1717354815722 0.6950860023498535 34
1717354815800 0.6914017796516418 35
1717354815909 0.7022238969802856 36
1717354816023 0.6995930671691895 37
1717354816150 0.6880598068237305 38
1717354816255 0.690955400466919 39
1717354816326 0.6956532001495361 40
1717354819816 0.696030855178833 41
1717354819925 0.6945397257804871 42
1717354820040 0.6971122622489929 43
1717354820112 0.7100294828414917 44
1717354820192 0.690883219242096 45
1717354820308 0.6952421069145203 46
1717354820392 0.6966734528541565 47
1717354820497 0.697862446308136 48
1717354820585 0.6951347589492798 49
1717354820663 0.6922376751899719 50
1717354821159 0.6927734613418579 1
1717354821237 0.6925023198127747 2
1717354821321 0.6946310997009277 3
1717354821400 0.697824239730835 4
1717354821486 0.6951274871826172 5
1717354821611 0.6947205662727356 6
1717354821751 0.6917065382003784 7
1717354821870 0.6928201913833618 8
1717354821988 0.6861153244972229 9
1717354822104 0.7002140879631042 10
1717354822612 0.7009254097938538 11
1717354822746 0.6966217160224915 12
1717354822818 0.6931232810020447 13
1717354822937 0.7057803273200989 14
1717354823024 0.7031590938568115 15
1717354823121 0.6956966519355774 16
1717354823218 0.6936834454536438 17
1717354823337 0.6995680928230286 18
1717354823417 0.6946026682853699 19
1717354823533 0.7089550495147705 20
1717354824054 0.7000913619995117 21
1717354824133 0.6942392587661743 22
1717354824236 0.6923664808273315 23
1717354824361 0.6875777244567871 24
1717354824485 0.7000504732131958 25
1717354824586 0.6958765983581543 26
1717354824670 0.6939631104469299 27
1717354824788 0.6929393410682678 28
1717354824912 0.6951076984405518 29
1717354824990 0.6909976601600647 30
1717354825515 0.6945837736129761 31
1717354825623 0.6950206756591797 32
1717354825731 0.6898537278175354 33
1717354825848 0.694629430770874 34
1717354825969 0.6953669786453247 35
1717354826068 0.6905882954597473 36
1717354826193 0.6935264468193054 37
1717354826287 0.700103223323822 38
1717354826379 0.6966816782951355 39
1717354826500 0.6964179873466492 40
1717354826968 0.6905845999717712 41
1717354827066 0.6902708411216736 42
1717354827184 0.7095154523849487 43
1717354827267 0.69326251745224 44
1717354827365 0.6908002495765686 45
1717354827483 0.6986587643623352 46
1717354827594 0.7114225625991821 47
1717354827695 0.7124515175819397 48
1717354827802 0.693276584148407 49
1717354827876 0.6945969462394714 50
