1717346711208 0.6930717825889587 1
1717346711938 7.963250160217285 2
1717346712682 3.3796727657318115 3
1717346713448 1.3387831449508667 4
1717346714197 1.3943454027175903 5
1717346715845 1.2576864957809448 6
1717346718660 0.791419506072998 7
1717346722720 1.5397599935531616 8
1717346727648 0.9193437695503235 9
1717346733420 1.5814080238342285 10
1717346752777 1.3927929401397705 11
1717346760376 0.7832284569740295 12
1717346768859 1.4467271566390991 13
1717346777324 0.8265319466590881 14
1717346785799 1.232244610786438 15
1717346794584 1.107781171798706 16
1717346803598 0.7413044571876526 17
1717346812807 1.015768051147461 18
1717346822099 0.7854271531105042 19
1717346831260 0.9313467144966125 20
1717346860222 0.8959583640098572 21
1717346869842 0.7437297105789185 22
1717346879306 0.9323126673698425 23
1717346889027 0.7092296481132507 24
1717346898789 0.9171915054321289 25
1717346908481 0.9019576907157898 26
1717346918178 0.875359058380127 27
1717346927828 1.004624366760254 28
1717346937507 0.7048804759979248 29
1717346946900 0.9035918116569519 30
1717346977413 0.8332463502883911 31
1717346987343 0.8784272074699402 32
1717346997257 0.8748292326927185 33
1717347006956 0.7321707010269165 34
1717347016893 0.8635006546974182 35
1717347026419 0.6949973702430725 36
1717347035429 0.8480484485626221 37
1717347045095 0.7264707684516907 38
1717347055150 0.8078442811965942 39
1717347065226 0.7393847107887268 40
1717347097719 0.7253004908561707 41
1717347107782 0.7848405241966248 42
1717347117524 0.714123547077179 43
1717347127297 0.7796617150306702 44
1717347137212 0.6913803219795227 45
1717347147157 0.809386134147644 46
1717347156961 0.7018475532531738 47
1717347166706 0.809780478477478 48
1717347176292 0.7038798332214355 49
1717347186111 0.7689960598945618 50
