1717602588115 0.6934376955032349 1
1717602596403 0.7116669416427612 2
1717602602899 0.6996693015098572 3
1717602611142 0.7150383591651917 4
1717602617513 0.701019823551178 5
1717602622542 0.681145966053009 6
1717602627698 0.693660318851471 7
1717602632943 0.6857810616493225 8
1717602638312 0.6555323600769043 9
1717602646152 0.6838589906692505 10
1717602667101 0.6696193218231201 11
1717602675184 0.675908088684082 12
1717602683948 0.6375635266304016 13
1717602693564 0.649260938167572 14
1717602701355 0.6290857195854187 15
1717602708222 0.6866163611412048 16
1717602714860 0.6608417630195618 17
1717602725024 0.644844651222229 18
1717602734689 0.659166157245636 19
1717602743182 0.6386953592300415 20
1717602762340 0.6354711055755615 21
1717602763665 0.6306126713752747 22
1717602768962 0.610846996307373 23
1717602773892 0.5941208600997925 24
1717602776203 0.5635347962379456 25
1717602776640 0.5830259323120117 26
1717602777058 0.6700157523155212 27
1717602777512 0.6954857707023621 28
1717602777936 0.7903826236724854 29
1717602778405 0.6776851415634155 30
1717602787119 0.6183815002441406 31
1717602787573 0.6168231964111328 32
1717602788007 0.6182258725166321 33
1717602788413 0.6413166522979736 34
1717602788834 0.6123420596122742 35
1717602789227 0.6317393183708191 36
1717602789661 0.6108827590942383 37
1717602790100 0.6197176575660706 38
1717602790521 0.6226144433021545 39
1717602790960 0.6050436496734619 40
1717602804386 0.5714114308357239 41
1717602804806 0.599859893321991 42
1717602805253 0.6214336156845093 43
1717602805648 0.6226201057434082 44
1717602806039 0.5446016192436218 45
1717602806508 0.6054354906082153 46
1717602807008 0.6045526266098022 47
1717602807424 0.5814869403839111 48
1717602807834 0.5561176538467407 49
1717602808256 0.5500227808952332 50
1717602821636 0.5724040269851685 51
1717602822027 0.5236847400665283 52
1717602822449 0.5058808326721191 53
1717602822887 0.5240585207939148 54
1717602823372 0.5122660994529724 55
1717602823931 0.4775118827819824 56
1717602824400 0.4686422049999237 57
1717602824838 0.451585054397583 58
1717602825324 0.5039047598838806 59
1717602825852 0.4931282103061676 60
1717602839539 0.5517053008079529 61
1717602840778 0.48241689801216125 62
1717602841964 0.4834330976009369 63
1717602843537 0.6753399968147278 64
1717602844623 0.7662719488143921 65
1717602845072 0.7639904618263245 66
1717602845547 0.6754084229469299 67
1717602847628 0.5874238610267639 68
1717602852320 0.5604138970375061 69
1717602858119 0.6304813623428345 70
1717602873144 0.6073859333992004 71
1717602879561 0.644291877746582 72
1717602881855 0.5916865468025208 73
1717602888788 0.5619974136352539 74
1717602895813 0.555287778377533 75
1717602902573 0.5322249531745911 76
1717602909661 0.5812904238700867 77
1717602916395 0.5880542993545532 78
1717602922792 0.5823682546615601 79
1717602929086 0.5457335710525513 80
1717602935523 0.5516700744628906 81
1717602942652 0.5400968790054321 82
1717602950114 0.5409741997718811 83
1717602965385 0.5494534969329834 84
1717602972269 0.4832535982131958 85
1717602979156 0.5470702052116394 86
1717602985713 0.5239355564117432 87
1717602991833 0.5457688570022583 88
1717602997367 0.5128350853919983 89
1717603002900 0.4974393844604492 90
1717603008622 0.5336503982543945 91
1717603013878 0.5452591776847839 92
1717603018299 0.5138503909111023 93
1717603030913 0.5465506911277771 94
1717603035066 0.5400508046150208 95
1717603039032 0.4898720383644104 96
1717603042653 0.5139197707176208 97
1717603045644 0.5041341781616211 98
1717603047712 0.48183247447013855 99
1717603049291 0.4892246127128601 100
1717603050462 0.4972880482673645 101
1717603051242 0.44713765382766724 102
1717603051693 0.48190760612487793 103
1717603060411 0.4519609808921814 104
1717603060858 0.5180860161781311 105
1717603061280 0.4993441700935364 106
1717603061718 0.48305320739746094 107
1717603062171 0.49853843450546265 108
1717603062633 0.4779454469680786 109
1717603063060 0.4556349813938141 110
1717603063513 0.44638577103614807 111
1717603063969 0.4469403028488159 112
1717603064454 0.5125463604927063 113
1717603073277 0.42863160371780396 114
1717603073982 0.4348657727241516 115
1717603074706 0.42847931385040283 116
1717603075285 0.4997318685054779 117
1717603075769 0.5464953184127808 118
1717603076249 0.5142421126365662 119
1717603076706 0.4663158357143402 120
1717603077245 0.4747629463672638 121
1717603077721 0.445512592792511 122
1717603078249 0.46570566296577454 123
1717603087233 0.5409630537033081 124
1717603087759 0.4971144199371338 125
1717603088308 0.4647102952003479 126
1717603088978 0.47717928886413574 127
1717603089805 0.4712879955768585 128
1717603091023 0.5100075006484985 129
1717603092308 0.5265416502952576 130
1717603093677 0.46178480982780457 131
1717603094801 0.49085623025894165 132
1717603095816 0.4582681357860565 133
1717603104857 0.43920403718948364 134
1717603105667 0.49531289935112 135
1717603106444 0.5231154561042786 136
1717603107416 0.495287150144577 137
1717603108444 0.5157288312911987 138
1717603109510 0.45313361287117004 139
1717603110757 0.5870645046234131 140
1717603112496 0.49749717116355896 141
1717603113662 0.4878987669944763 142
1717603115004 0.4365966320037842 143
1717603124353 0.5150625705718994 144
1717603125454 0.5093355178833008 145
1717603126183 0.5809621214866638 146
1717603127120 0.4296019971370697 147
1717603127933 0.43534737825393677 148
1717603128758 0.39914384484291077 149
1717603129495 0.3865079879760742 150
1717603130181 0.42650797963142395 151
1717603130885 0.4188166856765747 152
1717603131679 0.4565661549568176 153
1717603132477 0.4248063266277313 154
1717603133197 0.39122310280799866 155
1717603133975 0.4062262773513794 156
1717603142975 0.40229421854019165 157
1717603143935 0.41922733187675476 158
1717603144731 0.3872469365596771 159
1717603145575 0.35135650634765625 160
1717603146152 0.43516603112220764 161
1717603146683 0.49539682269096375 162
1717603147267 0.4337247610092163 163
1717603147853 0.38886281847953796 164
1717603148431 0.3799106478691101 165
1717603149033 0.4463309943675995 166
1717603162402 0.35326945781707764 167
1717603162876 0.43097367882728577 168
1717603163357 0.41093894839286804 169
1717603163826 0.363662987947464 170
1717603164342 0.4039522707462311 171
1717603164857 0.4304381310939789 172
1717603165325 0.39801955223083496 173
1717603165762 0.3841263949871063 174
1717603166231 0.40921929478645325 175
1717603166761 0.5166484117507935 176
1717603175597 0.43615490198135376 177
1717603176124 0.4256381392478943 178
1717603176691 0.45225057005882263 179
1717603177075 0.4223797619342804 180
1717603177509 0.524882435798645 181
1717603178023 0.4132874011993408 182
1717603178643 0.4642913341522217 183
1717603179349 0.4696102738380432 184
1717603180189 0.5030896663665771 185
1717603181017 0.5123893618583679 186
1717603190266 0.47284388542175293 187
1717603191117 0.46868640184402466 188
1717603191994 0.4286368191242218 189
1717603192820 0.43453824520111084 190
1717603193647 0.42626282572746277 191
1717603194444 0.458782821893692 192
1717603195256 0.41328302025794983 193
1717603196083 0.45120716094970703 194
1717603196988 0.48506835103034973 195
1717603197801 0.436383992433548 196
1717603207106 0.4698452055454254 197
1717603208183 0.4662044644355774 198
1717603209418 0.482164204120636 199
1717603210837 0.4489690661430359 200
1717603212336 0.4604826867580414 201
1717603213740 0.4381122589111328 202
1717603215162 0.3702962398529053 203
1717603216475 0.47041061520576477 204
1717603217675 0.46743810176849365 205
1717603218941 0.46711766719818115 206
1717603228513 0.4422183930873871 207
1717603229905 0.4437096118927002 208
1717603231165 0.44023600220680237 209
1717603232312 0.4363197386264801 210
1717603233492 0.4279415011405945 211
1717603234528 0.44265854358673096 212
1717603235333 0.4050873816013336 213
1717603236075 0.4082701504230499 214
1717603236723 0.4276414215564728 215
1717603237254 0.41864848136901855 216
1717603250549 0.4133118987083435 217
1717603251024 0.43999049067497253 218
1717603251743 0.3013981282711029 219
1717603252290 0.44306182861328125 220
1717603252805 0.36613357067108154 221
1717603253368 0.3645472526550293 222
1717603253898 0.4178163707256317 223
1717603254429 0.3384035527706146 224
1717603254929 0.3260071277618408 225
1717603255570 0.3928804397583008 226
1717603256132 0.42214953899383545 227
1717603256708 0.38279014825820923 228
1717603257317 0.38541680574417114 229
1717603266143 0.38086947798728943 230
1717603266715 0.4228719472885132 231
1717603267247 0.3787245452404022 232
1717603267808 0.45599114894866943 233
1717603268364 0.3665120005607605 234
1717603268870 0.3956519365310669 235
1717603269432 0.43181928992271423 236
1717603269949 0.4091580808162689 237
1717603270442 0.3946577310562134 238
1717603270962 0.4328450560569763 239
1717603279815 0.39205098152160645 240
1717603280345 0.38524165749549866 241
1717603280846 0.4263712763786316 242
1717603281362 0.37892186641693115 243
1717603281876 0.4061073362827301 244
1717603282439 0.44881391525268555 245
1717603282969 0.45022574067115784 246
1717603283501 0.39060452580451965 247
1717603284046 0.3757869005203247 248
1717603284563 0.33814913034439087 249
1717603293758 0.44939249753952026 250
1717603294308 0.46374058723449707 251
1717603294839 0.3720809519290924 252
1717603295382 0.3508630096912384 253
1717603295834 0.3982793688774109 254
1717603296355 0.4109589755535126 255
1717603296849 0.38790765404701233 256
1717603297380 0.3884512484073639 257
1717603297911 0.3925403654575348 258
1717603298418 0.45722252130508423 259
1717603307701 0.3790620267391205 260
1717603308279 0.3915083706378937 261
1717603308873 0.40125763416290283 262
1717603309529 0.4605298340320587 263
1717603310163 0.4397996664047241 264
1717603310854 0.4209228754043579 265
1717603311573 0.43360283970832825 266
1717603312244 0.47815611958503723 267
1717603312947 0.4569287896156311 268
1717603313603 0.4186861217021942 269
1717603322766 0.525794267654419 270
1717603323360 0.43638885021209717 271
1717603323969 0.49438410997390747 272
1717603324535 0.46138477325439453 273
1717603325109 0.45710304379463196 274
1717603325686 0.3934004604816437 275
1717603326201 0.4308356046676636 276
1717603326841 0.43402543663978577 277
1717603327372 0.4542587697505951 278
1717603327935 0.39747244119644165 279
1717603336755 0.46768710017204285 280
1717603337302 0.41352248191833496 281
1717603337864 0.4497586190700531 282
1717603338427 0.46032997965812683 283
1717603338909 0.452728271484375 284
1717603339503 0.4044342339038849 285
1717603340091 0.44231030344963074 286
1717603340630 0.38416945934295654 287
1717603341159 0.4703177213668823 288
1717603341674 0.4310959279537201 289
1717603350635 0.48221370577812195 290
1717603351122 0.4610374867916107 291
1717603351821 0.44105932116508484 292
1717603352353 0.3590869903564453 293
1717603352853 0.3448118567466736 294
1717603353322 0.3972001373767853 295
1717603353806 0.3913033902645111 296
1717603354291 0.3979176878929138 297
1717603354792 0.3644305169582367 298
1717603355277 0.3682035803794861 299
1717603355756 0.4291464388370514 300
1717603356256 0.41506892442703247 301
1717603356743 0.3733677566051483 302
1717603369954 0.422290176153183 303
1717603370440 0.39749038219451904 304
1717603370944 0.4763866662979126 305
1717603371476 0.3606625497341156 306
1717603371979 0.39368805289268494 307
1717603372495 0.36617913842201233 308
1717603372975 0.3539426326751709 309
1717603373491 0.4419102370738983 310
1717603373993 0.3765660226345062 311
1717603374509 0.38594645261764526 312
1717603383261 0.33881068229675293 313
1717603383766 0.38192489743232727 314
1717603384267 0.3253548741340637 315
1717603384797 0.42009127140045166 316
1717603385318 0.3683522045612335 317
1717603385843 0.3589051365852356 318
1717603386422 0.3909497857093811 319
1717603386970 0.4165254235267639 320
1717603387518 0.3865598440170288 321
1717603388061 0.3543801009654999 322
1717603401425 0.3459596037864685 323
1717603401987 0.36548593640327454 324
1717603402534 0.415056973695755 325
1717603403002 0.40486252307891846 326
1717603403560 0.4134441316127777 327
1717603404066 0.4048314094543457 328
1717603404582 0.4090009033679962 329
1717603405106 0.35046708583831787 330
1717603405671 0.36832374334335327 331
1717603406171 0.3597010374069214 332
1717603414899 0.4044758379459381 333
1717603415384 0.3847000002861023 334
1717603415930 0.3669506013393402 335
1717603416430 0.3973432779312134 336
1717603416944 0.4026378095149994 337
1717603417430 0.38012033700942993 338
1717603417975 0.38085028529167175 339
1717603418506 0.41665199398994446 340
1717603419037 0.3377987742424011 341
1717603419570 0.39179956912994385 342
1717603428566 0.39808762073516846 343
1717603429106 0.4167443811893463 344
1717603429668 0.40095049142837524 345
1717603430186 0.4176148772239685 346
1717603430777 0.3990868031978607 347
1717603431362 0.3371283710002899 348
1717603431901 0.44425567984580994 349
1717603432557 0.4063868522644043 350
1717603433120 0.4659488797187805 351
1717603433744 0.3894955515861511 352
1717603442783 0.43402835726737976 353
1717603443415 0.4119102954864502 354
1717603443985 0.40397530794143677 355
1717603444564 0.3706969916820526 356
1717603445167 0.35792556405067444 357
1717603445812 0.4087428152561188 358
1717603446469 0.36375364661216736 359
1717603447077 0.41659674048423767 360
1717603447686 0.3784756660461426 361
1717603448311 0.4159749746322632 362
1717603457236 0.38084927201271057 363
1717603457833 0.42469412088394165 364
1717603458521 0.5377709865570068 365
1717603459224 0.3799580931663513 366
1717603459816 0.3963647186756134 367
1717603460442 0.4538019895553589 368
1717603461035 0.35987263917922974 369
1717603461643 0.3651750981807709 370
1717603462278 0.34898641705513 371
1717603462893 0.3879620432853699 372
1717603463567 0.4184030592441559 373
1717603464267 0.302971214056015 374
1717603464938 0.3793576657772064 375
1717603473901 0.39915603399276733 376
1717603474526 0.39962172508239746 377
1717603475149 0.3527040481567383 378
1717603475808 0.35787433385849 379
1717603476527 0.3819945156574249 380
1717603477164 0.4697182774543762 381
1717603477842 0.44455909729003906 382
1717603478514 0.3454843759536743 383
1717603479161 0.36937353014945984 384
1717603479812 0.3454168140888214 385
1717603493126 0.3765411674976349 386
1717603493869 0.28327369689941406 387
1717603494527 0.46161898970603943 388
1717603495134 0.3748835325241089 389
1717603495805 0.35457009077072144 390
1717603496463 0.3545313775539398 391
1717603497259 0.30035480856895447 392
1717603497898 0.41933366656303406 393
1717603498560 0.40733274817466736 394
1717603499224 0.39455193281173706 395
1717603508162 0.3911125361919403 396
1717603508779 0.37482333183288574 397
1717603509483 0.42558619379997253 398
1717603510257 0.39689749479293823 399
1717603511074 0.38291552662849426 400
1717603511964 0.4054722487926483 401
1717603512826 0.4235696494579315 402
1717603513697 0.4087214469909668 403
1717603514807 0.35673385858535767 404
1717603515853 0.37900450825691223 405
1717603525378 0.4203055500984192 406
1717603526394 0.43128377199172974 407
1717603527438 0.4277469515800476 408
1717603528440 0.4368256628513336 409
1717603529483 0.422224760055542 410
1717603530471 0.43033790588378906 411
1717603531636 0.4236493706703186 412
1717603532651 0.3788382112979889 413
1717603533792 0.4000703692436218 414
1717603534868 0.3851078152656555 415
1717603544206 0.42406749725341797 416
1717603545330 0.3974052965641022 417
1717603546392 0.3854701817035675 418
1717603547548 0.4130861163139343 419
1717603548639 0.42355430126190186 420
1717603549747 0.33160680532455444 421
1717603550825 0.4962182939052582 422
1717603551949 0.4276629388332367 423
1717603553028 0.4103919565677643 424
1717603554275 0.427259624004364 425
1717603563720 0.4137013256549835 426
1717603564996 0.43058425188064575 427
1717603566156 0.4307509958744049 428
1717603567466 0.41272029280662537 429
1717603568630 0.4259495735168457 430
1717603569982 0.4387456178665161 431
1717603571308 0.49226996302604675 432
1717603572632 0.4303782880306244 433
1717603573838 0.44541847705841064 434
1717603574933 0.4638688564300537 435
1717603584315 0.419600248336792 436
1717603585374 0.45872873067855835 437
1717603586126 0.3670639097690582 438
1717603587209 0.41720259189605713 439
1717603588468 0.33146271109580994 440
1717603589811 0.36971887946128845 441
1717603591389 0.3776819407939911 442
1717603593011 0.4242382049560547 443
1717603594823 0.4275478422641754 444
1717603597008 0.3340170681476593 445
1717603599101 0.38441795110702515 446
1717603601162 0.4155932664871216 447
1717603603460 0.43589892983436584 448
1717603614323 0.3829600512981415 449
1717603616774 0.3707566559314728 450
1717603619227 0.5011653900146484 451
1717603621634 0.3922589123249054 452
1717603624106 0.45658209919929504 453
1717603626422 0.43857741355895996 454
1717603629077 0.41362181305885315 455
1717603631610 0.4640476107597351 456
1717603634026 0.4858175814151764 457
1717603636441 0.42226502299308777 458
1717603647043 0.3989383578300476 459
1717603649611 0.34158915281295776 460
1717603651966 0.4430123567581177 461
1717603654356 0.37184494733810425 462
1717603657290 0.4194422960281372 463
1717603659820 0.38497573137283325 464
1717603662271 0.461452454328537 465
1717603665141 0.43175938725471497 466
1717603667860 0.38490018248558044 467
1717603670639 0.3661159574985504 468
1717603681817 0.3536698818206787 469
1717603684691 0.4080561399459839 470
1717603687341 0.38110896944999695 471
1717603690312 0.3854694664478302 472
1717603693618 0.3962409496307373 473
1717603696869 0.3823340833187103 474
1717603699772 0.368393212556839 475
1717603702584 0.4047642648220062 476
1717603705317 0.40578901767730713 477
1717603708345 0.41690459847450256 478
1717603719680 0.4115428626537323 479
1717603722439 0.36300191283226013 480
1717603725097 0.3951566815376282 481
1717603728018 0.4442913830280304 482
1717603730749 0.42684468626976013 483
1717603733652 0.4188116490840912 484
1717603736497 0.43414801359176636 485
1717603738391 0.4216463267803192 486
1717603741194 0.379284143447876 487
1717603744083 0.4047045111656189 488
