1717611326811 0.6936372518539429 1
1717611332763 0.7269189953804016 2
1717611338264 0.6922598481178284 3
1717611343707 0.6906325221061707 4
1717611349629 0.6971797943115234 5
1717611355211 0.695003092288971 6
1717611361058 0.697636067867279 7
1717611366834 0.6941047310829163 8
1717611371052 0.6900563836097717 9
1717611376851 0.6937406659126282 10
1717611389800 0.6862825155258179 11
1717611394863 0.6896107792854309 12
1717611400959 0.6808702945709229 13
1717611406180 0.6825252175331116 14
1717611411128 0.6745667457580566 15
1717611415796 0.6716862320899963 16
1717611421129 0.6716119050979614 17
1717611424932 0.6463674306869507 18
1717611429315 0.6402007937431335 19
1717611433667 0.6389551162719727 20
1717611444709 0.6235485076904297 21
1717611447409 0.6474276185035706 22
1717611451480 0.6171886324882507 23
1717611454347 0.6192922592163086 24
1717611458684 0.5962294340133667 25
1717611463815 0.5825778245925903 26
1717611467518 0.5659905672073364 27
1717611472773 0.6318949460983276 28
1717611478374 0.5714371204376221 29
1717611483849 0.5033960342407227 30
1717611494840 0.5258094072341919 31
1717611498431 0.4749714136123657 32
1717611503084 0.49807116389274597 33
1717611507712 0.47966766357421875 34
1717611511820 0.5944381356239319 35
1717611515845 0.44507333636283875 36
1717611519822 0.4267459809780121 37
1717611523306 0.4760236442089081 38
1717611527044 0.45320212841033936 39
1717611531895 0.4102601408958435 40
1717611535283 0.4521678388118744 41
1717611536905 0.4101410508155823 42
1717611537823 0.42206209897994995 43
1717611539170 0.5458955764770508 44
1717611539867 0.4217016100883484 45
1717611548019 0.4432447552680969 46
1717611548578 0.4568255841732025 47
1717611549244 0.4579562544822693 48
1717611550450 0.4581875205039978 49
1717611551875 0.42604872584342957 50
1717611555184 0.44688788056373596 51
1717611559560 0.3659392297267914 52
1717611563340 0.412314772605896 53
1717611567389 0.408204585313797 54
1717611571175 0.3704353868961334 55
1717611582336 0.41983625292778015 56
1717611586187 0.4609973728656769 57
1717611590353 0.39038774371147156 58
1717611594206 0.3895171880722046 59
1717611597906 0.4052812159061432 60
1717611602064 0.4417084753513336 61
1717611605664 0.38376468420028687 62
1717611609059 0.4242371618747711 63
1717611612225 0.389917254447937 64
1717611614753 0.3897368311882019 65
1717611624854 0.3642069101333618 66
1717611626616 0.3476613759994507 67
1717611628952 0.37226614356040955 68
1717611631124 0.3485829830169678 69
1717611633377 0.463145911693573 70
1717611635988 0.3458670675754547 71
1717611638248 0.3395697772502899 72
1717611640415 0.3431459963321686 73
1717611642699 0.31136640906333923 74
1717611644922 0.282417356967926 75
1717611648001 0.27481576800346375 76
1717611651343 0.2739781439304352 77
1717611654780 0.27628564834594727 78
1717611657741 0.3364132344722748 79
1717611660566 0.25120893120765686 80
1717611671763 0.3454684019088745 81
1717611674918 0.3016963005065918 82
1717611677999 0.2943500280380249 83
1717611680842 0.2884637117385864 84
1717611684019 0.2935555577278137 85
1717611687007 0.24617427587509155 86
1717611689738 0.2633446455001831 87
1717611692431 0.2680805027484894 88
1717611695053 0.27507832646369934 89
1717611698298 0.2555391490459442 90
1717611709198 0.2631336748600006 91
1717611711961 0.27358099818229675 92
1717611714765 0.265959769487381 93
1717611717846 0.25089386105537415 94
1717611720700 0.24756212532520294 95
1717611723249 0.29078254103660583 96
1717611725874 0.29148662090301514 97
1717611728884 0.24189592897891998 98
1717611731257 0.2634562849998474 99
1717611733705 0.28654298186302185 100
1717611744085 0.2822449505329132 101
1717611746545 0.23433278501033783 102
1717611748980 0.2293792963027954 103
1717611751108 0.26336386799812317 104
1717611753057 0.23925568163394928 105
1717611755355 0.18650935590267181 106
1717611757850 0.188123419880867 107
1717611761002 0.22722753882408142 108
1717611763907 0.18384191393852234 109
1717611766452 0.19275249540805817 110
1717611768386 0.16394464671611786 111
1717611768950 0.21825827658176422 112
1717611769476 0.13873502612113953 113
1717611770014 0.21576204895973206 114
1717611770545 0.20317873358726501 115
1717611778706 0.16475431621074677 116
1717611779157 0.1784639209508896 117
1717611779637 0.20373181998729706 118
1717611780115 0.16414985060691833 119
1717611780625 0.14856483042240143 120
1717611781162 0.1717914640903473 121
1717611781696 0.19391897320747375 122
1717611782257 0.18278326094150543 123
1717611782803 0.19946923851966858 124
1717611783349 0.2122546136379242 125
1717611787220 0.22138550877571106 126
1717611787755 0.22274741530418396 127
1717611788298 0.1742291897535324 128
1717611788838 0.20271648466587067 129
1717611789399 0.24447563290596008 130
1717611789952 0.1996459811925888 131
1717611790506 0.24865320324897766 132
1717611791048 0.18925358355045319 133
1717611791598 0.1687738299369812 134
1717611792159 0.25443151593208313 135
1717611800284 0.1805141568183899 136
1717611800711 0.18317465484142303 137
1717611801191 0.1820705384016037 138
1717611801652 0.1744532436132431 139
1717611802084 0.1955978125333786 140
1717611802609 0.1518300175666809 141
1717611803170 0.10320121049880981 142
1717611803728 0.13459613919258118 143
1717611804289 0.09870200604200363 144
1717611804846 0.15864554047584534 145
1717611805403 0.13218563795089722 146
1717611805950 0.12423213571310043 147
1717611806628 0.08585137873888016 148
1717611807521 0.12139379978179932 149
1717611808252 0.1044606938958168 150
1717611812170 0.10265370458364487 151
1717611812708 0.1404358446598053 152
1717611813265 0.1374400556087494 153
1717611813830 0.14006760716438293 154
1717611814396 0.10374686121940613 155
1717611814947 0.11963352560997009 156
1717611815520 0.13830222189426422 157
1717611816033 0.12174001336097717 158
1717611816582 0.13075575232505798 159
1717611817131 0.14712701737880707 160
1717611821045 0.12364000082015991 161
1717611821606 0.10831239819526672 162
1717611822172 0.12518921494483948 163
1717611822736 0.14337554574012756 164
1717611823325 0.14272722601890564 165
1717611823909 0.15153062343597412 166
1717611824468 0.07235212624073029 167
1717611825027 0.14055675268173218 168
1717611825562 0.13417759537696838 169
1717611826075 0.15452204644680023 170
1717611829974 0.145882710814476 171
1717611830506 0.1371501088142395 172
1717611831042 0.15408684313297272 173
1717611831589 0.14399832487106323 174
1717611832104 0.13646651804447174 175
1717611832720 0.07813740521669388 176
1717611833277 0.08775711804628372 177
1717611833839 0.10331224650144577 178
1717611834412 0.06884151697158813 179
1717611834978 0.08290118724107742 180
1717611835519 0.0971427708864212 181
1717611836049 0.054028525948524475 182
1717611836593 0.10382097214460373 183
1717611837163 0.10136853903532028 184
1717611837745 0.08240737020969391 185
1717611841660 0.10172980278730392 186
1717611842270 0.07954936474561691 187
1717611842880 0.08609072118997574 188
1717611843613 0.0948471948504448 189
1717611844370 0.09119996428489685 190
1717611845468 0.09321363270282745 191
1717611846522 0.09763072431087494 192
1717611847613 0.052660394459962845 193
1717611849059 0.1154482290148735 194
1717611850265 0.10682595521211624 195
1717611854766 0.07460308820009232 196
1717611856028 0.06267359852790833 197
1717611857086 0.098792165517807 198
1717611857954 0.06735572963953018 199
1717611858996 0.12570340931415558 200
1717611860172 0.0988868996500969 201
1717611861041 0.11156399548053741 202
1717611861929 0.061256419867277145 203
1717611863172 0.09634718298912048 204
1717611864472 0.11924085766077042 205
1717611869452 0.11092931032180786 206
1717611870638 0.07647821307182312 207
1717611871818 0.0935102105140686 208
1717611872987 0.09173750877380371 209
1717611873747 0.13222602009773254 210
1717611874386 0.08941662311553955 211
1717611874944 0.05910118296742439 212
1717611875507 0.09598852694034576 213
1717611876028 0.06770230829715729 214
1717611876557 0.044101350009441376 215
1717611877082 0.05675416812300682 216
1717611877632 0.07696463167667389 217
1717611878202 0.06176477298140526 218
1717611878717 0.08965355902910233 219
1717611879277 0.06429057568311691 220
1717611883319 0.06041880324482918 221
1717611883859 0.09488017112016678 222
1717611884427 0.05926574394106865 223
1717611884954 0.06396517157554626 224
1717611885488 0.06272021681070328 225
1717611886037 0.06272856891155243 226
1717611886595 0.07555830478668213 227
1717611887122 0.06605914235115051 228
1717611887676 0.04487140476703644 229
1717611888309 0.05150214955210686 230
1717611892485 0.0661567971110344 231
1717611893206 0.0636889636516571 232
1717611893967 0.09153377264738083 233
1717611894704 0.09192296862602234 234
1717611895412 0.06960902363061905 235
1717611896077 0.05690572410821915 236
1717611896842 0.054270580410957336 237
1717611897659 0.08031212538480759 238
1717611898966 0.08736404031515121 239
1717611900280 0.0722595602273941 240
1717611905660 0.06471532583236694 241
1717611907535 0.07394731789827347 242
1717611909205 0.08201232552528381 243
1717611911315 0.07963074743747711 244
1717611913366 0.061384815722703934 245
1717611915970 0.029833536595106125 246
1717611918687 0.04087130352854729 247
1717611921835 0.02848757617175579 248
1717611924761 0.04836844652891159 249
1717611927380 0.031601402908563614 250
1717611929802 0.028991084545850754 251
1717611932180 0.03333786502480507 252
1717611933624 0.07823657989501953 253
1717611936348 0.05074438452720642 254
1717611939085 0.0742085799574852 255
