1717598623272 0.6924078464508057 1
1717598630585 0.6919093728065491 2
1717598638338 0.6898559927940369 3
1717598646325 0.6923092603683472 4
1717598654734 0.6865823864936829 5
1717598662963 0.684707522392273 6
1717598670194 0.6781079769134521 7
1717598677598 0.6816737055778503 8
1717598685074 0.6762584447860718 9
1717598693235 0.6726321578025818 10
1717598711203 0.6583266258239746 11
1717598719861 0.6453942656517029 12
1717598728191 0.647598147392273 13
1717598736460 0.6345422863960266 14
1717598743774 0.6280769109725952 15
1717598750668 0.6107072830200195 16
1717598756701 0.5995913147926331 17
1717598762265 0.6231308579444885 18
1717598767391 0.608347475528717 19
1717598771845 0.6158658862113953 20
1717598786696 0.5652415752410889 21
1717598790259 0.6041327118873596 22
1717598795182 0.5764451026916504 23
1717598799583 0.5738888382911682 24
1717598803205 0.6833314895629883 25
1717598805519 0.7010893821716309 26
1717598809628 0.7268557548522949 27
1717598813596 0.624047040939331 28
1717598816809 0.5738464593887329 29
1717598820206 0.5500929355621338 30
1717598824105 0.5639321804046631 31
1717598828961 0.5790905952453613 32
1717598835441 0.5987048745155334 33
1717598841577 0.612870454788208 34
1717598848071 0.6007728576660156 35
1717598854444 0.6065847873687744 36
1717598867164 0.6113687753677368 37
1717598873707 0.5861791968345642 38
1717598880594 0.5760640501976013 39
1717598887528 0.557386577129364 40
1717598894938 0.5468343496322632 41
1717598902123 0.5414837598800659 42
1717598908649 0.556472897529602 43
1717598915857 0.5496054887771606 44
1717598922528 0.5265065431594849 45
1717598929711 0.5458110570907593 46
1717598946791 0.5350620150566101 47
1717598954068 0.5144186615943909 48
1717598960875 0.5129367113113403 49
1717598967634 0.5186940431594849 50
1717598974349 0.526365339756012 51
1717598977829 0.5206997990608215 52
1717598984591 0.4651607871055603 53
1717598991978 0.46921736001968384 54
1717598999096 0.4624797999858856 55
1717599005714 0.4466874599456787 56
1717599013224 0.47265326976776123 57
1717599020283 0.447187602519989 58
1717599027491 0.45221036672592163 59
1717599034528 0.4557034373283386 60
1717599041032 0.44087544083595276 61
1717599047823 0.4619542062282562 62
1717599064458 0.46520209312438965 63
1717599070862 0.45563381910324097 64
1717599077555 0.4650903344154358 65
1717599083983 0.41873228549957275 66
1717599090463 0.4137110710144043 67
1717599097330 0.43090707063674927 68
1717599102997 0.45441141724586487 69
1717599109502 0.45114731788635254 70
1717599115078 0.49143174290657043 71
1717599120830 0.4695449769496918 72
1717599136870 0.41435036063194275 73
1717599143013 0.45571064949035645 74
1717599148564 0.4144037067890167 75
1717599153866 0.4137894809246063 76
1717599158886 0.4319167733192444 77
1717599161387 0.4567965269088745 78
1717599166080 0.36147621273994446 79
1717599170446 0.390524685382843 80
1717599174887 0.3604815900325775 81
1717599179409 0.3369053900241852 82
1717599183553 0.35130220651626587 83
1717599187797 0.3435489237308502 84
1717599192101 0.36841657757759094 85
1717599196347 0.32318204641342163 86
1717599200557 0.3670632839202881 87
1717599204659 0.3397655487060547 88
1717599218827 0.32102811336517334 89
1717599223331 0.35433444380760193 90
1717599228136 0.34397128224372864 91
1717599232702 0.3314289152622223 92
1717599236738 0.3625786304473877 93
1717599240563 0.3364739418029785 94
1717599244348 0.3567029535770416 95
1717599248439 0.327102929353714 96
1717599252342 0.3622196912765503 97
1717599256021 0.3182666003704071 98
1717599269644 0.3382541835308075 99
1717599272991 0.31225311756134033 100
1717599276430 0.3719424307346344 101
1717599279681 0.32210424542427063 102
1717599282918 0.3005237281322479 103
1717599284762 0.31962284445762634 104
1717599287560 0.2866338789463043 105
1717599290921 0.2544390559196472 106
1717599294080 0.28242993354797363 107
1717599297488 0.26732560992240906 108
1717599301178 0.265148788690567 109
1717599304929 0.2664131820201874 110
1717599308211 0.25961780548095703 111
1717599311526 0.2624891400337219 112
1717599314559 0.23174317181110382 113
1717599317950 0.26346322894096375 114
1717599331356 0.2894008159637451 115
1717599333984 0.25408270955085754 116
1717599335956 0.2530316710472107 117
1717599337306 0.2482306957244873 118
1717599338306 0.27163034677505493 119
1717599339357 0.2639974057674408 120
1717599340341 0.2725517451763153 121
1717599341563 0.24791143834590912 122
1717599342622 0.28633955121040344 123
1717599343641 0.26001283526420593 124
1717599355052 0.2642880082130432 125
1717599356016 0.22716166079044342 126
1717599357051 0.25688913464546204 127
1717599358151 0.2681341767311096 128
1717599359217 0.273347407579422 129
1717599360030 0.3002386689186096 130
1717599361041 0.2527834177017212 131
1717599362136 0.242288276553154 132
1717599364196 0.1957189440727234 133
1717599366540 0.233255073428154 134
1717599369156 0.20229624211788177 135
1717599371804 0.23303189873695374 136
1717599374220 0.23451367020606995 137
1717599376994 0.18053460121154785 138
1717599379460 0.24989527463912964 139
1717599382293 0.18980272114276886 140
1717599394744 0.24760770797729492 141
1717599397713 0.21530264616012573 142
1717599400808 0.18251101672649384 143
1717599403997 0.20940229296684265 144
1717599406594 0.23082135617733002 145
1717599409323 0.18608352541923523 146
1717599411845 0.2628954350948334 147
1717599414445 0.17115996778011322 148
1717599416878 0.21588030457496643 149
1717599419364 0.21394705772399902 150
1717599427077 0.19581831991672516 151
1717599429524 0.20216219127178192 152
1717599432084 0.18997494876384735 153
1717599434542 0.2178567498922348 154
1717599436931 0.21378037333488464 155
1717599438335 0.19064952433109283 156
1717599440428 0.15094514191150665 157
1717599442644 0.14826911687850952 158
1717599445080 0.1586708277463913 159
1717599447625 0.17398428916931152 160
1717599449998 0.16140104830265045 161
1717599452355 0.19130799174308777 162
1717599454697 0.1727251559495926 163
1717599456978 0.13122227787971497 164
1717599459583 0.15860119462013245 165
1717599462036 0.1628289669752121 166
1717599474483 0.1514221578836441 167
1717599476899 0.13857431709766388 168
1717599479318 0.15503384172916412 169
1717599481786 0.13247212767601013 170
1717599484124 0.15936416387557983 171
1717599486421 0.13145430386066437 172
1717599488780 0.12199283391237259 173
1717599491075 0.16200265288352966 174
1717599493402 0.1892067790031433 175
1717599495807 0.1580805778503418 176
1717599508281 0.13953374326229095 177
1717599510560 0.166701078414917 178
1717599512746 0.16077715158462524 179
1717599514994 0.15256814658641815 180
1717599517227 0.15482190251350403 181
1717599518695 0.162496879696846 182
1717599520944 0.10291925817728043 183
1717599523226 0.1130446344614029 184
1717599525414 0.10793104767799377 185
1717599527619 0.09662217646837234 186
1717599529670 0.0802282840013504 187
1717599531588 0.09311643242835999 188
1717599533404 0.10864563286304474 189
1717599535091 0.09464670717716217 190
1717599536900 0.11203493177890778 191
1717599538965 0.11277294903993607 192
1717599546534 0.11853054165840149 193
1717599548639 0.09403900057077408 194
1717599550685 0.11780747026205063 195
1717599552777 0.09173919260501862 196
1717599554949 0.11683082580566406 197
1717599556993 0.09952414035797119 198
1717599559024 0.09020578116178513 199
1717599560883 0.1131768748164177 200
1717599562581 0.07850237935781479 201
1717599564230 0.08443374931812286 202
1717599575824 0.10231989622116089 203
1717599577153 0.13724912703037262 204
1717599578404 0.12648336589336395 205
1717599579780 0.09693629294633865 206
1717599581390 0.10978897660970688 207
1717599582359 0.13122907280921936 208
1717599584250 0.08549325168132782 209
1717599586236 0.08273841440677643 210
1717599588316 0.07627001404762268 211
1717599590301 0.0630723387002945 212
1717599592161 0.07620388269424438 213
1717599594115 0.06940100342035294 214
1717599595883 0.07099892199039459 215
1717599597650 0.09061440080404282 216
1717599599244 0.07609618455171585 217
1717599601260 0.17889319360256195 218
1717599609100 0.09244557470083237 219
1717599611414 0.1626247614622116 220
1717599613964 0.14847464859485626 221
1717599616885 0.12393372505903244 222
1717599619460 0.15935148298740387 223
1717599622162 0.13792119920253754 224
1717599624633 0.11305935680866241 225
1717599627253 0.14034220576286316 226
1717599629725 0.09502580016851425 227
1717599632018 0.13545341789722443 228
1717599640031 0.19015643000602722 229
1717599642203 0.08793745189905167 230
1717599644406 0.11045185476541519 231
1717599646411 0.11041449010372162 232
1717599648273 0.11177889257669449 233
1717599649329 0.1081746518611908 234
1717599651015 0.0931033045053482 235
1717599652700 0.08727185428142548 236
1717599654411 0.08643906563520432 237
1717599656176 0.09169880300760269 238
1717599657759 0.06303541362285614 239
1717599659226 0.06695739179849625 240
1717599660818 0.06439252197742462 241
1717599662641 0.07267531752586365 242
1717599664582 0.06610425561666489 243
1717599666659 0.07088656723499298 244
1717599674315 0.07400446385145187 245
1717599676470 0.0736321359872818 246
1717599678533 0.09975795447826385 247
1717599680694 0.08149909228086472 248
1717599682942 0.08968191593885422 249
1717599685145 0.07436782866716385 250
1717599687504 0.07756055891513824 251
1717599689970 0.06205396726727486 252
1717599692359 0.08148625493049622 253
1717599694831 0.06859192997217178 254
1717599702844 0.056308433413505554 255
1717599705297 0.07546595484018326 256
1717599707799 0.06868529319763184 257
1717599710313 0.08159113675355911 258
1717599712826 0.08041618019342422 259
1717599714247 0.10265357792377472 260
1717599716760 0.031662069261074066 261
1717599719094 0.04029256850481033 262
1717599721595 0.04379759356379509 263
1717599724053 0.046869706362485886 264
1717599726568 0.044881489127874374 265
1717599729157 0.03208176791667938 266
1717599731640 0.044705260545015335 267
1717599734076 0.033335600048303604 268
1717599736402 0.04066590592265129 269
1717599738899 0.041157178580760956 270
1717599746396 0.031942903995513916 271
1717599748877 0.050840433686971664 272
1717599751329 0.03693399205803871 273
1717599753685 0.040956996381282806 274
1717599756261 0.04509493708610535 275
1717599758605 0.027264710515737534 276
1717599760962 0.04762730374932289 277
1717599763303 0.03559346869587898 278
1717599765617 0.03800959140062332 279
1717599767898 0.0566130131483078 280
1717599775633 0.05853945389389992 281
1717599777861 0.048724375665187836 282
1717599779970 0.03494122251868248 283
1717599782157 0.050675734877586365 284
1717599784172 0.04647005721926689 285
1717599785349 0.0649944469332695 286
1717599787219 0.035413261502981186 287
1717599789143 0.021524131298065186 288
1717599791064 0.01587042398750782 289
1717599792983 0.021837450563907623 290
1717599794794 0.020409859716892242 291
1717599796528 0.03672843053936958 292
1717599798355 0.01811523362994194 293
1717599800089 0.027695756405591965 294
1717599801867 0.02915128506720066 295
1717599803725 0.018111906945705414 296
1717599811548 0.016390061005949974 297
1717599813312 0.023121444508433342 298
1717599815154 0.0214187353849411 299
1717599816918 0.025717386975884438 300
1717599818728 0.04629536718130112 301
1717599820551 0.033009711652994156 302
1717599822457 0.018785368651151657 303
1717599824331 0.03894658386707306 304
1717599826193 0.029721524566411972 305
1717599828067 0.03321482986211777 306
1717599835514 0.024286650121212006 307
1717599837325 0.04895314201712608 308
1717599839230 0.030252326279878616 309
1717599841165 0.04362611845135689 310
1717599843008 0.028775915503501892 311
1717599844132 0.03028547205030918 312
1717599846006 0.012000505812466145 313
1717599848067 0.013547036796808243 314
1717599849987 0.014108779840171337 315
1717599852032 0.015287964604794979 316
1717599854140 0.018525676801800728 317
1717599856216 0.021212616935372353 318
1717599858278 0.017758307978510857 319
1717599860400 0.013283575884997845 320
1717599862478 0.009154384024441242 321
1717599864586 0.016800258308649063 322
1717599872236 0.029356887564063072 323
1717599874390 0.03289017826318741 324
1717599876529 0.022735407575964928 325
1717599878667 0.01729572005569935 326
1717599880925 0.015420115552842617 327
1717599883112 0.030153987929224968 328
1717599885314 0.01255755964666605 329
1717599887424 0.023392697796225548 330
1717599889588 0.028825221583247185 331
1717599891735 0.025457821786403656 332
