1717345065911 0.7230103015899658 1
1717345066045 0.7174169421195984 2
1717345066112 0.7166915535926819 3
1717345066178 0.7048497200012207 4
1717345066278 0.7068151831626892 5
1717345066344 0.7081723809242249 6
1717345066411 0.6903101205825806 7
1717345066511 0.7014849185943604 8
1717345066611 0.6995537281036377 9
1717345066710 0.7034586071968079 10
1717345070309 0.6922749280929565 11
1717345070404 0.699833869934082 12
1717345070474 0.6944474577903748 13
1717345070602 0.6922035813331604 14
1717345070691 0.6920350790023804 15
1717345070790 0.6946024894714355 16
1717345070890 0.6912758350372314 17
1717345071008 0.692651629447937 18
1717345071074 0.6942799687385559 19
1717345071173 0.6955558657646179 20
1717345071668 0.6926761865615845 21
1717345071739 0.6962701082229614 22
1717345071840 0.7008971571922302 23
1717345071958 0.697450578212738 24
1717345072053 0.6955739259719849 25
1717345072122 0.6944689750671387 26
1717345072223 0.6958991289138794 27
1717345072272 0.6923173069953918 28
1717345072374 0.6951113343238831 29
1717345072463 0.696532666683197 30
1717345073178 0.6942311525344849 31
1717345073242 0.6908606290817261 32
1717345073341 0.6937206983566284 33
1717345073421 0.6940662860870361 34
1717345073482 0.6912577748298645 35
1717345073560 0.6912798881530762 36
1717345073671 0.6920803189277649 37
1717345073733 0.692907452583313 38
1717345073843 0.69236159324646 39
1717345073938 0.6937055587768555 40
1717345077345 0.6925186514854431 41
1717345077452 0.6938325762748718 42
1717345077564 0.691838800907135 43
1717345077673 0.6953980922698975 44
1717345077767 0.6923373937606812 45
1717345077846 0.6950061321258545 46
1717345077924 0.6927573680877686 47
1717345078034 0.6920284628868103 48
1717345078112 0.6884947419166565 49
1717345078190 0.6900495886802673 50
