1717618454477 0.6945545673370361 1
1717618462760 0.7021884918212891 2
1717618471139 0.698887050151825 3
1717618479759 0.6974358558654785 4
1717618488562 0.6935732960700989 5
1717618497547 0.6896095871925354 6
1717618505154 0.6870474815368652 7
1717618512610 0.6922087073326111 8
1717618520366 0.6807035803794861 9
1717618529605 0.6860125064849854 10
1717618550576 0.6632630228996277 11
1717618559300 0.6644477248191833 12
1717618568545 0.6830585598945618 13
1717618577157 0.6347611546516418 14
1717618583743 0.6554333567619324 15
1717618590664 0.6409197449684143 16
1717618597799 0.6398454904556274 17
1717618605289 0.6461777687072754 18
1717618612572 0.6171432733535767 19
1717618620372 0.6176332235336304 20
1717618634812 0.635522186756134 21
1717618641536 0.5971287488937378 22
1717618649154 0.6231513023376465 23
1717618657302 0.602834165096283 24
1717618665382 0.6107877492904663 25
1717618674335 0.5988163352012634 26
1717618683500 0.5919058918952942 27
1717618689593 0.5717248320579529 28
1717618694751 0.5439528226852417 29
1717618698126 0.5744505524635315 30
1717618711516 0.5328885912895203 31
1717618712737 0.5386360883712769 32
1717618713438 0.4845093786716461 33
1717618714922 0.5133137106895447 34
1717618716319 0.4676119089126587 35
1717618717614 0.4413510859012604 36
1717618719122 0.4164459705352783 37
1717618720535 0.4227181375026703 38
1717618721932 0.43470409512519836 39
1717618723284 0.43040046095848083 40
1717618724587 0.427463561296463 41
1717618726102 0.3882202208042145 42
1717618727587 0.3734206259250641 43
1717618741313 0.37498483061790466 44
1717618742600 0.3603734076023102 45
1717618743955 0.46030664443969727 46
1717618745257 0.4044555425643921 47
1717618746634 0.4586385488510132 48
1717618747919 0.41820982098579407 49
1717618749167 0.42146241664886475 50
1717618750404 0.4098493158817291 51
1717618751678 0.3809111416339874 52
1717618752969 0.4065764844417572 53
1717618766652 0.344704270362854 54
1717618767906 0.36174869537353516 55
1717618769177 0.34728407859802246 56
1717618770528 0.3552790582180023 57
1717618771775 0.38642561435699463 58
1717618773050 0.318110853433609 59
1717618774190 0.3700627386569977 60
1717618775377 0.3421224355697632 61
1717618776554 0.345846027135849 62
1717618777865 0.31112563610076904 63
1717618791647 0.33494675159454346 64
1717618792835 0.3205092251300812 65
1717618793396 0.3352603316307068 66
1717618794662 0.25119683146476746 67
1717618795823 0.29376575350761414 68
1717618797001 0.37849268317222595 69
1717618798145 0.2977310121059418 70
1717618799291 0.33139094710350037 71
1717618800466 0.31672391295433044 72
1717618801668 0.3195173740386963 73
1717618802804 0.2804710566997528 74
1717618803967 0.3510265052318573 75
1717618805127 0.2874961197376251 76
1717618812005 0.2932641804218292 77
1717618813187 0.28051310777664185 78
1717618814334 0.29864075779914856 79
1717618815545 0.29812559485435486 80
1717618816931 0.3680356442928314 81
1717618818153 0.293916255235672 82
1717618819481 0.3929201662540436 83
1717618820771 0.4612681567668915 84
1717618821967 0.2939876616001129 85
1717618823148 0.32358554005622864 86
1717618830154 0.3873857259750366 87
1717618831362 0.3867662250995636 88
1717618832545 0.3510671555995941 89
1717618833774 0.3277159333229065 90
1717618834979 0.36780643463134766 91
1717618836157 0.33837461471557617 92
1717618837404 0.3388691246509552 93
1717618838631 0.29597845673561096 94
1717618839811 0.2562008798122406 95
1717618840996 0.2991643249988556 96
1717618847855 0.3116748034954071 97
1717618849059 0.3200230300426483 98
1717618849676 0.27775275707244873 99
1717618850938 0.25700899958610535 100
1717618852147 0.23970161378383636 101
1717618853367 0.29943275451660156 102
1717618854586 0.26478031277656555 103
1717618855768 0.20844493806362152 104
1717618856966 0.2281535416841507 105
1717618858119 0.26165521144866943 106
1717618859306 0.20888258516788483 107
1717618860558 0.19979465007781982 108
1717618861837 0.24466578662395477 109
1717618869133 0.273531049489975 110
1717618870305 0.2715938985347748 111
1717618871500 0.26815199851989746 112
1717618872679 0.29520532488822937 113
1717618873875 0.2395317554473877 114
1717618875048 0.23022431135177612 115
1717618876235 0.28038129210472107 116
1717618877432 0.24887339770793915 117
1717618878648 0.262396901845932 118
1717618879848 0.23766113817691803 119
1717618893185 0.22430752217769623 120
1717618894418 0.2507721483707428 121
1717618895672 0.22407059371471405 122
1717618896900 0.2520025074481964 123
1717618898077 0.25895050168037415 124
1717618899297 0.2661121189594269 125
1717618900526 0.3475301265716553 126
1717618901730 0.27889713644981384 127
1717618902973 0.24567921459674835 128
1717618904241 0.268842875957489 129
1717618917717 0.2538442015647888 130
1717618918939 0.27976515889167786 131
1717618919580 0.3206348121166229 132
1717618921063 0.2621448338031769 133
1717618922990 0.25909051299095154 134
1717618924780 0.2604803740978241 135
1717618926684 0.2565310299396515 136
1717618928755 0.20793192088603973 137
1717618930330 0.22136348485946655 138
1717618931687 0.23293893039226532 139
1717618932988 0.1781988888978958 140
1717618934215 0.23053346574306488 141
1717618936189 0.22145618498325348 142
1717618968134 0.22979490458965302 143
1717618969836 0.23291979730129242 144
1717618971032 0.24555142223834991 145
1717618972715 0.22937078773975372 146
1717618975224 0.21450121700763702 147
1717618977342 0.22866231203079224 148
1717618978941 0.19703233242034912 149
1717618981295 0.20688007771968842 150
1717618983539 0.23033548891544342 151
1717618984941 0.19918829202651978 152
1717618993878 0.2221623808145523 153
1717618995067 0.21048647165298462 154
1717618996223 0.22354137897491455 155
1717618997453 0.23313196003437042 156
1717618998815 0.23121988773345947 157
1717619000160 0.2508322298526764 158
1717619001676 0.28863611817359924 159
1717619002964 0.2809671461582184 160
1717619004301 0.2632773220539093 161
1717619005695 0.26191604137420654 162
1717619014448 0.24645507335662842 163
1717619015915 0.3074321448802948 164
1717619016589 0.29953616857528687 165
1717619018002 0.2208636999130249 166
1717619019272 0.19305305182933807 167
1717619020547 0.2255052924156189 168
1717619021895 0.23493824899196625 169
1717619023319 0.19653092324733734 170
1717619024631 0.20448251068592072 171
1717619025952 0.19793646037578583 172
1717619027346 0.2235335111618042 173
1717619028659 0.18388406932353973 174
1717619029986 0.1694038063287735 175
1717619045329 0.21844257414340973 176
1717619048672 0.18102885782718658 177
1717619049955 0.1941085010766983 178
1717619051462 0.19379878044128418 179
1717619053204 0.14854320883750916 180
1717619054708 0.17585963010787964 181
1717619055950 0.17578572034835815 182
1717619057243 0.2624935507774353 183
1717619058550 0.18170993030071259 184
1717619059898 0.20003414154052734 185
1717619074847 0.14592672884464264 186
1717619076061 0.203520730137825 187
1717619077397 0.20323576033115387 188
1717619078745 0.18974243104457855 189
1717619080090 0.1550789177417755 190
1717619081553 0.14832578599452972 191
1717619082991 0.19751395285129547 192
1717619084287 0.1575969010591507 193
1717619085737 0.15998072922229767 194
1717619087177 0.1620277613401413 195
1717619094537 0.19434118270874023 196
1717619095844 0.213847815990448 197
1717619096491 0.18016645312309265 198
1717619098348 0.14561808109283447 199
1717619100423 0.1557035893201828 200
1717619101747 0.15758377313613892 201
1717619103071 0.15082693099975586 202
1717619104357 0.13279958069324493 203
1717619105636 0.17447318136692047 204
1717619107107 0.19570040702819824 205
1717619108592 0.1445888876914978 206
1717619110010 0.13736291229724884 207
1717619111224 0.11960137635469437 208
1717619119320 0.14828719198703766 209
1717619120847 0.16987113654613495 210
1717619122090 0.12559638917446136 211
1717619123469 0.12296392768621445 212
1717619124868 0.14635176956653595 213
1717619126082 0.15931576490402222 214
1717619127514 0.19511710107326508 215
1717619129005 0.17582263052463531 216
1717619130458 0.12839823961257935 217
1717619132252 0.16612128913402557 218
1717619140304 0.1454480141401291 219
1717619142062 0.15968871116638184 220
1717619143860 0.1474071890115738 221
1717619145822 0.11731317639350891 222
1717619147594 0.16485203802585602 223
1717619149628 0.15817366540431976 224
1717619151661 0.15745629370212555 225
1717619153658 0.12480940669775009 226
1717619155142 0.15130320191383362 227
1717619156433 0.14126558601856232 228
1717619173604 0.1451864391565323 229
1717619175127 0.12787003815174103 230
1717619175770 0.12463211268186569 231
1717619177921 0.1152721717953682 232
1717619180953 0.10213733464479446 233
1717619182267 0.09016456454992294 234
1717619183502 0.09283959120512009 235
1717619184779 0.10650968551635742 236
1717619186414 0.10551634430885315 237
1717619187749 0.09364950656890869 238
1717619189294 0.10653889924287796 239
1717619190760 0.07628839462995529 240
1717619192142 0.11111626029014587 241
1717619208957 0.1216694787144661 242
1717619210542 0.0947149321436882 243
1717619211844 0.09365586191415787 244
1717619213655 0.08241967111825943 245
1717619215352 0.11205471307039261 246
1717619216710 0.10397594422101974 247
1717619218384 0.10691330581903458 248
1717619219932 0.11835960298776627 249
1717619221573 0.12005692720413208 250
1717619223032 0.09966086596250534 251
1717619231097 0.11862649768590927 252
1717619232508 0.09621455520391464 253
1717619233839 0.09980994462966919 254
1717619235339 0.10872126370668411 255
1717619236975 0.0754661038517952 256
1717619238456 0.07588023692369461 257
1717619239720 0.1051088497042656 258
1717619240974 0.10777094215154648 259
1717619242313 0.10085346549749374 260
1717619243828 0.12677283585071564 261
1717619251435 0.1460474580526352 262
1717619252991 0.13371120393276215 263
1717619253689 0.08068037033081055 264
1717619255216 0.07222267240285873 265
1717619256776 0.06355080753564835 266
1717619258379 0.1089947447180748 267
1717619259840 0.06156401336193085 268
1717619261341 0.06166396662592888 269
1717619262604 0.05725708603858948 270
1717619263939 0.08944117277860641 271
1717619265271 0.07723379880189896 272
1717619266614 0.05111849308013916 273
1717619267980 0.09529054164886475 274
1717619275505 0.054507557302713394 275
1717619277056 0.06854786723852158 276
1717619278402 0.07785727083683014 277
1717619279773 0.10433492064476013 278
1717619281148 0.07714515179395676 279
1717619282550 0.05567368492484093 280
1717619283840 0.08110406249761581 281
1717619285146 0.095072440803051 282
1717619286439 0.06363078206777573 283
1717619287939 0.11855147033929825 284
1717619296186 0.08373242616653442 285
1717619297732 0.08702380210161209 286
1717619299122 0.06269469857215881 287
1717619300573 0.08981263637542725 288
1717619301981 0.06257814913988113 289
1717619303505 0.09165558218955994 290
1717619305117 0.09338000416755676 291
1717619306544 0.07505585253238678 292
1717619308163 0.09844258427619934 293
1717619309681 0.08867422491312027 294
1717619319702 0.09925701469182968 295
1717619321617 0.0985584482550621 296
1717619322470 0.1154250055551529 297
1717619324198 0.08405506610870361 298
1717619325806 0.0653945654630661 299
1717619327269 0.05970233306288719 300
1717619328925 0.07706613093614578 301
1717619330349 0.06318699568510056 302
1717619331793 0.10683045536279678 303
1717619333128 0.05358344689011574 304
1717619334441 0.09873295575380325 305
1717619335941 0.10530510544776917 306
1717619337464 0.10847338289022446 307
1717619345221 0.05278800427913666 308
1717619346509 0.11101627349853516 309
1717619347747 0.08933484554290771 310
1717619349052 0.05848700925707817 311
1717619350288 0.07477269321680069 312
1717619351767 0.07371001690626144 313
1717619353029 0.08759947866201401 314
1717619354294 0.06312183290719986 315
1717619355567 0.0844261646270752 316
1717619356834 0.09048482775688171 317
1717619364072 0.0740705132484436 318
1717619365306 0.06210334226489067 319
1717619366581 0.09958944469690323 320
1717619367944 0.10101933032274246 321
1717619369207 0.07180940359830856 322
1717619370469 0.08097567409276962 323
1717619371819 0.07930020987987518 324
1717619373202 0.07401251047849655 325
1717619374540 0.08195625990629196 326
1717619375978 0.08134693652391434 327
1717619384830 0.0692586749792099 328
1717619386483 0.08887574076652527 329
1717619387231 0.0724664255976677 330
1717619388748 0.06205395981669426 331
1717619390126 0.04826760292053223 332
1717619391380 0.0333063080906868 333
1717619392593 0.05337589606642723 334
1717619393899 0.05682478845119476 335
1717619395208 0.03618377819657326 336
1717619396604 0.03901790454983711 337
1717619397987 0.04208714887499809 338
1717619399390 0.05034107342362404 339
1717619400936 0.04039766639471054 340
1717619409153 0.07733757048845291 341
1717619410706 0.06193516030907631 342
1717619412141 0.03053860180079937 343
1717619413875 0.04872724041342735 344
1717619415405 0.05217966064810753 345
1717619416888 0.04735390469431877 346
1717619418230 0.057670000940561295 347
1717619419627 0.06229181960225105 348
1717619420983 0.04447314515709877 349
1717619422495 0.0402536578476429 350
