1717435028567 0.6914638876914978 1
1717435031160 60.7985954284668 2
1717435037389 19.806089401245117 3
1717435043686 2.143393039703369 4
1717435050020 3.2317745685577393 5
1717435057455 15.907289505004883 6
1717435064936 4.696564674377441 7
1717435072652 7.368759632110596 8
1717435079482 3.03662371635437 9
1717435085577 1.9330002069473267 10
1717435112612 1.9244109392166138 11
1717435118091 3.190322160720825 12
1717435122726 4.781363010406494 13
1717435127273 1.358163833618164 14
1717435131891 5.824277877807617 15
1717435136437 2.0529325008392334 16
1717435140885 9.244681358337402 17
1717435145040 10.940042495727539 18
1717435148903 4.153303146362305 19
1717435152577 8.906453132629395 20
1717435168526 12.372339248657227 21
1717435172188 6.692756652832031 22
1717435175127 1.934749960899353 23
1717435178154 4.886149883270264 24
1717435181669 2.226956367492676 25
1717435184573 5.238056659698486 26
1717435187617 7.0883026123046875 27
1717435190886 1.4536011219024658 28
1717435194128 7.57832145690918 29
1717435197417 9.758454322814941 30
1717435209177 4.985323905944824 31
1717435212193 4.645678997039795 32
1717435215514 7.922232627868652 33
1717435219096 5.3680267333984375 34
1717435223549 2.932655096054077 35
1717435228354 6.0268683433532715 36
1717435232364 2.452199935913086 37
1717435234969 4.221109390258789 38
1717435237629 5.609307289123535 39
1717435240081 1.6401475667953491 40
1717435247494 5.317526817321777 41
1717435249837 8.594742774963379 42
1717435252117 5.478806018829346 43
1717435254609 2.3417601585388184 44
1717435256984 4.367311000823975 45
1717435259328 1.714877963066101 46
1717435261548 5.0593085289001465 47
1717435263775 5.703907489776611 48
1717435266072 2.868908405303955 49
1717435268398 4.556105136871338 50
1717435279900 7.163488388061523 51
1717435282316 4.24866247177124 52
1717435286071 3.53424334526062 53
1717435289904 4.631376266479492 54
1717435294256 1.6759731769561768 55
1717435297964 6.495787620544434 56
1717435301327 5.578315734863281 57
1717435305275 1.1495312452316284 58
1717435308150 5.372313022613525 59
1717435310919 6.011239528656006 60
1717435326851 1.7060874700546265 61
1717435329583 6.631474018096924 62
1717435332288 9.440917015075684 63
1717435334869 6.129520416259766 64
1717435337882 1.4534991979599 65
1717435340547 4.230274200439453 66
1717435343372 2.006333112716675 67
1717435345978 3.62410569190979 68
1717435348450 4.974587917327881 69
1717435351181 0.9307270646095276 70
1717435363361 5.026205539703369 71
1717435365825 6.845611095428467 72
1717435368136 2.8158199787139893 73
1717435370445 4.909415245056152 74
1717435372796 8.164979934692383 75
1717435375085 6.398077487945557 76
1717435377592 0.8373515009880066 77
1717435379866 4.478731632232666 78
1717435382215 3.3714067935943604 79
1717435384580 2.272523880004883 80
1717435396667 2.344766855239868 81
1717435399083 1.7898914813995361 82
1717435401415 1.1628259420394897 83
1717435403764 3.1174380779266357 84
1717435406128 2.479846477508545 85
1717435408424 2.933859348297119 86
1717435410677 4.260998249053955 87
1717435413208 0.7539311051368713 88
1717435415629 4.291532039642334 89
1717435418017 3.0455522537231445 90
1717435429815 2.9319908618927 91
1717435432197 3.1281516551971436 92
1717435434517 1.454831600189209 93
1717435436884 1.445007562637329 94
1717435439267 2.841193675994873 95
1717435441697 1.9776769876480103 96
1717435444110 3.7367348670959473 97
1717435446403 3.6403520107269287 98
1717435448710 0.9559983015060425 99
1717435450976 2.1086039543151855 100
1717435462728 1.0824379920959473 101
1717435465110 0.9160571694374084 102
1717435467440 2.3462815284729004 103
1717435469666 0.7559792995452881 104
1717435471959 3.0501182079315186 105
1717435474006 1.1073616743087769 106
1717435476036 4.525277614593506 107
1717435478612 4.844913482666016 108
1717435482344 1.071130394935608 109
1717435486046 2.1953461170196533 110
1717435499741 0.9291306138038635 111
1717435502657 0.8406572937965393 112
1717435506588 2.0184473991394043 113
1717435510787 0.8449932932853699 114
1717435514831 0.7904556393623352 115
1717435518937 1.5620495080947876 116
1717435523219 1.1500483751296997 117
1717435525236 0.7211971879005432 118
1717435528833 0.9124009013175964 119
1717435532742 1.718101143836975 120
1717435549233 0.9292495846748352 121
1717435552989 0.7291787266731262 122
1717435556972 0.9378287196159363 123
1717435560906 0.8089521527290344 124
1717435565171 0.8355149030685425 125
1717435569369 1.204451560974121 126
1717435573511 1.6278444528579712 127
1717435577473 0.8871460556983948 128
1717435581428 0.7039136290550232 129
1717435585346 0.9379060864448547 130
1717435602377 1.6136118173599243 131
1717435606361 0.8402398228645325 132
1717435610165 0.7768638730049133 133
1717435613975 1.3127037286758423 134
1717435617924 1.6296422481536865 135
1717435621776 0.9668335318565369 136
1717435625562 0.8362576365470886 137
1717435629307 1.0437161922454834 138
1717435633074 1.847116231918335 139
1717435636939 0.9010342955589294 140
1717435653756 0.6998640894889832 141
1717435657780 0.8646327257156372 142
1717435661471 1.6417118310928345 143
1717435665382 0.9628371000289917 144
1717435669297 0.8203632831573486 145
1717435673353 0.9502688646316528 146
1717435677349 1.5500633716583252 147
1717435681003 1.2648471593856812 148
1717435684947 0.9341522455215454 149
1717435688925 0.8860763311386108 150
1717435705613 0.9169043898582458 151
1717435709419 0.9310271739959717 152
1717435713352 1.0950363874435425 153
1717435717259 1.2421241998672485 154
1717435721300 1.0870859622955322 155
1717435725311 1.0003539323806763 156
1717435729282 0.8733720779418945 157
1717435733041 0.831413984298706 158
1717435737053 1.1175081729888916 159
1717435741052 1.8842344284057617 160
1717435757522 1.4041931629180908 161
1717435761213 0.8048784136772156 162
1717435764920 0.708253800868988 163
1717435768533 0.7043284773826599 164
1717435772230 0.8277820348739624 165
1717435774576 1.5116443634033203 166
1717435776976 1.7033015489578247 167
1717435779446 0.8742793798446655 168
1717435781853 0.7073624134063721 169
1717435784282 1.0629360675811768 170
1717435799396 1.7229211330413818 171
1717435801841 0.9765059947967529 172
1717435804270 0.7478641271591187 173
1717435806576 0.7068145275115967 174
1717435808997 0.7188634872436523 175
1717435811421 0.7845398783683777 176
1717435813859 0.9659677147865295 177
1717435816355 1.477257251739502 178
1717435818691 1.7785871028900146 179
1717435821113 0.8234308362007141 180
1717435836182 0.7105352878570557 181
1717435838601 0.9351043701171875 182
1717435840952 1.4531681537628174 183
1717435843303 1.4142755270004272 184
1717435845701 0.8397055864334106 185
1717435848047 0.6917613744735718 186
1717435850404 0.757926881313324 187
1717435852849 1.1797358989715576 188
1717435855278 1.7410215139389038 189
1717435857613 0.7029319405555725 190
1717435872624 1.3019036054611206 191
1717435874994 2.044307231903076 192
1717435877352 0.71272212266922 193
1717435879734 1.9961707592010498 194
1717435882025 0.8548809885978699 195
1717435884379 0.878221869468689 196
1717435886795 2.4878697395324707 197
1717435889149 0.6983274817466736 198
1717435891532 1.9934636354446411 199
1717435893931 1.2835335731506348 200
1717435908110 0.80813068151474 201
1717435910483 0.7494203448295593 202
1717435912803 0.7473326325416565 203
1717435914979 0.7756667137145996 204
1717435917275 1.0344483852386475 205
1717435919601 1.6026122570037842 206
1717435921827 1.2305186986923218 207
1717435924178 0.8388971090316772 208
1717435926576 0.7827691435813904 209
1717435928866 0.9876322746276855 210
1717435942842 1.6685746908187866 211
1717435945225 1.088466763496399 212
1717435947639 0.7716033458709717 213
1717435950093 0.7258391380310059 214
1717435952702 0.7480922341346741 215
1717435954864 1.00686776638031 216
1717435956977 1.8365912437438965 217
1717435959038 0.9436612129211426 218
1717435961244 0.6913753151893616 219
1717435963429 0.9667454957962036 220
1717435976620 2.0372631549835205 221
1717435978705 1.082100510597229 222
1717435980864 0.9175946712493896 223
1717435982988 1.1520944833755493 224
1717435985114 1.8842689990997314 225
1717435987380 1.335079312324524 226
1717435989544 0.8475608229637146 227
1717435991624 0.8292301893234253 228
1717435993709 1.0748112201690674 229
1717435995649 1.3065022230148315 230
1717436008698 0.8896138668060303 231
1717436010809 0.7547033429145813 232
1717436013011 0.831359326839447 233
1717436015152 1.2671387195587158 234
1717436017326 2.066094160079956 235
1717436019409 0.7718043923377991 236
1717436021648 0.7937284708023071 237
1717436023842 1.5312693119049072 238
1717436025922 1.8055291175842285 239
1717436028190 0.7449693083763123 240
1717436041229 0.8299509286880493 241
1717436043318 1.7456716299057007 242
1717436045492 1.0487060546875 243
1717436047599 0.9918467998504639 244
1717436049639 1.411483883857727 245
1717436051703 1.4763516187667847 246
1717436053882 0.9061702489852905 247
1717436055946 0.7853833436965942 248
1717436058026 0.728192925453186 249
1717436060176 0.7701782584190369 250
1717436073278 0.9422356486320496 251
1717436075372 1.416183352470398 252
1717436077436 1.301766037940979 253
1717436079522 0.9672108292579651 254
1717436081601 0.961063027381897 255
1717436083626 1.3907885551452637 256
1717436085720 1.3188278675079346 257
1717436087786 1.0204716920852661 258
1717436089917 1.107323408126831 259
1717436092051 1.556046962738037 260
1717436105121 1.5697380304336548 261
1717436107198 1.274681568145752 262
1717436109260 1.1840463876724243 263
1717436111388 1.299713134765625 264
1717436113473 1.599275827407837 265
1717436115525 1.14031183719635 266
1717436117875 1.2043908834457397 267
1717436120085 1.3996117115020752 268
1717436122432 1.3236079216003418 269
1717436124815 0.9008273482322693 270
1717436137911 0.8735713958740234 271
1717436140009 1.3660088777542114 272
1717436142102 1.7130435705184937 273
1717436144162 0.9698729515075684 274
1717436146351 0.7349569797515869 275
1717436148425 0.7071675658226013 276
1717436150470 0.7111958861351013 277
1717436152697 0.8344303369522095 278
1717436154886 1.2951003313064575 279
1717436156963 1.5532675981521606 280
1717436169913 0.935835063457489 281
1717436172048 0.8445190191268921 282
1717436174158 1.2499595880508423 283
1717436176313 1.9884264469146729 284
1717436178461 0.7849383354187012 285
1717436180635 0.862436830997467 286
1717436182751 1.9394276142120361 287
1717436184990 0.7682210803031921 288
1717436187081 0.8560407757759094 289
1717436189283 1.9910264015197754 290
1717436202552 1.2848516702651978 291
1717436204569 0.7120600938796997 292
1717436206572 0.8510772585868835 293
1717436208547 1.7099448442459106 294
1717436210610 1.1633297204971313 295
1717436212643 0.9472624063491821 296
1717436214610 1.2732938528060913 297
1717436216703 1.6735612154006958 298
1717436218693 0.9871782064437866 299
1717436220718 0.7315056324005127 300
1717436233681 0.6969875693321228 301
1717436235667 0.9809363484382629 302
1717436237592 1.968085527420044 303
1717436239608 1.4489532709121704 304
1717436241631 0.7487183213233948 305
1717436243664 0.7182703018188477 306
1717436245734 1.0095967054367065 307
1717436247673 1.9179593324661255 308
1717436249691 0.8933980464935303 309
1717436251682 0.7068597674369812 310
1717436264523 0.7015034556388855 311
1717436266462 0.7421196699142456 312
1717436268365 0.9516054391860962 313
1717436270377 1.5486412048339844 314
1717436272285 1.3353092670440674 315
1717436274313 0.9686059355735779 316
1717436276198 1.0886728763580322 317
1717436278234 1.694894790649414 318
1717436280199 1.2843785285949707 319
1717436282259 1.12035071849823 320
1717436295123 1.2271288633346558 321
1717436297014 1.4715286493301392 322
1717436298962 1.5813604593276978 323
1717436300808 1.2324542999267578 324
1717436302722 1.166407823562622 325
1717436304583 1.2612477540969849 326
1717436307768 1.309472680091858 327
1717436311003 1.3191819190979004 328
1717436314536 1.6762710809707642 329
1717436317965 1.1953644752502441 330
1717436332807 1.0984973907470703 331
1717436336687 1.3558213710784912 332
1717436340540 1.0624823570251465 333
1717436344642 0.7917231321334839 334
1717436348724 0.8344534635543823 335
1717436352842 1.3440109491348267 336
1717436356582 1.6497331857681274 337
1717436360560 0.8574354648590088 338
1717436364291 0.7152232527732849 339
1717436367721 0.6957612037658691 340
1717436382007 0.7430722117424011 341
1717436385567 1.0615464448928833 342
1717436389227 2.004493474960327 343
1717436392412 0.9469460248947144 344
1717436395744 0.7364941835403442 345
1717436399185 0.7365013957023621 346
1717436402651 0.8422514796257019 347
1717436406040 1.4824093580245972 348
1717436409564 2.0109379291534424 349
1717436413003 0.724766194820404 350
1717436427100 1.0230106115341187 351
1717436430892 2.4389584064483643 352
1717436434129 0.723173975944519 353
1717436437728 3.045936346054077 354
1717436441043 0.7876024842262268 355
1717436444619 3.9441237449645996 356
1717436448101 2.1190810203552246 357
1717436451454 5.22870397567749 358
1717436454969 6.133896350860596 359
1717436458409 1.432588815689087 360
1717436472348 7.1060404777526855 361
1717436475457 10.29898452758789 362
1717436478809 7.874512195587158 363
1717436482171 1.1553808450698853 364
1717436485975 4.582610607147217 365
1717436489303 2.279019355773926 366
1717436492785 5.834041118621826 367
1717436496314 5.891391277313232 368
1717436499605 0.8096621036529541 369
1717436503468 5.152556896209717 370
1717436517904 4.921021461486816 371
1717436520917 0.928538978099823 372
1717436524108 2.702671766281128 373
1717436527246 0.7824147343635559 374
1717436530444 1.501379370689392 375
1717436533653 2.7307331562042236 376
1717436536761 1.1798241138458252 377
1717436540198 4.980179309844971 378
1717436543543 4.023588180541992 379
1717436546724 1.898862361907959 380
1717436561123 1.8311866521835327 381
1717436564385 3.3722403049468994 382
1717436567619 2.1783359050750732 383
1717436571067 3.9786922931671143 384
1717436574562 3.6553099155426025 385
1717436577904 2.189981698989868 386
1717436581392 1.694158911705017 387
1717436585058 4.049797534942627 388
1717436588461 3.6206893920898438 389
1717436592020 2.176288604736328 390
1717436606338 1.7190799713134766 391
1717436609990 3.8624584674835205 392
1717436613405 2.3956618309020996 393
1717436617293 3.8714938163757324 394
1717436621342 4.723293304443359 395
1717436624877 0.714102566242218 396
1717436628677 3.463087797164917 397
1717436632227 1.7184793949127197 398
1717436635970 5.650304317474365 399
1717436639816 6.044134616851807 400
1717436654205 1.3129740953445435 401
1717436657455 7.545802593231201 402
1717436660500 10.932302474975586 403
1717436663780 7.964397430419922 404
1717436667377 1.1252806186676025 405
1717436671323 5.188934803009033 406
1717436675083 2.8454654216766357 407
1717436678898 5.325921058654785 408
1717436682280 6.778636455535889 409
1717436686044 3.0684750080108643 410
1717436700825 5.247191429138184 411
1717436704209 6.490603923797607 412
1717436708102 3.0147151947021484 413
1717436712286 5.552422046661377 414
1717436715657 8.0398588180542 415
1717436719552 5.165038108825684 416
1717436723514 2.8997395038604736 417
1717436727523 5.650822639465332 418
1717436731277 2.2761871814727783 419
1717436735269 5.513512134552002 420
1717436749356 7.7234063148498535 421
1717436753443 4.027308940887451 422
1717436757403 5.408523082733154 423
1717436760798 8.358705520629883 424
1717436764726 5.134989261627197 425
1717436768495 2.7317380905151367 426
1717436772289 4.8107099533081055 427
1717436775829 1.4587557315826416 428
1717436779473 6.1974778175354 429
1717436782662 8.371541976928711 430
1717436797466 4.924832820892334 431
1717436801454 3.6547889709472656 432
1717436805264 6.076902389526367 433
1717436808820 2.333709955215454 434
1717436812370 5.983497142791748 435
1717436815701 7.743032455444336 436
1717436819840 4.279138565063477 437
1717436823565 4.3765082359313965 438
1717436827265 6.273385524749756 439
1717436831233 3.63456392288208 440
1717436846257 4.241944789886475 441
1717436849794 5.635575771331787 442
1717436853613 3.5238139629364014 443
1717436857257 5.162934303283691 444
1717436860521 7.936446189880371 445
1717436864359 4.687037467956543 446
1717436868294 2.9678688049316406 447
1717436871725 5.82499885559082 448
1717436875525 3.5233490467071533 449
1717436879518 4.07206916809082 450
1717436893907 5.367858409881592 451
1717436897629 2.790705680847168 452
1717436901063 6.064188480377197 453
1717436904203 8.975980758666992 454
1717436907541 6.128052711486816 455
1717436911217 1.693724274635315 456
1717436915117 3.9746806621551514 457
1717436918551 0.8224117159843445 458
1717436922545 2.7499353885650635 459
1717436926015 1.0459243059158325 460
1717436940703 4.2051005363464355 461
1717436944600 3.5502126216888428 462
1717436948513 3.0172743797302246 463
1717436952354 3.4920363426208496 464
1717436956103 1.6127129793167114 465
1717436959669 1.5678484439849854 466
1717436963580 3.2568609714508057 467
1717436967495 2.7048182487487793 468
1717436971488 3.1319422721862793 469
1717436975414 3.820502758026123 470
1717436989678 1.2123607397079468 471
1717436993510 1.5317070484161377 472
1717436997455 2.72329044342041 473
1717437000859 1.304025411605835 474
1717437004744 4.3713274002075195 475
1717437008748 3.7087514400482178 476
1717437012229 1.6538313627243042 477
1717437015849 1.434229850769043 478
1717437019732 3.2988131046295166 479
1717437023517 2.3709588050842285 480
1717437038411 4.157469272613525 481
1717437042419 4.151156425476074 482
1717437045684 0.772806704044342 483
1717437049438 2.736452341079712 484
1717437052832 0.7077884078025818 485
1717437056460 2.1858677864074707 486
1717437059964 1.6151926517486572 487
1717437063282 0.7359467148780823 488
1717437066817 2.2759692668914795 489
1717437070078 0.7506279349327087 490
1717437084299 1.1122931241989136 491
1717437088015 2.379606246948242 492
1717437091390 0.9584224820137024 493
1717437095509 3.893052816390991 494
1717437099301 3.071925640106201 495
1717437103099 2.940028429031372 496
1717437106791 3.6261518001556396 497
1717437110279 1.4551812410354614 498
1717437113713 1.7508544921875 499
1717437117302 2.8061861991882324 500
