1717347585894 0.6930360198020935 1
1717347586766 7.584307670593262 2
1717347587621 0.9915688037872314 3
1717347588357 1.5106580257415771 4
1717347589186 1.0922907590866089 5
1717347590198 0.9551423788070679 6
1717347591701 0.7189088463783264 7
1717347593885 0.7175264954566956 8
1717347597060 0.7377634048461914 9
1717347601156 0.7165259122848511 10
1717347614192 0.6944482922554016 11
1717347619891 0.7055119872093201 12
1717347626262 0.7044956684112549 13
1717347634029 0.6884321570396423 14
1717347643119 0.700589120388031 15
1717347652937 0.7126711010932922 16
1717347663131 0.7168798446655273 17
1717347673535 0.7143648266792297 18
1717347684755 0.736106812953949 19
1717347696230 0.699293315410614 20
1717347719683 0.7133666276931763 21
1717347731703 0.7011470794677734 22
1717347743119 0.6967649459838867 23
1717347754960 0.722391664981842 24
1717347767419 0.699320912361145 25
1717347779855 0.7263746857643127 26
1717347791985 0.7028335332870483 27
1717347804123 0.7043184638023376 28
1717347816515 0.6979185342788696 29
1717347828456 0.6946834325790405 30
1717347866818 0.705414354801178 31
1717347878700 0.7461722493171692 32
1717347889975 0.719184398651123 33
1717347901839 0.7100106477737427 34
1717347913329 0.702806830406189 35
1717347925103 0.6994494795799255 36
1717347937375 0.7064167857170105 37
1717347949170 0.7249947190284729 38
1717347961293 0.7033978700637817 39
1717347973393 0.7125047445297241 40
1717348011631 0.7060718536376953 41
1717348023276 0.7243220806121826 42
1717348035049 0.6937212944030762 43
1717348046802 0.6945390105247498 44
1717348058796 0.6980593800544739 45
1717348070287 0.7091999053955078 46
1717348082158 0.7049300670623779 47
1717348093631 0.6903314590454102 48
1717348105083 0.7243679165840149 49
1717348116798 0.6949343085289001 50
