1717345268008 0.7264679670333862 1
1717345268112 0.7368432283401489 2
1717345268193 0.7298039793968201 3
1717345268256 0.7218747138977051 4
1717345268334 0.7084632515907288 5
1717345268443 0.7006470561027527 6
1717345268553 0.7108029127120972 7
1717345268662 0.7086610198020935 8
1717345268756 0.7027555108070374 9
1717345268850 0.6914107799530029 10
1717345272407 0.6943635940551758 11
1717345272485 0.7050967812538147 12
1717345272557 0.7107165455818176 13
1717345272667 0.7079512476921082 14
1717345272760 0.7118690609931946 15
1717345272823 0.6979219317436218 16
1717345272886 0.6954581141471863 17
1717345272958 0.6993331909179688 18
1717345273083 0.6911802887916565 19
1717345273154 0.6933472752571106 20
1717345276590 0.6914198994636536 21
1717345276690 0.6942747235298157 22
1717345276755 0.6974323391914368 23
1717345276856 0.6984710097312927 24
1717345276968 0.6989626288414001 25
1717345277106 0.700678825378418 26
1717345277169 0.7035623788833618 27
1717345277269 0.6948142647743225 28
1717345277357 0.6968781352043152 29
1717345277423 0.6966531872749329 30
1717345280812 0.693662703037262 31
1717345280938 0.6943419575691223 32
1717345281017 0.6941903829574585 33
1717345281120 0.6948065757751465 34
1717345281183 0.6926700472831726 35
1717345281277 0.6935369968414307 36
1717345281402 0.694999098777771 37
1717345281467 0.6931875348091125 38
1717345281576 0.6939340233802795 39
1717345281638 0.6951680183410645 40
1717345282136 0.6917420625686646 41
1717345282244 0.6986966729164124 42
1717345282316 0.6925123333930969 43
1717345282391 0.6933772563934326 44
1717345282484 0.6930478811264038 45
1717345282550 0.6953113675117493 46
1717345282617 0.6929740309715271 47
1717345282702 0.6931752562522888 48
1717345282812 0.6939437985420227 49
1717345282890 0.6945695877075195 50
