1717355632885 0.7286069393157959 1
1717355632982 0.724655270576477 2
1717355633052 0.7079964280128479 3
1717355633145 0.7021126747131348 4
1717355633239 0.6998544931411743 5
1717355633364 0.7028098106384277 6
1717355633427 0.6964430809020996 7
1717355633505 0.6935523748397827 8
1717355633583 0.7007878422737122 9
1717355633692 0.693802535533905 10
1717355637113 0.6895652413368225 11
1717355637211 0.6945961713790894 12
1717355637303 0.6980751752853394 13
1717355637389 0.6919431686401367 14
1717355637450 0.6930568814277649 15
1717355637549 0.6985697746276855 16
1717355637627 0.6927916407585144 17
1717355637738 0.6993097066879272 18
1717355637820 0.6972405910491943 19
1717355637887 0.6971912980079651 20
1717355638336 0.6955333948135376 21
1717355638444 0.6917662620544434 22
1717355638535 0.6919258832931519 23
1717355638619 0.6928665041923523 24
1717355638702 0.700042188167572 25
1717355638815 0.6967800259590149 26
1717355638925 0.6916875839233398 27
1717355639018 0.6923341751098633 28
1717355639101 0.6965265274047852 29
1717355639197 0.6969470381736755 30
1717355639703 0.6935529112815857 31
1717355639797 0.6940658688545227 32
1717355639869 0.693034291267395 33
1717355639952 0.6932227611541748 34
1717355640061 0.6936346888542175 35
1717355640168 0.6946428418159485 36
1717355640267 0.6990724205970764 37
1717355640328 0.6978738903999329 38
1717355640391 0.6965356469154358 39
1717355640437 0.6884238123893738 40
1717355640922 0.692212700843811 41
1717355640949 0.6957800388336182 42
1717355641013 0.6955065727233887 43
1717355641082 0.6967446208000183 44
1717355641168 0.6943591237068176 45
1717355641224 0.6936517357826233 46
1717355641301 0.6933432817459106 47
1717355641385 0.6968463063240051 48
1717355641418 0.698412299156189 49
1717355641485 0.6981715559959412 50
1717355644875 0.6954625844955444 51
1717355644937 0.6924715042114258 52
1717355645049 0.6936795115470886 53
1717355645111 0.6910149455070496 54
1717355645174 0.6949391961097717 55
1717355645236 0.6997504830360413 56
1717355645299 0.6965664029121399 57
1717355645379 0.693587064743042 58
1717355645474 0.6946911811828613 59
1717355645567 0.6925273537635803 60
1717355646027 0.6904568076133728 61
1717355646127 0.6929060220718384 62
1717355646224 0.6970505714416504 63
1717355646275 0.6969155669212341 64
1717355646384 0.6925339698791504 65
1717355646447 0.6948118805885315 66
1717355646556 0.6930245161056519 67
1717355646676 0.696603536605835 68
1717355646776 0.6904154419898987 69
1717355646886 0.696512758731842 70
1717355647351 0.6989126205444336 71
1717355647414 0.6967428922653198 72
1717355647476 0.693452000617981 73
1717355647555 0.6954835057258606 74
1717355647644 0.6941956281661987 75
1717355647744 0.694581925868988 76
1717355647843 0.6948708295822144 77
1717355647940 0.6936086416244507 78
1717355648060 0.6951327919960022 79
1717355648172 0.6936850547790527 80
1717355651674 0.692805290222168 81
1717355651739 0.6938705444335938 82
1717355651840 0.693099856376648 83
1717355651940 0.6906813979148865 84
1717355652005 0.6930230259895325 85
1717355652104 0.6946665644645691 86
1717355652167 0.6942192912101746 87
1717355652257 0.6955493092536926 88
1717355652325 0.69346022605896 89
1717355652424 0.6939905881881714 90
1717355655940 0.6964694857597351 91
1717355656003 0.6942155361175537 92
1717355656105 0.6947274804115295 93
1717355656213 0.6953937411308289 94
1717355656292 0.6943047046661377 95
1717355656403 0.6942957639694214 96
1717355656464 0.6930299997329712 97
1717355656571 0.6925079822540283 98
1717355656635 0.6936303377151489 99
1717355656703 0.691000759601593 100
