1717509237664 0.6971350908279419 1
1717509238440 0.7116114497184753 2
1717509239226 0.6849859952926636 3
1717509239938 0.7138707041740417 4
1717509240729 0.6946449875831604 5
1717509241558 0.6935282349586487 6
1717509242239 0.6976829171180725 7
1717509243035 0.6960091590881348 8
1717509243797 0.6893076300621033 9
1717509244647 0.6922861337661743 10
1717509260873 0.6950533986091614 11
1717509261798 0.6936460137367249 12
1717509262607 0.6954064965248108 13
1717509263448 0.6929866671562195 14
1717509264217 0.6977706551551819 15
1717509265003 0.6967333555221558 16
1717509265867 0.6925686597824097 17
1717509266638 0.6943534016609192 18
1717509267428 0.6942394971847534 19
1717509268226 0.6923137903213501 20
1717509273199 0.692266583442688 21
1717509273962 0.6946970224380493 22
1717509274792 0.6957329511642456 23
1717509275602 0.6931384801864624 24
1717509276399 0.6929159164428711 25
1717509277296 0.6937276721000671 26
1717509278109 0.6972414255142212 27
1717509278979 0.6973474621772766 28
1717509279697 0.6907196044921875 29
1717509280406 0.6899555921554565 30
1717509284641 0.6955770254135132 31
1717509285495 0.6921582818031311 32
1717509286607 0.6950123310089111 33
1717509287447 0.6916984915733337 34
1717509288234 0.6917799711227417 35
1717509289147 0.6930922269821167 36
1717509289942 0.6934885382652283 37
1717509290785 0.6925217509269714 38
1717509291597 0.6964365243911743 39
1717509292344 0.6915044784545898 40
1717509301892 0.690018892288208 41
1717509302616 0.6949033141136169 42
1717509303368 0.6945396661758423 43
1717509304204 0.690532386302948 44
