1717345283428 0.7013094425201416 1
1717345283532 0.6965605616569519 2
1717345283610 0.7005182504653931 3
1717345283672 0.7148146629333496 4
1717345283782 0.6939128637313843 5
1717345283882 0.7006718516349792 6
1717345283982 0.699722409248352 7
1717345284110 0.7063161134719849 8
1717345284172 0.70858234167099 9
1717345284255 0.701684832572937 10
1717345287645 0.6962348818778992 11
1717345287755 0.6986991167068481 12
1717345287861 0.6979228258132935 13
1717345287948 0.6926959156990051 14
1717345288055 0.6903477311134338 15
1717345288118 0.6952509880065918 16
1717345288227 0.6923781037330627 17
1717345288336 0.6946921944618225 18
1717345288446 0.6928350329399109 19
1717345288524 0.6912841796875 20
1717345291898 0.6999872326850891 21
1717345291996 0.6914770007133484 22
1717345292059 0.6958659291267395 23
1717345292137 0.6963221430778503 24
1717345292246 0.6971752643585205 25
1717345292325 0.6928290128707886 26
1717345292395 0.6958059668540955 27
1717345292460 0.6922910809516907 28
1717345292560 0.6963391900062561 29
1717345292647 0.6959292888641357 30
1717345293093 0.6923322677612305 31
1717345293193 0.6955306529998779 32
1717345293293 0.6913356781005859 33
1717345293393 0.6940340399742126 34
1717345293459 0.6945738792419434 35
1717345293559 0.6960484385490417 36
1717345293625 0.6924746632575989 37
1717345293726 0.691280722618103 38
1717345293825 0.6919366717338562 39
1717345293892 0.6962279677391052 40
1717345294393 0.6942245960235596 41
1717345294492 0.6932861804962158 42
1717345294585 0.6921865344047546 43
1717345294674 0.695949375629425 44
1717345294775 0.6915230751037598 45
1717345294875 0.696161150932312 46
1717345294955 0.6917608380317688 47
1717345295059 0.6904638409614563 48
1717345295124 0.6923657655715942 49
1717345295207 0.6935814619064331 50
