1717654818913 0.7056684494018555 1
1717654862057 1.0327495336532593 2
1717654881197 0.6966070532798767 3
1717654884265 0.7095309495925903 4
1717654898730 0.7120569944381714 5
1717654914358 0.7016143202781677 6
1717654932978 0.6968799233436584 7
1717654972517 0.6929126977920532 8
1717654995483 0.6935152411460876 9
1717655014922 0.6984614729881287 10
1717655078983 0.6927979588508606 11
1717655098742 0.6942999958992004 12
1717655115062 0.693603515625 13
1717655131534 0.6931739449501038 14
1717655150095 0.6923027634620667 15
1717655169147 0.6947365403175354 16
1717655182573 0.6903780698776245 17
1717655196954 0.699964702129364 18
1717655210928 0.6914891004562378 19
1717655223091 0.6928065419197083 20
1717655275986 0.6929639577865601 21
1717655288181 0.6963213682174683 22
1717655301481 0.6872270107269287 23
1717655312770 0.6868793964385986 24
1717655325230 0.6868364810943604 25
1717655337298 0.6911800503730774 26
1717655350803 0.6836166977882385 27
1717655363124 0.692383348941803 28
1717655378552 0.6759878396987915 29
1717655392866 0.681689441204071 30
1717655449007 0.6753027439117432 31
1717655464763 0.6826246976852417 32
1717655481125 0.6607217788696289 33
1717655494246 0.6628761291503906 34
1717655508199 0.6504877209663391 35
1717655521751 0.6663455367088318 36
1717655533569 0.6650681495666504 37
1717655545142 0.6814625263214111 38
1717655557644 0.6814687848091125 39
1717655569433 0.6551740169525146 40
1717655592867 0.6326553225517273 41
1717655615882 0.7190831303596497 42
1717655639472 0.6264297366142273 43
1717655699661 0.637215793132782 44
1717655717445 0.6530851721763611 45
1717655738646 0.6556432843208313 46
1717655760255 0.656731903553009 47
1717655782865 0.6469677686691284 48
1717655808156 0.6557989716529846 49
1717655835072 0.6542205214500427 50
1717655863785 0.6407201290130615 51
1717655892153 0.6323673129081726 52
1717655921839 0.6393394470214844 53
1717655990358 0.6577434539794922 54
1717656018150 0.6449409127235413 55
1717656044929 0.6416105628013611 56
1717656071553 0.6497668027877808 57
1717656098204 0.6505573987960815 58
1717656125845 0.6321847438812256 59
1717656153302 0.6613690853118896 60
1717656181557 0.6373425126075745 61
1717656210243 0.6316092014312744 62
1717656235877 0.6371120810508728 63
1717656301042 0.6244735717773438 64
1717656330887 0.6392400860786438 65
1717656360661 0.6180312633514404 66
1717656386156 0.5855851173400879 67
1717656412142 0.595841646194458 68
1717656438692 0.6065835952758789 69
1717656458460 0.574891209602356 70
1717656478540 0.597565233707428 71
1717656497848 0.5967906713485718 72
1717656515173 0.5609042048454285 73
1717656540046 0.5605576634407043 74
1717656559281 0.5881879329681396 75
1717656573322 0.5665673017501831 76
1717656619715 0.5741229057312012 77
1717656628403 0.5405943393707275 78
1717656637268 0.5105195045471191 79
1717656645637 0.5555498003959656 80
1717656654372 0.5554306507110596 81
1717656666613 0.5479186177253723 82
1717656687051 0.5253225564956665 83
1717656715890 0.5369677543640137 84
1717656741922 0.538368821144104 85
1717656776048 0.5214112401008606 86
1717656837469 0.5070777535438538 87
1717656859147 0.48248642683029175 88
1717656885062 0.4890191853046417 89
1717656909168 0.513595700263977 90
1717656936722 0.47333380579948425 91
1717656962406 0.4610934555530548 92
1717656989448 0.4247652590274811 93
1717657016771 0.43987134099006653 94
1717657040752 0.5011916756629944 95
1717657059441 0.5068753361701965 96
1717657107316 0.5239534974098206 97
1717657115162 0.45537489652633667 98
1717657125796 0.45047542452812195 99
1717657133604 0.4181569814682007 100
1717657140663 0.39021429419517517 101
1717657147186 0.3829834759235382 102
1717657153009 0.41857635974884033 103
1717657158819 0.40893787145614624 104
1717657164705 0.3954811096191406 105
1717657173058 0.38646700978279114 106
1717657187141 0.374051570892334 107
1717657209204 0.43814098834991455 108
1717657230797 0.3741762936115265 109
1717657288226 0.3935065269470215 110
1717657305102 0.42862963676452637 111
1717657323878 0.3712690472602844 112
1717657338631 0.39710015058517456 113
1717657345955 0.34942007064819336 114
1717657353559 0.39965179562568665 115
1717657360849 0.3557141423225403 116
1717657368274 0.3765026032924652 117
1717657376166 0.34093862771987915 118
1717657383440 0.3320750296115875 119
1717657432397 0.3649944067001343 120
1717657449672 0.3718283474445343 121
1717657477123 0.33976057171821594 122
1717657504550 0.35224810242652893 123
1717657530032 0.35694023966789246 124
1717657555061 0.3514447808265686 125
1717657579041 0.4125053286552429 126
1717657602207 0.36829236149787903 127
1717657626462 0.3751089572906494 128
1717657642289 0.333273321390152 129
1717657704318 0.3357964754104614 130
1717657729737 0.36225199699401855 131
1717657760125 0.3549734055995941 132
1717657783805 0.2883698046207428 133
1717657802775 0.34375008940696716 134
1717657822744 0.2904614806175232 135
1717657844632 0.3354085683822632 136
1717657864009 0.3035135567188263 137
1717657875844 0.26555436849594116 138
1717657882807 0.3132362365722656 139
1717657889489 0.2716868221759796 140
1717657895314 0.3041127026081085 141
1717657901323 0.316963255405426 142
1717657947071 0.31416335701942444 143
1717657953699 0.27651554346084595 144
1717657961434 0.2647685408592224 145
1717657968570 0.25377926230430603 146
1717657975003 0.30739033222198486 147
1717657981888 0.31366991996765137 148
1717657989038 0.24360056221485138 149
1717657996906 0.29992786049842834 150
1717658004801 0.3468889594078064 151
1717658011333 0.27261224389076233 152
1717658059312 0.306670606136322 153
1717658066415 0.2980276942253113 154
1717658072410 0.29104888439178467 155
1717658078406 0.31011781096458435 156
1717658084448 0.3000268340110779 157
1717658090319 0.2900834083557129 158
1717658096238 0.27493634819984436 159
1717658102186 0.2828061878681183 160
1717658108175 0.2582801580429077 161
1717658114301 0.21493488550186157 162
1717658161671 0.27732324600219727 163
1717658167837 0.27963709831237793 164
1717658176081 0.2090156525373459 165
1717658182529 0.27371296286582947 166
1717658188866 0.2281489074230194 167
1717658195129 0.22993378341197968 168
1717658202124 0.2595783770084381 169
1717658208524 0.25336217880249023 170
1717658214584 0.24153956770896912 171
1717658220500 0.24373459815979004 172
1717658226480 0.23175719380378723 173
1717658232204 0.20730288326740265 174
1717658238051 0.2287645936012268 175
1717658279586 0.2523896098136902 176
1717658285090 0.24681083858013153 177
1717658293118 0.21241377294063568 178
1717658299191 0.19707748293876648 179
1717658305138 0.22916921973228455 180
1717658311227 0.1925661563873291 181
1717658317824 0.1898055225610733 182
1717658324310 0.19277207553386688 183
1717658330477 0.1769207864999771 184
1717658336613 0.20358914136886597 185
1717658383577 0.1998613327741623 186
1717658391119 0.24277959764003754 187
1717658402157 0.2376258671283722 188
1717658417214 0.2151511162519455 189
1717658431262 0.1907956302165985 190
1717658439799 0.19430053234100342 191
1717658447277 0.2451135665178299 192
1717658454134 0.23421317338943481 193
1717658461665 0.22849848866462708 194
1717658474757 0.2223292589187622 195
1717658527310 0.2453627586364746 196
1717658534644 0.2224998027086258 197
1717658543861 0.23891714215278625 198
1717658552151 0.20115093886852264 199
1717658560083 0.1381545513868332 200
1717658568341 0.1497676819562912 201
1717658576165 0.21252354979515076 202
1717658582831 0.1692800670862198 203
1717658589747 0.18852974474430084 204
1717658596726 0.17736035585403442 205
1717658603612 0.17175918817520142 206
1717658609888 0.14365321397781372 207
1717658615945 0.15274867415428162 208
1717658662769 0.19350571930408478 209
1717658669373 0.15300829708576202 210
1717658676758 0.17034374177455902 211
1717658683223 0.18334294855594635 212
1717658689670 0.18402737379074097 213
1717658695946 0.17730990052223206 214
1717658702331 0.1610218584537506 215
1717658708483 0.14332567155361176 216
1717658714480 0.1738969087600708 217
1717658721243 0.20529302954673767 218
1717658763227 0.1844186633825302 219
1717658769358 0.15481917560100555 220
1717658775744 0.1876898556947708 221
1717658781599 0.19247515499591827 222
1717658787798 0.19013763964176178 223
1717658793918 0.17457473278045654 224
1717658799882 0.18623213469982147 225
1717658806206 0.17365947365760803 226
1717658812325 0.1609155386686325 227
1717658818320 0.16608408093452454 228
1717658860118 0.1811748445034027 229
1717658866331 0.17530100047588348 230
1717658874281 0.20388205349445343 231
1717658880415 0.14047567546367645 232
1717658886331 0.17157551646232605 233
1717658892811 0.15268820524215698 234
1717658899149 0.13719086349010468 235
1717658905473 0.08597013354301453 236
1717658912057 0.14416855573654175 237
1717658918603 0.11490869522094727 238
1717658924911 0.13060203194618225 239
1717658931406 0.14746932685375214 240
1717658938163 0.16749723255634308 241
1717658980197 0.1443592756986618 242
1717658986617 0.12658676505088806 243
1717658992786 0.11956670135259628 244
1717658999254 0.13734868168830872 245
1717659005647 0.1713547259569168 246
1717659011922 0.1401040107011795 247
1717659018463 0.12516915798187256 248
1717659024842 0.11937680095434189 249
1717659031408 0.14085975289344788 250
1717659038152 0.15450821816921234 251
1717659086193 0.13875612616539001 252
1717659093420 0.14665822684764862 253
1717659100916 0.13861963152885437 254
1717659107692 0.1606994867324829 255
1717659116001 0.14485901594161987 256
1717659123615 0.12254592031240463 257
1717659130612 0.1736891269683838 258
1717659136935 0.13277657330036163 259
1717659143646 0.15408986806869507 260
1717659149871 0.17682823538780212 261
1717659191456 0.11601580679416656 262
1717659197533 0.15723717212677002 263
1717659205444 0.14646607637405396 264
1717659211456 0.10652297735214233 265
1717659217451 0.09358062595129013 266
1717659223383 0.1360095739364624 267
1717659229646 0.1104307770729065 268
1717659236394 0.11416376382112503 269
1717659243112 0.11941459774971008 270
1717659250273 0.09697594493627548 271
1717659257764 0.09564337134361267 272
1717659264414 0.14421139657497406 273
1717659270812 0.12873314321041107 274
1717659319251 0.1369897872209549 275
1717659325648 0.15583986043930054 276
1717659331152 0.09135037660598755 277
1717659336923 0.10856277495622635 278
1717659342359 0.1260715126991272 279
1717659347694 0.10651195049285889 280
1717659353016 0.08792830258607864 281
1717659358559 0.12860877811908722 282
1717659364197 0.1022534966468811 283
1717659369832 0.10746199637651443 284
1717659411915 0.13508494198322296 285
1717659418247 0.10375583916902542 286
1717659424656 0.10431335121393204 287
1717659431348 0.11434317380189896 288
1717659437866 0.1398451179265976 289
1717659443947 0.12446694076061249 290
1717659450200 0.11677127331495285 291
1717659456395 0.12589626014232635 292
1717659462775 0.12957864999771118 293
1717659469232 0.14662277698516846 294
1717659511842 0.14612987637519836 295
1717659517847 0.12202659249305725 296
1717659526041 0.15203747153282166 297
1717659532451 0.07773231714963913 298
1717659539189 0.09239185601472855 299
1717659545929 0.11782334744930267 300
1717659553603 0.09917432814836502 301
1717659560388 0.11036917567253113 302
1717659567297 0.10975632816553116 303
1717659574301 0.07315906137228012 304
1717659581541 0.12083946168422699 305
1717659588922 0.10916249454021454 306
1717659596067 0.09697381407022476 307
1717659639866 0.07403381913900375 308
1717659646267 0.0992291197180748 309
1717659653302 0.07130128890275955 310
1717659659494 0.08351963758468628 311
1717659666044 0.1011379286646843 312
1717659672344 0.11834601312875748 313
1717659678691 0.08297443389892578 314
1717659685069 0.1128133237361908 315
1717659691180 0.10869570076465607 316
1717659697463 0.1360340714454651 317
1717659740313 0.10042586177587509 318
1717659746675 0.10822110623121262 319
1717659753459 0.08305232971906662 320
1717659759743 0.13192914426326752 321
1717659766105 0.10114139318466187 322
1717659772607 0.11536260694265366 323
1717659778798 0.12564882636070251 324
1717659785098 0.08463027328252792 325
1717659791491 0.10188613831996918 326
1717659797759 0.1114572137594223 327
1717659840592 0.12185263633728027 328
1717659846767 0.13973604142665863 329
1717659855176 0.10629694163799286 330
1717659862024 0.09352582693099976 331
1717659868542 0.061022575944662094 332
1717659875046 0.05498392507433891 333
1717659881362 0.08400192111730576 334
1717659887723 0.07545451074838638 335
1717659893897 0.09133785963058472 336
1717659900603 0.06690122187137604 337
1717659907545 0.08084588497877121 338
1717659914282 0.10144012421369553 339
1717659921145 0.09831360727548599 340
1717659964648 0.07365250587463379 341
1717659970917 0.10075011104345322 342
1717659977342 0.11442818492650986 343
1717659983689 0.07970477640628815 344
1717659990082 0.09376612305641174 345
1717659996726 0.08770904690027237 346
1717660002916 0.08707663416862488 347
1717660009199 0.08394578099250793 348
1717660015420 0.10072941333055496 349
1717660021624 0.09079205989837646 350
1717660064111 0.09327823668718338 351
1717660070755 0.09025567770004272 352
1717660077133 0.07822432368993759 353
1717660084023 0.10781103372573853 354
1717660090786 0.09272918105125427 355
1717660097423 0.09087125211954117 356
1717660103862 0.10489154607057571 357
1717660110486 0.12091076374053955 358
1717660117406 0.09877581894397736 359
1717660123610 0.09693551063537598 360
1717660165149 0.08894753456115723 361
1717660171027 0.1161138117313385 362
1717660178996 0.13966234028339386 363
1717660184973 0.07947447896003723 364
1717660190690 0.0536324605345726 365
1717660196650 0.1099492684006691 366
1717660202567 0.07572001218795776 367
1717660208656 0.09707099199295044 368
1717660214840 0.08290611207485199 369
1717660221007 0.07602548599243164 370
1717660227892 0.11314363032579422 371
1717660235199 0.09327472001314163 372
1717660241601 0.07535694539546967 373
1717660288751 0.0930560976266861 374
1717660295511 0.08414512872695923 375
1717660302232 0.07027876377105713 376
1717660309297 0.07158789038658142 377
1717660316689 0.06025185063481331 378
1717660323802 0.0886017456650734 379
1717660330311 0.08348418027162552 380
1717660336745 0.06996934860944748 381
1717660342820 0.06745678931474686 382
1717660349161 0.09524407982826233 383
1717660391100 0.08291429281234741 384
1717660397176 0.10233169794082642 385
1717660403508 0.08935094624757767 386
1717660409767 0.10312523692846298 387
1717660415794 0.10175643861293793 388
1717660421820 0.08702519536018372 389
1717660427817 0.11342170089483261 390
1717660433796 0.09915582835674286 391
1717660440392 0.15055851638317108 392
1717660446691 0.08451570570468903 393
1717660488161 0.12373849004507065 394
1717660494140 0.1198723241686821 395
1717660502605 0.08281000703573227 396
1717660509486 0.05664139613509178 397
1717660516325 0.1267811805009842 398
1717660522629 0.08429701626300812 399
1717660529067 0.06794390082359314 400
1717660535389 0.09764230996370316 401
1717660541697 0.09768780320882797 402
1717660548067 0.06866490095853806 403
1717660554296 0.062472306191921234 404
1717660560745 0.11372818052768707 405
1717660567379 0.0868980884552002 406
1717660610086 0.06079712510108948 407
1717660616272 0.07334964722394943 408
1717660622697 0.05498781427741051 409
1717660629272 0.07846386730670929 410
1717660635576 0.07935088872909546 411
1717660641966 0.06515919417142868 412
1717660648520 0.0922384113073349 413
1717660654625 0.07959196716547012 414
1717660660809 0.08502529561519623 415
1717660666945 0.0726986899971962 416
1717660709427 0.06583093106746674 417
1717660716145 0.09229453653097153 418
1717660722291 0.06835120171308517 419
1717660728537 0.10115596652030945 420
1717660734594 0.09045170247554779 421
1717660740904 0.12050238251686096 422
1717660747523 0.08425676822662354 423
1717660753845 0.09048279374837875 424
1717660760232 0.07763180881738663 425
1717660766729 0.11214257031679153 426
1717660808953 0.08584704250097275 427
1717660815060 0.07210227847099304 428
1717660824042 0.10232903063297272 429
1717660831151 0.07211989909410477 430
1717660837530 0.06830554455518723 431
1717660843793 0.0690074935555458 432
1717660850008 0.05740839242935181 433
1717660856486 0.08489532023668289 434
1717660862731 0.06392209976911545 435
1717660869133 0.07083411514759064 436
1717660875272 0.06427241861820221 437
1717660881607 0.13341453671455383 438
1717660887743 0.07363595813512802 439
1717660929385 0.10965387523174286 440
1717660935441 0.09644415974617004 441
1717660942188 0.05765199661254883 442
1717660949336 0.14612977206707 443
1717660956628 0.13511009514331818 444
1717660963207 0.10983175784349442 445
1717660969492 0.1280941218137741 446
1717660975628 0.09778231382369995 447
1717660981858 0.1357218623161316 448
1717660988012 0.10181396454572678 449
1717661029935 0.11436440050601959 450
1717661036215 0.12500621378421783 451
1717661042248 0.10842505842447281 452
1717661048230 0.14289547502994537 453
1717661054229 0.1387302130460739 454
1717661060328 0.08988544344902039 455
1717661066527 0.0935208648443222 456
1717661073178 0.11812355369329453 457
1717661079713 0.08547806739807129 458
1717661086341 0.12377943098545074 459
1717661128283 0.09480658173561096 460
1717661134615 0.09744785726070404 461
1717661143079 0.07883584499359131 462
1717661149478 0.060606107115745544 463
1717661155787 0.08838526904582977 464
1717661162155 0.0761193260550499 465
1717661168542 0.059486377984285355 466
1717661174944 0.10600418597459793 467
1717661181204 0.07448507100343704 468
1717661187497 0.10954577475786209 469
1717661193663 0.06416235119104385 470
1717661199909 0.08960982412099838 471
1717661206248 0.09479580819606781 472
1717661248324 0.08496056497097015 473
1717661254666 0.06217711791396141 474
1717661261394 0.06085740402340889 475
1717661267903 0.10370787233114243 476
1717661274634 0.0883595421910286 477
1717661281706 0.07034295052289963 478
1717661288668 0.07010586559772491 479
1717661295506 0.06331931799650192 480
1717661303112 0.055848125368356705 481
1717661309855 0.09071987867355347 482
