1717611949982 0.714179277420044 1
1717611955461 0.7000293731689453 2
1717611960220 0.693999707698822 3
1717611965232 0.6966254711151123 4
1717611970801 0.6914944052696228 5
1717611975494 0.6896469593048096 6
1717611980183 0.687804639339447 7
1717611985369 0.6832230091094971 8
1717611991296 0.677092432975769 9
1717611997400 0.6695825457572937 10
1717612011921 0.6488213539123535 11
1717612019059 0.645818293094635 12
1717612026133 0.6309294700622559 13
1717612032265 0.6447626352310181 14
1717612038109 0.6255384683609009 15
1717612044344 0.6253054738044739 16
1717612049370 0.6206458210945129 17
1717612055123 0.5982552170753479 18
1717612059537 0.6104405522346497 19
1717612063458 0.5649656653404236 20
1717612075907 0.573697030544281 21
1717612079871 0.5628496408462524 22
1717612084734 0.6107850074768066 23
1717612089071 0.5690228343009949 24
1717612094403 0.5860019326210022 25
1717612099191 0.6017699837684631 26
1717612104841 0.5672224760055542 27
1717612109808 0.550589382648468 28
1717612114492 0.5795750617980957 29
1717612118876 0.5015038847923279 30
1717612132107 0.5677523612976074 31
1717612137145 0.5531185269355774 32
1717612141908 0.5163502097129822 33
1717612146021 0.47148269414901733 34
1717612149839 0.4375252425670624 35
1717612153101 0.40172308683395386 36
1717612155963 0.40587231516838074 37
1717612158447 0.41199323534965515 38
1717612160987 0.4825986623764038 39
1717612164075 0.39907893538475037 40
1717612168537 0.37350279092788696 41
1717612173137 0.40587371587753296 42
1717612177592 0.4060501158237457 43
1717612191089 0.4185934066772461 44
1717612196465 0.4098902940750122 45
1717612201729 0.38083359599113464 46
1717612206888 0.5298060774803162 47
1717612210826 0.37014299631118774 48
1717612215813 0.37232455611228943 49
1717612220329 0.395502507686615 50
1717612224895 0.38515833020210266 51
1717612229294 0.40948063135147095 52
1717612233982 0.3928494155406952 53
1717612246469 0.3955526649951935 54
1717612251064 0.36882761120796204 55
1717612254809 0.3683544993400574 56
1717612258780 0.3861303925514221 57
1717612262698 0.37856999039649963 58
1717612265709 0.408786416053772 59
1717612268980 0.4353138506412506 60
1717612272597 0.46154555678367615 61
1717612276594 0.3971693217754364 62
1717612279494 0.3832627236843109 63
1717612286306 0.4480259120464325 64
1717612288437 0.4052799642086029 65
1717612291023 0.48077285289764404 66
1717612293079 0.3607215881347656 67
1717612295260 0.3575131893157959 68
1717612297385 0.33688420057296753 69
1717612299730 0.4260672926902771 70
1717612302059 0.3590349853038788 71
1717612304312 0.32964417338371277 72
1717612306968 0.33042412996292114 73
1717612309235 0.35053086280822754 74
1717612311972 0.35395753383636475 75
1717612315153 0.3325001001358032 76
1717612326732 0.3418021500110626 77
1717612329607 0.2482547014951706 78
1717612332189 0.3327478766441345 79
1717612335112 0.2682906687259674 80
1717612337800 0.24483346939086914 81
1717612340816 0.2751566767692566 82
1717612344445 0.26600340008735657 83
1717612348069 0.2923043668270111 84
1717612351867 0.256333589553833 85
1717612355399 0.319602370262146 86
1717612367468 0.28850212693214417 87
1717612370384 0.29125484824180603 88
1717612373868 0.2536330819129944 89
1717612376879 0.28457286953926086 90
1717612380975 0.2670999765396118 91
1717612384884 0.30207303166389465 92
1717612388572 0.25367993116378784 93
1717612392551 0.2701258957386017 94
1717612396057 0.2803245186805725 95
1717612399656 0.2584322988986969 96
1717612412159 0.2327229380607605 97
1717612416131 0.27282315492630005 98
1717612420979 0.24786974489688873 99
1717612424596 0.1992395520210266 100
1717612427821 0.19425931572914124 101
1717612431565 0.21447715163230896 102
1717612434976 0.2079658806324005 103
1717612438424 0.21706239879131317 104
1717612441840 0.1876540184020996 105
1717612445161 0.17571942508220673 106
1717612448441 0.15059319138526917 107
1717612451960 0.17787645757198334 108
1717612455688 0.18809406459331512 109
1717612467797 0.12668870389461517 110
1717612471693 0.18329466879367828 111
1717612475330 0.15059737861156464 112
1717612479404 0.19652476906776428 113
1717612483268 0.19509251415729523 114
1717612487080 0.14591652154922485 115
1717612490888 0.19324958324432373 116
1717612494736 0.19682233035564423 117
1717612498684 0.17520900070667267 118
1717612502592 0.14278379082679749 119
1717612511019 0.16229473054409027 120
1717612514464 0.1794297695159912 121
1717612517633 0.17642150819301605 122
1717612521333 0.19594161212444305 123
1717612524634 0.1700964868068695 124
1717612528270 0.18071386218070984 125
1717612531742 0.17146818339824677 126
1717612535684 0.18870006501674652 127
1717612539027 0.20416104793548584 128
1717612542351 0.16872894763946533 129
1717612554257 0.17434105277061462 130
1717612557450 0.1848883479833603 131
1717612561614 0.1588600128889084 132
1717612564581 0.10735028237104416 133
1717612567796 0.1121838167309761 134
1717612571009 0.11208945512771606 135
1717612573932 0.14167293906211853 136
1717612576928 0.09172141551971436 137
1717612580273 0.12304858863353729 138
1717612583984 0.09556090086698532 139
1717612586995 0.12079071998596191 140
1717612590021 0.11289248615503311 141
1717612593793 0.10281126201152802 142
1717612606459 0.11850829422473907 143
1717612609744 0.11066044867038727 144
1717612613142 0.08247707784175873 145
1717612616166 0.11504756659269333 146
1717612619146 0.08590027689933777 147
1717612622156 0.1250750869512558 148
1717612625323 0.13451513648033142 149
1717612628483 0.07850886136293411 150
1717612631577 0.11784093081951141 151
1717612634767 0.101693294942379 152
1717612642911 0.11474820971488953 153
1717612646008 0.07745646685361862 154
1717612649714 0.12646950781345367 155
1717612653028 0.12855948507785797 156
1717612656394 0.10852159559726715 157
1717612659538 0.14317217469215393 158
1717612662889 0.11317426711320877 159
1717612666072 0.14467884600162506 160
1717612669276 0.10700520873069763 161
1717612672666 0.11995229125022888 162
1717612680515 0.11828237026929855 163
1717612683963 0.12221011519432068 164
1717612687727 0.14442017674446106 165
1717612691399 0.0701298862695694 166
1717612695169 0.06889757513999939 167
1717612698451 0.045009858906269073 168
1717612702091 0.08704390376806259 169
1717612704843 0.06781506538391113 170
1717612708257 0.05136449262499809 171
1717612711615 0.05404198169708252 172
1717612714941 0.07307940721511841 173
1717612717641 0.06971047073602676 174
1717612720046 0.09816916286945343 175
1717612727124 0.03567870333790779 176
1717612728978 0.07926053553819656 177
1717612730704 0.0651768371462822 178
1717612732356 0.0674590915441513 179
1717612733962 0.0590495727956295 180
1717612735569 0.06906218826770782 181
1717612737160 0.05102317035198212 182
1717612738750 0.059868477284908295 183
1717612740363 0.07326484471559525 184
1717612741955 0.05272163078188896 185
1717612748319 0.05902838334441185 186
1717612750062 0.08922645449638367 187
1717612751698 0.08230282366275787 188
1717612753297 0.07616884261369705 189
1717612754893 0.0867365151643753 190
1717612756501 0.08270545303821564 191
1717612758088 0.0760737732052803 192
1717612759673 0.05830376595258713 193
1717612761253 0.12866628170013428 194
1717612762814 0.07244531065225601 195
1717612769367 0.12685973942279816 196
1717612770953 0.06863391399383545 197
1717612773045 0.11888980865478516 198
1717612774696 0.04818914830684662 199
1717612776377 0.04972665756940842 200
1717612778057 0.05826827883720398 201
1717612779741 0.03271359205245972 202
1717612781608 0.0597597174346447 203
1717612783477 0.04073074087500572 204
1717612785344 0.03724733367562294 205
1717612787349 0.061047594994306564 206
1717612789298 0.05679653584957123 207
1717612791169 0.034929968416690826 208
1717612797631 0.058458514511585236 209
1717612799343 0.027447884902358055 210
1717612801048 0.049568142741918564 211
1717612802693 0.04050659015774727 212
1717612804316 0.04481622204184532 213
1717612806014 0.05906493589282036 214
1717612807807 0.048742640763521194 215
1717612809496 0.07967770844697952 216
1717612811157 0.04154089093208313 217
1717612812837 0.06431229412555695 218
1717612819457 0.03205631300806999 219
1717612821148 0.04400397092103958 220
1717612822828 0.044026751071214676 221
1717612824539 0.03564757481217384 222
1717612826236 0.05278269201517105 223
1717612827887 0.058052562177181244 224
1717612829758 0.07375717163085938 225
1717612831727 0.07624421268701553 226
1717612833788 0.083671934902668 227
1717612835555 0.07354068756103516 228
1717612842469 0.05530371516942978 229
1717612844262 0.09014067053794861 230
1717612846368 0.054049301892519 231
1717612848004 0.100365050137043 232
1717612849639 0.04087330773472786 233
1717612851337 0.03450002148747444 234
1717612853019 0.060982927680015564 235
1717612854738 0.0545891672372818 236
1717612856379 0.04066399484872818 237
1717612858007 0.11760402470827103 238
1717612859623 0.029420550912618637 239
1717612861321 0.06732495129108429 240
1717612863014 0.020893486216664314 241
1717612869768 0.028748858720064163 242
1717612871421 0.04601544886827469 243
1717612873055 0.03965691477060318 244
1717612874707 0.03399510681629181 245
1717612876308 0.023408085107803345 246
1717612877973 0.02580009587109089 247
1717612879586 0.0701894611120224 248
1717612881211 0.038110654801130295 249
1717612882821 0.03428594022989273 250
1717612884449 0.03043367713689804 251
