1717345081682 0.6980876922607422 1
1717345081798 0.697486400604248 2
1717345081865 0.6940674781799316 3
1717345081948 0.6967170238494873 4
1717345082032 0.6994104385375977 5
1717345082081 0.6918345093727112 6
1717345082197 0.7000779509544373 7
1717345082291 0.6955130100250244 8
1717345082365 0.6944345235824585 9
1717345082465 0.6947858333587646 10
1717345085810 0.6952347755432129 11
1717345085930 0.6918849349021912 12
1717345086028 0.6926335096359253 13
1717345086132 0.6916617155075073 14
1717345086193 0.6939100027084351 15
1717345086310 0.6950717568397522 16
1717345086423 0.694307804107666 17
1717345086525 0.693371593952179 18
1717345086625 0.6972900032997131 19
1717345086740 0.6941340565681458 20
1717345087192 0.6935549974441528 21
1717345087260 0.691949725151062 22
1717345087360 0.6911632418632507 23
1717345087460 0.6930904984474182 24
1717345087558 0.692002534866333 25
1717345087623 0.694980263710022 26
1717345087692 0.6939452290534973 27
1717345087773 0.6925419569015503 28
1717345087882 0.6956955194473267 29
1717345087943 0.693669319152832 30
1717345088420 0.69715416431427 31
1717345088498 0.6956312656402588 32
1717345088599 0.6938027143478394 33
1717345088702 0.6937230229377747 34
1717345088792 0.6935368776321411 35
1717345088871 0.6949533224105835 36
1717345088949 0.6935340762138367 37
1717345089041 0.6938117146492004 38
1717345089135 0.6959837675094604 39
1717345089240 0.6926080584526062 40
1717345092619 0.692970335483551 41
1717345092728 0.6925255060195923 42
1717345092795 0.6938812732696533 43
1717345092871 0.6930638551712036 44
1717345092980 0.6909295320510864 45
1717345093054 0.6922573447227478 46
1717345093164 0.6921161413192749 47
1717345093278 0.6921807527542114 48
1717345093383 0.6932776570320129 49
1717345093492 0.6942722797393799 50
