1717428155912 0.7010055780410767 1
1717428156084 0.6970605850219727 2
1717428156277 0.6961240768432617 3
1717428156561 0.6932580471038818 4
1717428156761 0.6930344104766846 5
1717428156924 0.6909458041191101 6
1717428157134 0.693315327167511 7
1717428157293 0.6898707747459412 8
1717428157472 0.6963046789169312 9
1717428157660 0.6992784142494202 10
1717428164256 0.6969038248062134 11
1717428164423 0.6933513283729553 12
1717428164608 0.6926637291908264 13
1717428164781 0.6943290829658508 14
1717428164947 0.6909979581832886 15
1717428165119 0.694509744644165 16
1717428165294 0.6947261095046997 17
1717428165497 0.6907550692558289 18
1717428165672 0.6905598640441895 19
1717428165847 0.6966381669044495 20
1717428169568 0.6941341161727905 21
1717428169748 0.6948236227035522 22
1717428169941 0.6944090127944946 23
1717428170112 0.6953288316726685 24
1717428170282 0.6921298503875732 25
1717428170453 0.6928579807281494 26
1717428170676 0.6939062476158142 27
1717428170865 0.6934884190559387 28
1717428171043 0.6925210952758789 29
1717428171214 0.6923746466636658 30
1717428172005 0.6928024291992188 31
1717428172185 0.6943021416664124 32
1717428172359 0.6928194761276245 33
1717428172529 0.6957962512969971 34
1717428172692 0.6927170753479004 35
1717428172881 0.694230854511261 36
1717428173053 0.6905133128166199 37
1717428173234 0.6949179172515869 38
1717428173414 0.6932078003883362 39
1717428173580 0.6935006380081177 40
1717428177462 0.6928414106369019 41
1717428177656 0.6926931142807007 42
1717428177828 0.6936455965042114 43
1717428177995 0.694161057472229 44
1717428178169 0.6930608749389648 45
1717428178361 0.6925560235977173 46
1717428178544 0.6939440965652466 47
1717428178714 0.6923827528953552 48
1717428178894 0.6924000382423401 49
1717428179060 0.6927009224891663 50
1717428179814 0.6935245394706726 51
1717428180030 0.6937437057495117 52
1717428180208 0.6934588551521301 53
1717428180396 0.6935511827468872 54
1717428180573 0.6934235692024231 55
1717428180740 0.6935060024261475 56
1717428180913 0.6930773854255676 57
1717428181085 0.6933999061584473 58
1717428181264 0.6922506093978882 59
1717428181425 0.6933179497718811 60
1717428185271 0.6925470232963562 61
1717428185439 0.6933348774909973 62
1717428185605 0.6930064558982849 63
1717428185772 0.6928295493125916 64
1717428185986 0.6919739246368408 65
1717428186156 0.692762017250061 66
1717428186334 0.6934548616409302 67
1717428186503 0.6919304728507996 68
1717428186667 0.6936461925506592 69
1717428186838 0.6937174201011658 70
1717428187610 0.6946878433227539 71
1717428187788 0.6927890777587891 72
1717428187966 0.6929914355278015 73
1717428188137 0.6927053332328796 74
1717428188320 0.6925067901611328 75
1717428188487 0.6927914619445801 76
1717428188659 0.6937040090560913 77
1717428188828 0.6934813857078552 78
1717428188999 0.6939657330513 79
1717428189165 0.6928337216377258 80
1717428189918 0.6920925974845886 81
1717428190085 0.693501889705658 82
1717428190251 0.6922970414161682 83
1717428190418 0.6929990649223328 84
1717428190584 0.6933722496032715 85
1717428190751 0.6916895508766174 86
1717428190935 0.6935802102088928 87
1717428191110 0.6911597847938538 88
1717428191284 0.6925382018089294 89
1717428191453 0.6933266520500183 90
1717428192180 0.6934607028961182 91
1717428192349 0.6978309750556946 92
1717428192533 0.6926441192626953 93
1717428192703 0.6923494935035706 94
1717428192903 0.6934636831283569 95
1717428193075 0.6917531490325928 96
1717428193249 0.6951989531517029 97
1717428193415 0.6931393146514893 98
1717428193582 0.6920076012611389 99
1717428193763 0.6930947303771973 100
1717428194498 0.6950350999832153 101
1717428194660 0.692380428314209 102
1717428194839 0.6905032992362976 103
1717428195015 0.6918163895606995 104
1717428195190 0.6919813752174377 105
1717428195362 0.6942795515060425 106
1717428195543 0.6967530846595764 107
1717428195726 0.6927453279495239 108
1717428195902 0.6950878500938416 109
1717428196071 0.6949849724769592 110
1717428199689 0.6929426193237305 111
1717428199854 0.6926190257072449 112
1717428200031 0.6942524909973145 113
1717428200373 0.6939126253128052 114
1717428200563 0.6925992369651794 115
1717428200741 0.6920561194419861 116
1717428200917 0.6934589743614197 117
1717428201118 0.6928975582122803 118
1717428201294 0.6930874586105347 119
1717428201457 0.6943670511245728 120
1717428202243 0.6936829090118408 121
1717428202451 0.6931408047676086 122
1717428202623 0.6931352615356445 123
1717428202810 0.6928914189338684 124
1717428202990 0.6926980018615723 125
1717428203162 0.6943086385726929 126
1717428203335 0.6920674443244934 127
1717428203523 0.6920183300971985 128
1717428203706 0.6939589381217957 129
1717428203873 0.6896510720252991 130
1717428204654 0.6932424902915955 131
1717428204847 0.6914492845535278 132
1717428205028 0.6943706274032593 133
1717428205201 0.6940587162971497 134
1717428205369 0.6912510395050049 135
1717428205544 0.6910845041275024 136
1717428205716 0.6945366859436035 137
1717428205888 0.6957674622535706 138
1717428206069 0.6927183866500854 139
1717428206244 0.6929256916046143 140
1717428207003 0.6926466226577759 141
1717428207183 0.692741334438324 142
1717428207353 0.692237138748169 143
1717428207531 0.6886168718338013 144
1717428207704 0.6929406523704529 145
1717428207880 0.695340096950531 146
1717428208052 0.6972015500068665 147
1717428208231 0.6950044631958008 148
1717428208395 0.6949734091758728 149
1717428208577 0.6900302767753601 150
1717428209345 0.6924943923950195 151
1717428209536 0.6904403567314148 152
1717428209706 0.6925084590911865 153
1717428209884 0.6911641955375671 154
1717428210072 0.6947410702705383 155
1717428210253 0.6924160718917847 156
1717428210427 0.6926377415657043 157
1717428210594 0.6925796270370483 158
1717428210767 0.6925309896469116 159
1717428210950 0.6921688914299011 160
1717428214728 0.6922374367713928 161
1717428214980 0.6930259466171265 162
1717428215152 0.6927385330200195 163
1717428215330 0.6938232779502869 164
1717428215507 0.6955368518829346 165
1717428215661 0.690595805644989 166
1717428215848 0.6924447417259216 167
1717428216037 0.6925746202468872 168
1717428216203 0.6944630146026611 169
1717428216379 0.6923171877861023 170
1717428217298 0.6907532811164856 171
1717428217513 0.6938477754592896 172
1717428217679 0.6924254298210144 173
1717428217860 0.6944609880447388 174
1717428218045 0.693164050579071 175
1717428218235 0.6950938701629639 176
1717428218408 0.6920548677444458 177
1717428218579 0.6909681558609009 178
1717428218760 0.6925750970840454 179
1717428218941 0.6939988136291504 180
1717428219675 0.6932693719863892 181
1717428219861 0.6935945153236389 182
1717428220026 0.6922342777252197 183
1717428220192 0.693297266960144 184
1717428220378 0.6922081708908081 185
1717428220612 0.6926016807556152 186
1717428220775 0.6937329173088074 187
1717428221063 0.6921222805976868 188
1717428221325 0.6928362250328064 189
1717428221495 0.6924846768379211 190
1717428222307 0.6931552886962891 191
1717428222478 0.6950082182884216 192
1717428222640 0.6941497325897217 193
1717428222973 0.6920100450515747 194
1717428223142 0.6933693289756775 195
1717428223324 0.6944339275360107 196
1717428223506 0.6917546391487122 197
1717428223688 0.69254070520401 198
1717428223856 0.6936098337173462 199
1717428224051 0.6901681423187256 200
1717428224812 0.6949621438980103 201
1717428224971 0.6924043893814087 202
1717428225157 0.6922413110733032 203
1717428225322 0.6916816830635071 204
1717428225491 0.692902684211731 205
1717428225655 0.6919400691986084 206
1717428225872 0.6901310682296753 207
1717428226054 0.6929780840873718 208
1717428226223 0.6912173628807068 209
1717428226406 0.6947959065437317 210
1717428230153 0.6923739910125732 211
1717428230335 0.6936015486717224 212
1717428230507 0.6922205090522766 213
1717428230684 0.6910892128944397 214
1717428230860 0.6899623274803162 215
1717428231033 0.6873767971992493 216
1717428231209 0.6916351914405823 217
1717428231377 0.696009635925293 218
1717428231565 0.6965433955192566 219
1717428231753 0.6935470700263977 220
1717428232519 0.6962859034538269 221
1717428232677 0.6892003417015076 222
1717428232858 0.6914674043655396 223
1717428233016 0.6922972202301025 224
1717428233234 0.6887471079826355 225
1717428233406 0.6921955347061157 226
1717428233583 0.6930504441261292 227
1717428233759 0.69145667552948 228
1717428233942 0.6929535865783691 229
1717428234115 0.6958745718002319 230
1717428234904 0.6907563805580139 231
1717428235074 0.6951759457588196 232
1717428235247 0.6937044262886047 233
1717428235428 0.6894068121910095 234
1717428235597 0.6908565759658813 235
1717428235780 0.6925836801528931 236
1717428235973 0.6903866529464722 237
1717428236146 0.6931008100509644 238
1717428236323 0.6948047280311584 239
1717428236494 0.6903221607208252 240
1717428237265 0.6933214664459229 241
1717428237424 0.6905913352966309 242
1717428237613 0.6930117011070251 243
1717428237787 0.6938493847846985 244
1717428237962 0.691709041595459 245
1717428238132 0.6946038007736206 246
1717428238307 0.6920848488807678 247
1717428238495 0.6916194558143616 248
1717428238667 0.6938024163246155 249
1717428238840 0.6906808018684387 250
1717428239622 0.6930853128433228 251
1717428239823 0.6912147998809814 252
1717428240010 0.6901658177375793 253
1717428240195 0.6947898268699646 254
1717428240375 0.6919263601303101 255
1717428240542 0.6927042007446289 256
1717428240717 0.6932439208030701 257
1717428240904 0.6917128562927246 258
1717428241083 0.6885383129119873 259
1717428241292 0.6943788528442383 260
1717428242058 0.6913697123527527 261
1717428242229 0.6934582591056824 262
1717428242400 0.6910192966461182 263
1717428242589 0.69089275598526 264
1717428242760 0.6924232840538025 265
1717428242928 0.6898899078369141 266
1717428243123 0.6898685693740845 267
1717428243310 0.6961696743965149 268
1717428243470 0.693150520324707 269
1717428243649 0.696465253829956 270
1717428244406 0.6969705820083618 271
1717428244585 0.6950048804283142 272
1717428244789 0.6940585970878601 273
1717428244955 0.6917320489883423 274
1717428245122 0.692321240901947 275
1717428245304 0.6911895275115967 276
1717428245474 0.6923113465309143 277
1717428245647 0.6888217329978943 278
1717428245819 0.6919876337051392 279
1717428245991 0.6915426254272461 280
1717428246729 0.6929020881652832 281
1717428246899 0.6961390376091003 282
1717428247083 0.6922872066497803 283
1717428247253 0.6921178102493286 284
1717428247441 0.69037926197052 285
1717428247618 0.6922571659088135 286
1717428247804 0.6907781362533569 287
1717428247968 0.6906596422195435 288
1717428248154 0.6931461691856384 289
1717428248320 0.6953518390655518 290
1717428249082 0.6892454624176025 291
1717428249279 0.695235550403595 292
1717428249441 0.6955377459526062 293
1717428249628 0.6961544156074524 294
1717428249804 0.6983730792999268 295
1717428249983 0.6909319162368774 296
1717428250151 0.6929931044578552 297
1717428250334 0.6916298270225525 298
1717428250506 0.6914939284324646 299
1717428250677 0.6928763389587402 300
1717428251433 0.6913999915122986 301
1717428251612 0.6922838091850281 302
1717428251799 0.6930325031280518 303
1717428251979 0.6927492022514343 304
1717428252173 0.6933591365814209 305
1717428252416 0.6933601498603821 306
1717428252602 0.6941832304000854 307
1717428252766 0.6912309527397156 308
1717428252932 0.6936883330345154 309
1717428253099 0.6926923394203186 310
1717428253874 0.6935424208641052 311
1717428254047 0.692021369934082 312
1717428254213 0.6923933029174805 313
1717428254398 0.6929724216461182 314
1717428254562 0.6908103823661804 315
1717428254746 0.6924150586128235 316
1717428254914 0.6948831677436829 317
1717428255079 0.6936603784561157 318
1717428255272 0.6915708184242249 319
1717428255436 0.691977322101593 320
1717428256179 0.6906024813652039 321
1717428256358 0.6915355324745178 322
1717428256520 0.6930744051933289 323
1717428256692 0.6939890384674072 324
1717428256872 0.6909683346748352 325
1717428257075 0.6907159090042114 326
1717428257247 0.6915269494056702 327
1717428257425 0.6939001083374023 328
1717428257597 0.6924669742584229 329
1717428257785 0.6959257125854492 330
1717428258549 0.6924463510513306 331
1717428258724 0.6946037411689758 332
1717428258910 0.6945245265960693 333
1717428259077 0.6931727528572083 334
1717428259245 0.6952134966850281 335
1717428259410 0.6919505596160889 336
1717428259591 0.6921960711479187 337
1717428259807 0.6941959857940674 338
1717428259979 0.6925652623176575 339
1717428260157 0.6911004185676575 340
1717428260892 0.6963942646980286 341
1717428261091 0.693993330001831 342
1717428261293 0.6914714574813843 343
1717428261461 0.6939154267311096 344
1717428261632 0.6932098269462585 345
1717428261820 0.6920031309127808 346
1717428261984 0.6913519501686096 347
1717428262187 0.6926606893539429 348
1717428262367 0.6922124028205872 349
1717428262573 0.6926599144935608 350
1717428263522 0.6918145418167114 351
1717428263671 0.6932864189147949 352
1717428263840 0.6966527700424194 353
1717428264040 0.6898629069328308 354
1717428264240 0.6910660266876221 355
1717428264423 0.6939575672149658 356
1717428264590 0.6969000697135925 357
1717428264753 0.6960606575012207 358
1717428264941 0.6881016492843628 359
1717428265104 0.6897580623626709 360
1717428265867 0.6921618580818176 361
1717428266049 0.6919362545013428 362
1717428266221 0.6895190477371216 363
1717428266384 0.696984052658081 364
1717428266622 0.687212347984314 365
1717428266785 0.6949713230133057 366
1717428266971 0.6926974058151245 367
1717428267155 0.693718433380127 368
1717428267318 0.6924707293510437 369
1717428267503 0.6988269686698914 370
1717428268253 0.6915208101272583 371
1717428268469 0.6915048956871033 372
1717428268652 0.690981924533844 373
1717428268818 0.6904011368751526 374
1717428269001 0.6933873891830444 375
1717428269173 0.6932041049003601 376
1717428269365 0.6922944784164429 377
1717428269537 0.6882659792900085 378
1717428269702 0.6945064067840576 379
1717428269885 0.6922627091407776 380
1717428270645 0.6924821138381958 381
1717428270849 0.6901624798774719 382
1717428271011 0.6958854794502258 383
1717428271182 0.6939331293106079 384
1717428271360 0.6921802163124084 385
1717428271532 0.693112313747406 386
1717428271696 0.6968972086906433 387
1717428271877 0.6922580003738403 388
1717428272064 0.6930972933769226 389
1717428272249 0.6929301023483276 390
1717428272999 0.6900454759597778 391
1717428273178 0.6921604871749878 392
1717428273359 0.6925075054168701 393
1717428273528 0.6938157081604004 394
1717428273700 0.6897320747375488 395
1717428273887 0.692850649356842 396
1717428274082 0.6941321492195129 397
1717428274247 0.686983048915863 398
1717428274464 0.6951515078544617 399
1717428274631 0.6953034996986389 400
1717428275413 0.6915645599365234 401
1717428275596 0.6944622993469238 402
1717428275765 0.6922160387039185 403
1717428275929 0.6915073394775391 404
1717428276107 0.6937904953956604 405
1717428276296 0.6947715282440186 406
1717428276475 0.6933751106262207 407
1717428276650 0.6932892799377441 408
1717428276806 0.6949129104614258 409
1717428276996 0.6921166777610779 410
1717428277729 0.6912592649459839 411
1717428277911 0.6922232508659363 412
1717428278078 0.6939809322357178 413
1717428278245 0.6879845857620239 414
1717428278427 0.6912310719490051 415
1717428278601 0.6914215087890625 416
1717428278761 0.6909237504005432 417
1717428278944 0.6952650547027588 418
1717428279111 0.694551408290863 419
1717428279283 0.6923626661300659 420
1717428280030 0.6936240196228027 421
1717428280213 0.6873785853385925 422
1717428280410 0.6897456049919128 423
1717428280573 0.6915189623832703 424
1717428280750 0.6907110214233398 425
1717428280927 0.6948869824409485 426
1717428281107 0.6933685541152954 427
1717428281306 0.694568395614624 428
1717428281480 0.6998410820960999 429
1717428281642 0.6900086402893066 430
1717428282756 0.694664478302002 431
1717428282917 0.6921908855438232 432
1717428283096 0.6924515962600708 433
1717428283273 0.6930352449417114 434
1717428283452 0.6940324306488037 435
1717428283623 0.6927670240402222 436
1717428283807 0.6908376812934875 437
1717428283975 0.6930509805679321 438
1717428284125 0.6963972449302673 439
1717428284240 0.6937602162361145 440
