1717620845683 0.8801001310348511 1
1717620846475 0.8681722283363342 2
1717620847496 0.8623038530349731 3
1717620848537 0.8052121996879578 4
1717620849825 0.7934668064117432 5
1717620851107 0.7770791053771973 6
1717620852389 0.770111620426178 7
1717620853690 0.7843300700187683 8
1717620854827 0.7390801310539246 9
1717620856078 0.7337891459465027 10
1717620867864 0.7207528352737427 11
1717620868719 0.7252305150032043 12
1717620869516 0.7140669226646423 13
1717620870411 0.7094908952713013 14
1717620871444 0.7291027903556824 15
1717620872424 0.7061035633087158 16
1717620873743 0.7227126955986023 17
1717620874961 0.7197694182395935 18
1717620876176 0.7133511900901794 19
1717620877435 0.6999948620796204 20
1717620882815 0.7054357528686523 21
1717620884184 0.7028878927230835 22
1717620885377 0.7120282053947449 23
1717620886710 0.7050603628158569 24
1717620887936 0.7003604769706726 25
1717620888960 0.7056417465209961 26
1717620890366 0.6956782341003418 27
1717620891608 0.6965046525001526 28
1717620892815 0.6953526735305786 29
1717620893974 0.6921036839485168 30
1717620895252 0.6951059103012085 31
1717620896290 0.6932594180107117 32
1717620897554 0.6961073875427246 33
1717620898754 0.6935020685195923 34
1717620899859 0.6935383081436157 35
1717620900982 0.6920686960220337 36
1717620904870 0.6948731541633606 37
1717620906041 0.6970170140266418 38
1717620907310 0.6976465582847595 39
1717620908449 0.6934587359428406 40
1717620909608 0.6959314942359924 41
1717620910795 0.6932678818702698 42
1717620911948 0.6925673484802246 43
1717620913266 0.6931929588317871 44
1717620914568 0.6926231384277344 45
1717620915685 0.6961732506752014 46
1717620920071 0.6937115788459778 47
1717620921274 0.692650318145752 48
1717620922412 0.6933156847953796 49
1717620923581 0.6931388974189758 50
1717620924842 0.6932193040847778 51
1717620925678 0.6930934190750122 52
1717620927031 0.6943448185920715 53
1717620928199 0.6931540966033936 54
1717620929464 0.6939437985420227 55
1717620930711 0.6934981942176819 56
1717620931973 0.6930942535400391 57
1717620933219 0.6925665736198425 58
1717620934350 0.6935686469078064 59
1717620935486 0.693524956703186 60
1717620936617 0.6941578388214111 61
1717620937935 0.6928769946098328 62
1717620949062 0.6927865743637085 63
1717620950304 0.6928759813308716 64
1717620951416 0.6933258175849915 65
1717620952459 0.6929764151573181 66
1717620953689 0.6929771900177002 67
1717620954998 0.6932081580162048 68
1717620956205 0.693390429019928 69
1717620957678 0.6931321024894714 70
1717620958841 0.6926738619804382 71
1717620959904 0.6940481662750244 72
1717620964229 0.69351726770401 73
1717620965652 0.6930938959121704 74
1717620967134 0.6937253475189209 75
1717620968969 0.6928003430366516 76
1717620970698 0.6929963827133179 77
1717620971670 0.6930975317955017 78
1717620973059 0.6933384537696838 79
1717620974537 0.6933804750442505 80
1717620976247 0.6933102607727051 81
1717620977890 0.6934656500816345 82
1717620979446 0.6931217312812805 83
1717620980792 0.6933720707893372 84
1717620982281 0.6928375363349915 85
1717620983636 0.6933693885803223 86
1717620984989 0.6933999061584473 87
1717620986347 0.6933718323707581 88
1717620991702 0.6928040981292725 89
1717620992938 0.6930914521217346 90
1717620994166 0.6926246881484985 91
1717620995746 0.6926056146621704 92
1717620997454 0.6939645409584045 93
1717620999075 0.6935843825340271 94
1717621000444 0.6948876976966858 95
1717621001942 0.6934561729431152 96
1717621003361 0.6932218670845032 97
1717621004834 0.6930848956108093 98
1717621010134 0.6932202577590942 99
1717621011421 0.6934303641319275 100
1717621013025 0.6939393281936646 101
1717621014303 0.6941792964935303 102
1717621015885 0.6933021545410156 103
1717621017028 0.6929139494895935 104
1717621018727 0.6931328177452087 105
1717621020223 0.6925675868988037 106
1717621021839 0.6937932968139648 107
1717621023628 0.6923474073410034 108
1717621025378 0.6944660544395447 109
1717621027145 0.6932404637336731 110
1717621028658 0.6931425333023071 111
1717621030131 0.6928316354751587 112
1717621031620 0.6933584809303284 113
1717621033078 0.6931827664375305 114
1717621038047 0.6934551000595093 115
1717621039591 0.6932007074356079 116
1717621041246 0.693230926990509 117
1717621043170 0.6931987404823303 118
1717621044524 0.6931138634681702 119
1717621046017 0.6930294632911682 120
1717621047542 0.6935927867889404 121
1717621049050 0.6932496428489685 122
1717621050513 0.6931383609771729 123
1717621052057 0.693098783493042 124
1717621057456 0.692878007888794 125
1717621058899 0.6932610869407654 126
1717621060221 0.6934723854064941 127
1717621061544 0.6923877000808716 128
1717621062847 0.6955450773239136 129
1717621063726 0.6923075318336487 130
1717621065035 0.6944946646690369 131
1717621066259 0.6930223703384399 132
1717621067419 0.6932448744773865 133
1717621068902 0.6929546594619751 134
1717621070468 0.6932094097137451 135
1717621071706 0.6930788159370422 136
1717621073196 0.6931902766227722 137
1717621074609 0.6931366920471191 138
1717621076165 0.6931741237640381 139
1717621077497 0.6939592361450195 140
1717621083818 0.6929012537002563 141
1717621085543 0.6932980418205261 142
1717621086990 0.6932855248451233 143
1717621088598 0.6931056976318359 144
1717621090105 0.6930669546127319 145
1717621091466 0.6934406757354736 146
1717621092905 0.6936873197555542 147
1717621094256 0.6930627226829529 148
1717621095644 0.6928339600563049 149
1717621097776 0.6940727829933167 150
1717621103272 0.6933416724205017 151
1717621104775 0.6931654214859009 152
1717621106166 0.6931698322296143 153
1717621107773 0.693067193031311 154
1717621109014 0.6932029724121094 155
1717621109859 0.6932841539382935 156
1717621111377 0.6931535601615906 157
1717621112713 0.6933872103691101 158
1717621113928 0.6935922503471375 159
1717621115220 0.6933345198631287 160
1717621116688 0.6931895017623901 161
1717621118147 0.6930440664291382 162
1717621119576 0.6931513547897339 163
1717621121404 0.6931210160255432 164
1717621122766 0.6931872963905334 165
1717621124098 0.6932767033576965 166
1717621130980 0.6933143138885498 167
1717621132667 0.6931738257408142 168
1717621134278 0.6932414770126343 169
1717621135647 0.693139910697937 170
1717621136843 0.6931038498878479 171
1717621138228 0.6931049823760986 172
1717621139558 0.6931506991386414 173
1717621140902 0.6929959654808044 174
1717621142587 0.6933821439743042 175
1717621144258 0.6935718655586243 176
1717621148579 0.6932399272918701 177
1717621149752 0.6934158205986023 178
1717621150984 0.6927917003631592 179
1717621152196 0.6933327317237854 180
1717621153400 0.6931149363517761 181
1717621154390 0.6929323673248291 182
1717621156183 0.6930412650108337 183
1717621158149 0.694018542766571 184
1717621159562 0.6932218670845032 185
1717621161104 0.6931169033050537 186
1717621162369 0.6932318210601807 187
1717621164088 0.6932698488235474 188
1717621165692 0.6931027770042419 189
1717621167428 0.6932809948921204 190
1717621168735 0.6932679414749146 191
1717621169894 0.6930060386657715 192
