1717509772035 0.8629437685012817 1
1717509772125 0.8505865931510925 2
1717509772369 0.8175153136253357 3
1717509772446 0.8105706572532654 4
1717509772535 0.8117107152938843 5
1717509772622 0.83135986328125 6
1717509772712 0.8101310133934021 7
1717509772802 0.800261378288269 8
1717509772888 0.7888948321342468 9
1717509772976 0.7884223461151123 10
1717509777419 0.796384334564209 11
1717509777513 0.7607520818710327 12
1717509777597 0.775813102722168 13
1717509777671 0.7671013474464417 14
1717509777754 0.7497727274894714 15
1717509777840 0.7562575340270996 16
1717509777925 0.7447298169136047 17
1717509778010 0.7414382696151733 18
1717509778254 0.7471612095832825 19
1717509778336 0.7342236042022705 20
1717509778612 0.7379962205886841 21
1717509778708 0.7326825261116028 22
1717509778792 0.7282255291938782 23
1717509778876 0.7266393303871155 24
1717509778959 0.7269124388694763 25
1717509779042 0.7256138920783997 26
1717509779125 0.7257747054100037 27
1717509779210 0.7211164832115173 28
1717509779295 0.7156270742416382 29
1717509779379 0.712920069694519 30
1717509779816 0.7230989336967468 31
1717509779898 0.709501326084137 32
1717509779981 0.7093052268028259 33
1717509780065 0.7073989510536194 34
1717509780150 0.7045694589614868 35
1717509780227 0.715617835521698 36
1717509780318 0.7048790454864502 37
1717509780401 0.7076101303100586 38
1717509780484 0.7008198499679565 39
1717509780566 0.7001493573188782 40
1717509780965 0.7009357810020447 41
1717509781040 0.7017768621444702 42
1717509781124 0.7036541700363159 43
1717509781206 0.7026278376579285 44
1717509781288 0.7014436721801758 45
1717509781366 0.7020887136459351 46
1717509781442 0.7002602815628052 47
1717509781526 0.6992338299751282 48
1717509781600 0.7006364464759827 49
1717509781685 0.6983482241630554 50
1717509781971 0.6993206143379211 51
1717509782056 0.6955592036247253 52
1717509782273 0.6995837688446045 53
1717509782360 0.7018525004386902 54
1717509782441 0.6981295943260193 55
1717509782528 0.6969925761222839 56
1717509782616 0.6990422010421753 57
1717509782701 0.6998072266578674 58
1717509782772 0.696387529373169 59
1717509782861 0.7004350423812866 60
1717509783157 0.6969346404075623 61
1717509783260 0.6987538933753967 62
1717509783363 0.6961545944213867 63
1717509783464 0.6974709630012512 64
1717509783572 0.6986029148101807 65
1717509783680 0.6950819492340088 66
1717509783788 0.6952048540115356 67
1717509784024 0.6991411447525024 68
1717509784121 0.697424590587616 69
1717509784222 0.6974904537200928 70
1717509784582 0.6969427466392517 71
1717509784686 0.6988246440887451 72
1717509784786 0.6955949664115906 73
1717509784874 0.6960555911064148 74
1717509784966 0.6972327828407288 75
1717509785079 0.6964823007583618 76
1717509785183 0.6981490254402161 77
1717509785293 0.6928819417953491 78
1717509785401 0.6930474638938904 79
1717509785508 0.6956121325492859 80
1717509785979 0.694888174533844 81
1717509786082 0.6982182264328003 82
1717509786188 0.6953150033950806 83
1717509786292 0.693085253238678 84
1717509786378 0.6957890391349792 85
1717509786486 0.6970115900039673 86
1717509786578 0.6973108649253845 87
1717509786667 0.6948456764221191 88
1717509786757 0.6932426691055298 89
1717509786859 0.6946829557418823 90
1717509787376 0.6944252252578735 91
1717509787480 0.6952422261238098 92
1717509787581 0.6957481503486633 93
1717509787681 0.694296658039093 94
1717509787770 0.6936252117156982 95
1717509787864 0.6958336234092712 96
1717509787953 0.6919885277748108 97
1717509788045 0.6973059773445129 98
1717509788152 0.6956838965415955 99
1717509788244 0.6955795288085938 100
