1717514496275 0.7890191078186035 1
1717514496764 0.8154152035713196 2
1717514497044 0.8076657056808472 3
1717514497140 0.8521581292152405 4
1717514497255 0.8372624516487122 5
1717514497507 0.8367599844932556 6
1717514497983 0.8106595873832703 7
1717514498301 0.8288916945457458 8
1717514498452 0.7724434733390808 9
1717514498687 0.7892012000083923 10
1717514504125 0.8128959536552429 11
1717514504246 0.7573201656341553 12
1717514504375 0.7697166204452515 13
1717514504492 0.8006801605224609 14
1717514504605 0.7465748190879822 15
1717514504719 0.7958822250366211 16
1717514504837 0.754654586315155 17
1717514504955 0.7379112839698792 18
1717514505093 0.7464869618415833 19
1717514505216 0.7462749481201172 20
1717514506123 0.7284327149391174 21
1717514506454 0.7405743598937988 22
1717514506468 0.7297354936599731 23
1717514506938 0.7354295253753662 24
1717514507065 0.7281004786491394 25
1717514507180 0.7350698113441467 26
1717514507300 0.7109370231628418 27
1717514507420 0.6949998140335083 28
1717514507563 0.7368183732032776 29
1717514507786 0.7243393063545227 30
1717514508654 0.7067205309867859 31
1717514508897 0.7089861035346985 32
1717514509018 0.7232007384300232 33
1717514509134 0.7167731523513794 34
1717514509265 0.7183628678321838 35
1717514509381 0.7115560173988342 36
1717514509496 0.7098937630653381 37
1717514509611 0.7092318534851074 38
1717514509623 0.7107800841331482 39
1717514509748 0.6921876668930054 40
1717514510374 0.6986412405967712 41
1717514510525 0.7031667828559875 42
1717514510641 0.7084285020828247 43
1717514510871 0.7168618440628052 44
1717514511122 0.7042235732078552 45
1717514511231 0.6947677731513977 46
1717514511352 0.6949719786643982 47
1717514511473 0.7017197608947754 48
1717514511725 0.6969354748725891 49
1717514512069 0.692453145980835 50
1717514512866 0.6968851089477539 51
1717514512979 0.693246603012085 52
1717514513325 0.6980586647987366 53
1717514513444 0.6969406604766846 54
1717514513471 0.6941938400268555 55
1717514513684 0.6991111040115356 56
1717514513807 0.6954365372657776 57
1717514513927 0.6907625794410706 58
1717514514056 0.6989948749542236 59
1717514514317 0.6967670917510986 60
1717514514918 0.6972469687461853 61
1717514515044 0.6975136399269104 62
1717514515800 0.6952181458473206 63
1717514515920 0.6951119303703308 64
1717514516038 0.6896222829818726 65
1717514516162 0.695747971534729 66
1717514516292 0.6945879459381104 67
1717514516411 0.6933550238609314 68
1717514516753 0.6943569779396057 69
1717514517349 0.6948988437652588 70
1717514517845 0.6954615712165833 71
1717514518001 0.696567714214325 72
1717514518119 0.6940522789955139 73
1717514518236 0.6957057118415833 74
1717514518352 0.6925027966499329 75
1717514518697 0.6979109048843384 76
1717514518728 0.6944450736045837 77
1717514519081 0.6938045620918274 78
1717514519340 0.6928866505622864 79
1717514519833 0.6961646676063538 80
1717514520528 0.6953708529472351 81
1717514521255 0.6952142715454102 82
1717514521852 0.6984202265739441 83
1717514522080 0.69671231508255 84
1717514522445 0.6928741335868835 85
1717514522773 0.6970483660697937 86
1717514522788 0.6945013403892517 87
1717514522914 0.6949012875556946 88
1717514523215 0.6926370859146118 89
1717514523340 0.6935087442398071 90
1717514523939 0.6921049952507019 91
1717514524068 0.6945309042930603 92
1717514524181 0.6950302720069885 93
1717514524297 0.6922888159751892 94
1717514524420 0.6918866634368896 95
1717514524537 0.692665159702301 96
1717514524658 0.6937702298164368 97
1717514524782 0.6922153234481812 98
1717514525022 0.6942194104194641 99
1717514525141 0.6940468549728394 100
1717514525683 0.693024218082428 101
1717514525811 0.6933876276016235 102
1717514525922 0.693351149559021 103
1717514526044 0.6931045055389404 104
1717514526159 0.6932790875434875 105
1717514526278 0.694143533706665 106
1717514526400 0.6943854689598083 107
1717514526518 0.6934671998023987 108
1717514526636 0.6942394971847534 109
1717514527009 0.694166898727417 110
1717514527941 0.6922018527984619 111
1717514528074 0.6940375566482544 112
1717514528291 0.6936133503913879 113
1717514528403 0.6930707693099976 114
1717514528528 0.693065345287323 115
1717514528767 0.693504810333252 116
1717514528999 0.6929497122764587 117
1717514529136 0.692629337310791 118
1717514529373 0.693612277507782 119
1717514529614 0.6928219795227051 120
1717514530254 0.6933596134185791 121
1717514530564 0.6934418082237244 122
1717514530769 0.6931980848312378 123
1717514531033 0.6930720806121826 124
1717514531271 0.6924545168876648 125
1717514531385 0.6921828389167786 126
1717514531628 0.6924511194229126 127
1717514531871 0.6929624676704407 128
1717514531996 0.6932551264762878 129
1717514532216 0.6929765343666077 130
1717514532871 0.6930298209190369 131
1717514533040 0.6927013993263245 132
1717514533119 0.6922513842582703 133
1717514533448 0.694611668586731 134
1717514533604 0.6934701800346375 135
1717514533717 0.6937892436981201 136
1717514533967 0.6931378841400146 137
1717514534203 0.693480372428894 138
1717514534316 0.6940083503723145 139
1717514534551 0.6928015351295471 140
1717514535296 0.6934440732002258 141
1717514535437 0.6933837532997131 142
1717514535687 0.6929082870483398 143
1717514535796 0.6936511397361755 144
1717514536035 0.6938018798828125 145
1717514536265 0.6936143040657043 146
1717514536500 0.6933643221855164 147
1717514536635 0.6937645673751831 148
1717514536870 0.693169355392456 149
1717514537116 0.6932579874992371 150
1717514537948 0.6934747695922852 151
1717514538191 0.6933937668800354 152
1717514538543 0.6930673718452454 153
1717514538684 0.6938163042068481 154
1717514538903 0.6928115487098694 155
1717514539145 0.6934347748756409 156
1717514539395 0.6935044527053833 157
1717514539637 0.6931003332138062 158
1717514539883 0.6926877498626709 159
1717514539993 0.6934525370597839 160
1717514545163 0.6930000185966492 161
1717514545276 0.6929837465286255 162
1717514545392 0.6929247975349426 163
1717514545502 0.6931999325752258 164
1717514545634 0.6933798789978027 165
1717514545779 0.6934763789176941 166
1717514545981 0.6937627792358398 167
1717514546122 0.6932317614555359 168
1717514546343 0.6925808787345886 169
1717514546839 0.6934272050857544 170
1717514552106 0.6928214430809021 171
1717514552251 0.6928882002830505 172
1717514552490 0.6933091878890991 173
1717514552622 0.6936399936676025 174
1717514552842 0.6930705904960632 175
1717514552964 0.6931487321853638 176
1717514553076 0.6928665041923523 177
1717514553358 0.6924967765808105 178
1717514553573 0.6935634613037109 179
1717514553697 0.6934208869934082 180
1717514558849 0.6934382319450378 181
1717514559076 0.6926369667053223 182
1717514559201 0.6931382417678833 183
1717514559322 0.6927576065063477 184
1717514559451 0.6945785880088806 185
1717514559691 0.6929780840873718 186
1717514559979 0.6934149861335754 187
1717514560099 0.6932692527770996 188
1717514560117 0.6932108998298645 189
1717514560349 0.6927208304405212 190
1717514560965 0.6933658123016357 191
1717514561088 0.6930745840072632 192
1717514561236 0.6934839487075806 193
1717514561261 0.6934170126914978 194
1717514561371 0.6934942007064819 195
1717514561602 0.6926084756851196 196
1717514561700 0.6929751634597778 197
1717514561988 0.6928799152374268 198
1717514562009 0.6927492022514343 199
1717514562462 0.6929798126220703 200
1717514563333 0.6929758191108704 201
1717514563490 0.6925066709518433 202
1717514563619 0.6931604743003845 203
1717514563741 0.6932743787765503 204
1717514563858 0.692469596862793 205
1717514563968 0.6928112506866455 206
1717514564179 0.6934738159179688 207
1717514564357 0.6921153664588928 208
1717514564380 0.6936578750610352 209
1717514564488 0.6945908069610596 210
1717514565002 0.6925978064537048 211
1717514565344 0.6933619976043701 212
1717514565511 0.6930912137031555 213
1717514565836 0.693166971206665 214
1717514565954 0.6935312747955322 215
1717514566070 0.6934863328933716 216
1717514566202 0.6917755007743835 217
1717514566427 0.6935280561447144 218
1717514566546 0.6929769515991211 219
1717514566666 0.6918175220489502 220
1717514567359 0.6934863924980164 221
1717514567740 0.6942444443702698 222
1717514568180 0.692762553691864 223
1717514568206 0.6927980184555054 224
1717514568324 0.6932064294815063 225
1717514568476 0.6927946209907532 226
1717514568791 0.6929008364677429 227
1717514568908 0.6935757398605347 228
1717514569034 0.6929745078086853 229
1717514569330 0.69314044713974 230
1717514569958 0.692071795463562 231
1717514570079 0.6931813955307007 232
1717514570218 0.692450761795044 233
1717514570640 0.6929963231086731 234
1717514570776 0.6942781805992126 235
1717514570905 0.6913554072380066 236
1717514571026 0.6928298473358154 237
1717514571274 0.6940885782241821 238
1717514571537 0.6941931247711182 239
1717514572018 0.6942818760871887 240
1717514572609 0.6924230456352234 241
1717514572730 0.6914204955101013 242
1717514572998 0.6936543583869934 243
1717514573255 0.6951646208763123 244
1717514573603 0.6923213005065918 245
1717514574061 0.6935396790504456 246
1717514574204 0.6919496059417725 247
1717514574306 0.6944853067398071 248
1717514574538 0.6930878758430481 249
1717514574721 0.6939513683319092 250
1717514575670 0.6952813267707825 251
1717514576120 0.6929752230644226 252
1717514576286 0.6923367381095886 253
1717514576715 0.6932618618011475 254
1717514576835 0.6930192112922668 255
1717514576954 0.6927405595779419 256
1717514577076 0.692520260810852 257
1717514577204 0.6931433081626892 258
1717514577350 0.6934775710105896 259
1717514577684 0.6934328079223633 260
1717514578534 0.6926173567771912 261
1717514578652 0.6927939653396606 262
1717514578890 0.693255603313446 263
1717514579009 0.6919117569923401 264
1717514579128 0.6924622654914856 265
1717514579418 0.692672610282898 266
1717514579697 0.6928220987319946 267
1717514580152 0.6933766007423401 268
1717514580379 0.6923730969429016 269
1717514580413 0.6914302706718445 270
1717514580987 0.6942656636238098 271
1717514581138 0.6928935647010803 272
1717514581276 0.6926259398460388 273
1717514581498 0.6940336227416992 274
1717514581748 0.69441157579422 275
1717514581974 0.6913713812828064 276
1717514582106 0.6911875605583191 277
1717514582226 0.6931642889976501 278
1717514582355 0.6956276297569275 279
1717514582474 0.6942442655563354 280
1717514583080 0.6939091682434082 281
