1717575095703 0.6930783987045288 1
1717575097761 0.6920672059059143 2
1717575099390 0.6938071846961975 3
1717575101013 0.6932574510574341 4
1717575102487 0.6927490830421448 5
1717575103954 0.6907673478126526 6
1717575105555 0.6895666718482971 7
1717575107298 0.6916419863700867 8
1717575108975 0.6922807097434998 9
1717575110530 0.6884627938270569 10
1717575131797 0.6876763105392456 11
1717575133463 0.6908273100852966 12
1717575135055 0.687541663646698 13
1717575136797 0.6822338700294495 14
1717575138318 0.6899548768997192 15
1717575140051 0.6895865201950073 16
1717575142153 0.6787471771240234 17
1717575143738 0.6769040822982788 18
1717575145443 0.6857801079750061 19
1717575147411 0.6839771866798401 20
1717575168531 0.6824768781661987 21
1717575170391 0.6761642098426819 22
1717575172830 0.6827300786972046 23
1717575175049 0.676803708076477 24
1717575177419 0.6717029213905334 25
1717575180155 0.6727283596992493 26
1717575182358 0.6600152850151062 27
1717575184916 0.6714968681335449 28
1717575187441 0.6702717542648315 29
1717575189488 0.6765992641448975 30
1717575210942 0.6595159769058228 31
1717575213846 0.6699557900428772 32
1717575216425 0.6621479988098145 33
1717575218748 0.6484277844429016 34
1717575220935 0.6600704789161682 35
1717575223075 0.6669536828994751 36
1717575225264 0.6466941237449646 37
1717575227354 0.6536885499954224 38
1717575229424 0.6414174437522888 39
1717575231460 0.6476578712463379 40
1717575252847 0.626452624797821 41
1717575254169 0.6019328236579895 42
1717575255673 0.616152286529541 43
1717575256750 0.635883629322052 44
1717575257734 0.6298102736473083 45
1717575258624 0.5862348675727844 46
1717575259235 0.6129505038261414 47
1717575259917 0.6189568042755127 48
1717575260684 0.6300080418586731 49
1717575261900 0.6237022876739502 50
1717575282066 0.5644844770431519 51
1717575283297 0.598922073841095 52
1717575284268 0.5651172995567322 53
1717575285246 0.5515894889831543 54
1717575286376 0.5429049134254456 55
1717575287866 0.5364605188369751 56
1717575289039 0.561863362789154 57
1717575290078 0.5483230352401733 58
1717575290961 0.5473736524581909 59
1717575292077 0.5789245963096619 60
1717575312227 0.5453134179115295 61
1717575313302 0.6033344268798828 62
1717575314401 0.523796796798706 63
1717575315238 0.5177652835845947 64
1717575316541 0.537367582321167 65
1717575317877 0.5374569892883301 66
1717575319063 0.506079912185669 67
1717575320270 0.5294707417488098 68
1717575321669 0.533714771270752 69
1717575323092 0.5078529119491577 70
1717575338765 0.5827189087867737 71
1717575340254 0.5592994093894958 72
1717575341550 0.5249183773994446 73
1717575343154 0.5184970498085022 74
1717575344294 0.5330694913864136 75
1717575345424 0.5252264738082886 76
1717575346775 0.5098371505737305 77
1717575347931 0.5304061770439148 78
1717575349118 0.48522868752479553 79
1717575350557 0.4844037890434265 80
1717575370772 0.4809936583042145 81
1717575371913 0.5240129232406616 82
1717575372985 0.504891037940979 83
1717575374083 0.4781181812286377 84
1717575375173 0.5639120936393738 85
1717575376035 0.7545121908187866 86
1717575376572 0.6937639713287354 87
1717575376844 0.5843081474304199 88
1717575377110 0.5367761254310608 89
1717575377345 0.522527813911438 90
1717575391656 0.5280537009239197 91
1717575391851 0.558573305606842 92
1717575392039 0.5588265061378479 93
1717575392243 0.5765335559844971 94
1717575392433 0.58391934633255 95
1717575392605 0.5684760808944702 96
1717575392802 0.5554260015487671 97
1717575392998 0.5897756218910217 98
1717575393181 0.5419226288795471 99
1717575393370 0.5478560328483582 100
1717575407794 0.5558892488479614 101
1717575407987 0.5764485597610474 102
1717575408160 0.5633232593536377 103
1717575408348 0.547667384147644 104
1717575408552 0.5484182238578796 105
1717575408759 0.5329046845436096 106
1717575408963 0.5321940779685974 107
1717575409192 0.5512189865112305 108
1717575409411 0.528793215751648 109
1717575409651 0.535118043422699 110
1717575424202 0.5456027984619141 111
1717575424406 0.5340964198112488 112
1717575424594 0.5047040581703186 113
1717575424793 0.49164700508117676 114
1717575424966 0.519710898399353 115
1717575425170 0.5301084518432617 116
1717575425375 0.501826286315918 117
1717575425563 0.4996664524078369 118
1717575425761 0.5091345906257629 119
1717575425965 0.5341601967811584 120
1717575440538 0.5147916078567505 121
1717575440764 0.46549850702285767 122
1717575440973 0.49026650190353394 123
1717575441204 0.5177745223045349 124
1717575441431 0.508698046207428 125
1717575441680 0.515476644039154 126
1717575441860 0.44235238432884216 127
1717575442080 0.4576962888240814 128
1717575442315 0.41955265402793884 129
1717575442504 0.44668248295783997 130
1717575457050 0.4494491219520569 131
1717575457248 0.4316694438457489 132
1717575457425 0.5010826587677002 133
1717575457629 0.48985573649406433 134
1717575457799 0.3957648277282715 135
1717575458003 0.4613342583179474 136
1717575458192 0.49051719903945923 137
1717575458400 0.3993237316608429 138
1717575458632 0.4309922456741333 139
1717575458813 0.46015864610671997 140
1717575478767 0.45253556966781616 141
1717575478916 0.3626566231250763 142
1717575479089 0.38880372047424316 143
1717575479214 0.40504807233810425 144
1717575479356 0.43514034152030945 145
1717575479497 0.4001592993736267 146
1717575479651 0.4162916839122772 147
1717575479812 0.42202961444854736 148
1717575479953 0.4256274402141571 149
1717575480110 0.4092164635658264 150
1717575499590 0.3871685862541199 151
1717575499753 0.4117274880409241 152
1717575499895 0.38847610354423523 153
1717575500036 0.38207197189331055 154
1717575500178 0.36435359716415405 155
1717575500319 0.3748483657836914 156
1717575500476 0.3970128297805786 157
1717575500646 0.37815237045288086 158
1717575500781 0.35331156849861145 159
1717575500922 0.3432803750038147 160
1717575520898 0.33462485671043396 161
1717575521060 0.36091455817222595 162
1717575521202 0.37488454580307007 163
1717575521343 0.38998058438301086 164
1717575521484 0.38448020815849304 165
1717575521625 0.3669319152832031 166
1717575521781 0.38371962308883667 167
1717575521945 0.3734138011932373 168
1717575522076 0.37701547145843506 169
1717575522217 0.39008766412734985 170
1717575542121 0.35161876678466797 171
1717575542261 0.4341719448566437 172
1717575542402 0.40726006031036377 173
1717575542559 0.4018326997756958 174
1717575542701 0.3800487816333771 175
1717575542843 0.37392154335975647 176
1717575542969 0.36976590752601624 177
1717575543109 0.3956855833530426 178
1717575543251 0.4466240406036377 179
1717575543392 0.4204564392566681 180
1717575557813 0.38248738646507263 181
1717575558016 0.36539289355278015 182
1717575558189 0.4049542248249054 183
1717575558408 0.40667060017585754 184
1717575558645 0.4308567941188812 185
1717575558878 0.38162440061569214 186
1717575559067 0.39342331886291504 187
1717575559271 0.3347553610801697 188
1717575559459 0.3919663727283478 189
1717575559658 0.37947651743888855 190
1717575579605 0.4109002649784088 191
1717575579750 0.3589111566543579 192
1717575579923 0.4167822003364563 193
1717575580064 0.3887205719947815 194
1717575580206 0.3340262472629547 195
1717575580339 0.3835683763027191 196
1717575580480 0.32589420676231384 197
1717575580606 0.35429346561431885 198
1717575580750 0.3553144037723541 199
1717575580907 0.40376558899879456 200
1717575595328 0.32498079538345337 201
1717575595511 0.34058380126953125 202
1717575595694 0.3188805878162384 203
1717575595898 0.36306488513946533 204
1717575596086 0.3942849934101105 205
1717575596305 0.4355422854423523 206
1717575596490 0.350868821144104 207
1717575596691 0.32601818442344666 208
1717575596879 0.32991355657577515 209
1717575597083 0.34252601861953735 210
1717575611586 0.3702661395072937 211
1717575611790 0.35525789856910706 212
1717575611978 0.29918649792671204 213
1717575612182 0.45078378915786743 214
1717575612370 0.4034211039543152 215
1717575612578 0.33589625358581543 216
1717575612820 0.2810829281806946 217
1717575613008 0.34966662526130676 218
1717575613212 0.3283245861530304 219
1717575613448 0.3454301953315735 220
1717575627979 0.34816840291023254 221
1717575628163 0.2913575768470764 222
1717575628362 0.3632836937904358 223
1717575628564 0.32915225625038147 224
1717575628764 0.3589923083782196 225
1717575628966 0.3131904900074005 226
1717575629201 0.3531036972999573 227
1717575629436 0.319083034992218 228
1717575629631 0.31485414505004883 229
1717575629823 0.35859036445617676 230
1717575649656 0.31871700286865234 231
1717575649798 0.30217188596725464 232
1717575649948 0.3523121178150177 233
1717575650106 0.314265638589859 234
1717575650262 0.30471566319465637 235
1717575650420 0.28184017539024353 236
1717575650599 0.3229709267616272 237
1717575650790 0.29531899094581604 238
1717575651073 0.3163498342037201 239
1717575651400 0.29407113790512085 240
1717575666289 0.26310399174690247 241
1717575666724 0.316459596157074 242
1717575667282 0.26575005054473877 243
1717575667903 0.3558748960494995 244
1717575668500 0.2759608030319214 245
1717575669062 0.38459834456443787 246
1717575669823 0.4507579505443573 247
1717575670467 0.2722073495388031 248
1717575671142 0.2997819185256958 249
1717575671697 0.3344864845275879 250
1717575686280 0.30113485455513 251
1717575686731 0.3398851752281189 252
1717575687343 0.27579569816589355 253
1717575688069 0.27429330348968506 254
1717575688732 0.32225799560546875 255
1717575689283 0.33386367559432983 256
1717575689926 0.2786179780960083 257
1717575690340 0.2783516049385071 258
1717575690807 0.29555168747901917 259
1717575691187 0.29042595624923706 260
1717575705874 0.2982899248600006 261
1717575706329 0.22460928559303284 262
1717575706857 0.27754995226860046 263
1717575707368 0.2694198191165924 264
1717575707920 0.24198874831199646 265
1717575708344 0.31340402364730835 266
1717575708824 0.25982487201690674 267
1717575709425 0.3078756630420685 268
1717575709932 0.28304943442344666 269
1717575710435 0.2783195376396179 270
1717575725339 0.29328519105911255 271
1717575725859 0.3425048589706421 272
1717575726188 0.26274532079696655 273
1717575726779 0.26905494928359985 274
1717575727235 0.24736186861991882 275
1717575727657 0.2244320809841156 276
1717575728234 0.2666126787662506 277
1717575728809 0.2881520390510559 278
1717575729396 0.2566130757331848 279
1717575730076 0.25001826882362366 280
1717575750769 0.2123139649629593 281
1717575751400 0.2503334879875183 282
1717575752037 0.24998372793197632 283
1717575752499 0.22928620874881744 284
1717575753072 0.3238966763019562 285
1717575753634 0.25042545795440674 286
1717575754131 0.24114036560058594 287
1717575754651 0.26738613843917847 288
1717575755067 0.2629922926425934 289
1717575755466 0.26662206649780273 290
1717575770602 0.29655787348747253 291
1717575771048 0.2801448702812195 292
1717575771368 0.28991711139678955 293
1717575771816 0.2813010811805725 294
1717575772182 0.2612713575363159 295
1717575772532 0.27407965064048767 296
1717575772904 0.22528494894504547 297
1717575773290 0.313525915145874 298
1717575773620 0.2579711079597473 299
1717575774013 0.31966307759284973 300
1717575794003 0.2620964050292969 301
1717575794281 0.2318549007177353 302
1717575794562 0.24884508550167084 303
1717575794852 0.27470576763153076 304
1717575795096 0.2198260873556137 305
1717575795378 0.22408007085323334 306
1717575795728 0.19909951090812683 307
1717575796156 0.22958269715309143 308
1717575796493 0.23214232921600342 309
1717575796907 0.19560344517230988 310
1717575811840 0.2462407499551773 311
1717575812336 0.20906506478786469 312
1717575812760 0.26008734107017517 313
1717575813264 0.2563881576061249 314
1717575813795 0.23839177191257477 315
1717575814331 0.25610169768333435 316
1717575814861 0.25874626636505127 317
1717575815325 0.22275294363498688 318
1717575816035 0.20063768327236176 319
1717575816692 0.2741025388240814 320
1717575837007 0.20477859675884247 321
1717575837325 0.23151393234729767 322
1717575837832 0.2667292654514313 323
1717575838224 0.20518174767494202 324
1717575838802 0.23006412386894226 325
1717575839312 0.2119498997926712 326
1717575839890 0.25950294733047485 327
1717575840471 0.22485804557800293 328
1717575841047 0.22988782823085785 329
1717575841544 0.27680206298828125 330
1717575862119 0.18110333383083344 331
1717575862684 0.1894756555557251 332
1717575863194 0.23050957918167114 333
1717575863773 0.2219640463590622 334
1717575864432 0.1916223019361496 335
1717575865155 0.1844632774591446 336
1717575865815 0.2460193932056427 337
1717575866363 0.22898738086223602 338
1717575866991 0.19217385351657867 339
1717575867599 0.2724332809448242 340
1717575882563 0.21490220725536346 341
1717575883240 0.19497251510620117 342
1717575883935 0.23702913522720337 343
1717575884584 0.18441538512706757 344
1717575885160 0.3126731216907501 345
1717575885904 0.2506033182144165 346
1717575886551 0.2381938099861145 347
1717575887118 0.29010888934135437 348
1717575887622 0.2515171468257904 349
1717575888151 0.2130945920944214 350
1717575902790 0.22211125493049622 351
1717575903293 0.22341278195381165 352
1717575903842 0.20677688717842102 353
1717575904437 0.1532641351222992 354
1717575904956 0.20909471809864044 355
1717575905583 0.2006424516439438 356
1717575906257 0.21414010226726532 357
1717575906953 0.18051061034202576 358
1717575907622 0.2144118845462799 359
1717575908138 0.1672329306602478 360
1717575927802 0.2039949595928192 361
1717575928239 0.18214742839336395 362
1717575928907 0.20025292038917542 363
1717575929495 0.18004831671714783 364
1717575930129 0.2233045995235443 365
1717575930747 0.19675105810165405 366
1717575931304 0.1846918761730194 367
1717575931928 0.15578840672969818 368
1717575932619 0.17165528237819672 369
1717575933310 0.19598889350891113 370
1717575953048 0.18519502878189087 371
1717575953456 0.19350405037403107 372
1717575953944 0.21056000888347626 373
1717575954413 0.19873341917991638 374
1717575954921 0.1556398868560791 375
1717575955439 0.23631007969379425 376
1717575955766 0.15805359184741974 377
1717575956177 0.17320021986961365 378
1717575956671 0.17501240968704224 379
1717575957080 0.18238377571105957 380
1717575971801 0.14581480622291565 381
1717575972238 0.19005629420280457 382
1717575972542 0.17802858352661133 383
1717575972937 0.22772009670734406 384
1717575973287 0.21239157021045685 385
1717575973619 0.16430522501468658 386
1717575973955 0.17583900690078735 387
1717575974408 0.1775897592306137 388
1717575974788 0.19099950790405273 389
1717575975217 0.15328630805015564 390
1717575995271 0.18619698286056519 391
1717575995660 0.19029991328716278 392
1717575996186 0.22854450345039368 393
1717575996696 0.20229318737983704 394
1717575997215 0.23367609083652496 395
1717575997696 0.17010557651519775 396
1717575998129 0.22568747401237488 397
1717575998452 0.21674516797065735 398
1717575998913 0.19748061895370483 399
1717575999509 0.1939304769039154 400
1717576014162 0.14023932814598083 401
1717576014658 0.16028320789337158 402
1717576015074 0.1278448849916458 403
1717576015665 0.14892755448818207 404
1717576016042 0.16911709308624268 405
1717576016428 0.1924007087945938 406
1717576016759 0.13306792080402374 407
1717576017120 0.17807422578334808 408
1717576017492 0.1643262505531311 409
1717576017774 0.20264481008052826 410
1717576032117 0.16687653958797455 411
1717576032374 0.16315779089927673 412
1717576032594 0.15566235780715942 413
1717576032856 0.17069023847579956 414
1717576033076 0.17570537328720093 415
1717576033296 0.14877142012119293 416
1717576033516 0.1493476927280426 417
1717576033745 0.1452394723892212 418
1717576033968 0.1482720673084259 419
1717576034217 0.1576806902885437 420
1717576048622 0.15509538352489471 421
1717576048835 0.158159539103508 422
1717576049036 0.1003447100520134 423
1717576049253 0.1663072109222412 424
1717576049488 0.16628125309944153 425
1717576049718 0.16246333718299866 426
1717576049922 0.13351121544837952 427
1717576050174 0.14623163640499115 428
1717576050416 0.19419090449810028 429
1717576050674 0.2084626704454422 430
1717576065011 0.18277986347675323 431
1717576065212 0.17381517589092255 432
1717576065459 0.13052670657634735 433
1717576065689 0.16029608249664307 434
1717576065941 0.14523296058177948 435
1717576066145 0.1852135956287384 436
1717576066383 0.20489001274108887 437
1717576066567 0.1846419721841812 438
1717576066783 0.16804908215999603 439
1717576066962 0.14389371871948242 440
1717576086581 0.1665787398815155 441
1717576086721 0.20505042374134064 442
1717576086877 0.17646855115890503 443
1717576087019 0.12380377948284149 444
1717576087176 0.1863599270582199 445
1717576087333 0.15307177603244781 446
1717576087505 0.1623225063085556 447
1717576087653 0.14868482947349548 448
1717576087798 0.1751759648323059 449
1717576087939 0.19585317373275757 450
1717576102228 0.15672758221626282 451
1717576102418 0.13145536184310913 452
1717576102606 0.11291656643152237 453
1717576102815 0.14444632828235626 454
1717576102991 0.14179696142673492 455
1717576103195 0.17812147736549377 456
1717576103368 0.1348305493593216 457
1717576103572 0.11918114125728607 458
1717576103754 0.12714041769504547 459
1717576103958 0.13179658353328705 460
1717576118284 0.14376622438430786 461
1717576118472 0.14339710772037506 462
1717576118659 0.10795418918132782 463
1717576118844 0.14190663397312164 464
1717576119042 0.10136008262634277 465
1717576119242 0.13775621354579926 466
1717576119425 0.12237868458032608 467
1717576119629 0.12478165328502655 468
1717576119821 0.1656913310289383 469
1717576120009 0.13131417334079742 470
1717576139477 0.09715919941663742 471
1717576139618 0.13065966963768005 472
1717576139773 0.11417156457901001 473
1717576139930 0.1641613095998764 474
1717576140073 0.1212233230471611 475
1717576140213 0.10215728729963303 476
1717576140354 0.18578070402145386 477
1717576140511 0.1275884509086609 478
1717576140674 0.17236517369747162 479
1717576140820 0.17072415351867676 480
1717576155037 0.15709148347377777 481
1717576155255 0.1234683021903038 482
1717576155491 0.13435010612010956 483
1717576155730 0.11471022665500641 484
1717576155950 0.15889513492584229 485
1717576156169 0.13677889108657837 486
1717576156405 0.15367817878723145 487
1717576156609 0.13219855725765228 488
1717576156808 0.13565011322498322 489
1717576157027 0.12720562517642975 490
1717576171408 0.1351637989282608 491
1717576171594 0.1627172976732254 492
1717576171780 0.13574670255184174 493
1717576171969 0.10839708149433136 494
1717576172168 0.12359527498483658 495
1717576172362 0.1365583837032318 496
1717576172550 0.11554501950740814 497
1717576172748 0.12077336013317108 498
1717576172952 0.1768350899219513 499
1717576173141 0.1545112580060959 500
