1717594790398 0.7163940072059631 1
1717594790951 0.6909653544425964 2
1717594791476 0.6863742470741272 3
1717594791991 0.7058072686195374 4
1717594792532 0.6780913472175598 5
1717594793073 0.691331148147583 6
1717594793652 0.6692204475402832 7
1717594794247 0.6706804633140564 8
1717594794842 0.6975165009498596 9
1717594795445 0.6750667691230774 10
1717594806486 0.67754065990448 11
1717594807065 0.7309937477111816 12
1717594807612 0.7012869119644165 13
1717594808208 0.6907278895378113 14
1717594808783 0.6924113035202026 15
1717594809369 0.6624564528465271 16
1717594809948 0.6720861196517944 17
1717594810529 0.6791922450065613 18
1717594811123 0.6803500652313232 19
1717594811702 0.675758957862854 20
