1717652961099 0.7164897918701172 1
1717652970098 0.8660261631011963 2
1717652978051 0.7336271405220032 3
1717652987018 0.7368239760398865 4
1717652998820 0.6983169913291931 5
1717653010598 0.6926999092102051 6
1717653013714 0.6929000616073608 7
1717653016209 0.69285649061203 8
1717653018878 0.6933718323707581 9
1717653021267 0.6925347447395325 10
1717653043139 0.6914994120597839 11
1717653049871 0.6938271522521973 12
1717653058516 0.6927006840705872 13
1717653068247 0.6921703219413757 14
1717653078372 0.6932992339134216 15
1717653088871 0.6904323697090149 16
1717653100411 0.6919728517532349 17
1717653110635 0.6926549673080444 18
1717653119438 0.6896858215332031 19
1717653127549 0.6883215308189392 20
1717653151036 0.6912549734115601 21
1717653158716 0.685358464717865 22
1717653165598 0.6873520016670227 23
1717653171454 0.6870878338813782 24
1717653177449 0.6904162168502808 25
1717653184418 0.6687467098236084 26
1717653193209 0.6984634399414062 27
1717653199761 0.6695734858512878 28
1717653206083 0.6884498000144958 29
1717653214277 0.6870403289794922 30
1717653237175 0.6761059761047363 31
1717653246017 0.6753325462341309 32
1717653254186 0.682702362537384 33
1717653262463 0.6298579573631287 34
1717653268910 0.6394246816635132 35
1717653274142 0.6343249082565308 36
1717653278795 0.620329737663269 37
1717653283589 0.6488379836082458 38
1717653288045 0.6199297904968262 39
1717653292193 0.6192351579666138 40
1717653296479 0.6186196804046631 41
1717653301092 0.6148306131362915 42
1717653305743 0.617877185344696 43
1717653326295 0.5972731709480286 44
1717653330683 0.6053361892700195 45
1717653335125 0.5624842047691345 46
1717653339539 0.5864693522453308 47
1717653344108 0.623857855796814 48
1717653348687 0.5891680717468262 49
1717653352993 0.631316602230072 50
1717653357476 0.5871608853340149 51
1717653362123 0.5511056184768677 52
1717653367066 0.6525829434394836 53
1717653387395 0.5446857810020447 54
1717653391747 0.5754901766777039 55
1717653395269 0.6031757593154907 56
1717653398709 0.5474313497543335 57
1717653402101 0.5378473997116089 58
1717653405206 0.5624659061431885 59
1717653408339 0.5666562914848328 60
1717653411178 0.5169718861579895 61
1717653413650 0.5740602612495422 62
1717653416105 0.5638886094093323 63
1717653434798 0.4842706024646759 64
1717653437218 0.5244029760360718 65
1717653439342 0.6356261968612671 66
1717653441582 0.4556126594543457 67
1717653443798 0.46965643763542175 68
1717653446153 0.46159011125564575 69
1717653448497 0.4941471815109253 70
1717653450846 0.4359196126461029 71
1717653453061 0.414762020111084 72
1717653455378 0.41963478922843933 73
1717653457537 0.4532160758972168 74
1717653459873 0.4535180926322937 75
1717653462139 0.46633797883987427 76
1717653476498 0.4819389879703522 77
1717653478675 0.43182259798049927 78
1717653480922 0.4232340455055237 79
1717653483082 0.41587695479393005 80
1717653485252 0.4034923017024994 81
1717653487385 0.42814189195632935 82
1717653489619 0.41683971881866455 83
1717653491965 0.40713852643966675 84
1717653494499 0.4344484508037567 85
1717653497239 0.4446469247341156 86
1717653515959 0.3987964689731598 87
1717653518781 0.4156229496002197 88
1717653521207 0.3766607940196991 89
1717653523526 0.4005511403083801 90
1717653526323 0.4111742377281189 91
1717653528628 0.38440778851509094 92
1717653530801 0.34427931904792786 93
1717653532822 0.36911410093307495 94
1717653534909 0.3840290606021881 95
1717653536954 0.41908615827560425 96
1717653555538 0.3607214391231537 97
1717653557535 0.3547658920288086 98
1717653559502 0.40252435207366943 99
1717653561603 0.3019298017024994 100
1717653563670 0.3291136920452118 101
1717653566026 0.3062470853328705 102
1717653568114 0.3066735565662384 103
1717653570296 0.2885811924934387 104
1717653572447 0.28711986541748047 105
1717653574512 0.32632768154144287 106
1717653576646 0.31710344552993774 107
1717653578667 0.3256687521934509 108
1717653580710 0.29643481969833374 109
1717653594876 0.3630008399486542 110
1717653596906 0.30524560809135437 111
1717653599021 0.27867698669433594 112
1717653601087 0.2819318473339081 113
1717653603225 0.2864125072956085 114
1717653605265 0.2744118869304657 115
1717653607389 0.26113569736480713 116
1717653609458 0.25566068291664124 117
1717653611567 0.2891317903995514 118
1717653613586 0.25281471014022827 119
1717653631794 0.236101895570755 120
1717653633811 0.2317102551460266 121
1717653635903 0.24374692142009735 122
1717653637942 0.2718912363052368 123
1717653640079 0.3168157935142517 124
1717653642089 0.25769877433776855 125
1717653644145 0.30371803045272827 126
1717653646347 0.26256808638572693 127
1717653648449 0.2631366550922394 128
1717653650540 0.26274776458740234 129
1717653668982 0.23100949823856354 130
1717653670895 0.2556106746196747 131
1717653672809 0.25882577896118164 132
1717653674858 0.21825924515724182 133
1717653676898 0.19015315175056458 134
1717653679095 0.21446560323238373 135
1717653681146 0.20248517394065857 136
1717653683257 0.222500741481781 137
1717653685355 0.18537677824497223 138
1717653687470 0.186904177069664 139
1717653689522 0.22057439386844635 140
1717653691652 0.1683025360107422 141
1717653693705 0.15766502916812897 142
1717653712078 0.16472014784812927 143
1717653714069 0.14116325974464417 144
1717653716263 0.19887153804302216 145
1717653718338 0.15196682512760162 146
1717653720455 0.20394635200500488 147
1717653722538 0.18131859600543976 148
1717653724645 0.1625249683856964 149
1717653726773 0.17091241478919983 150
1717653728858 0.1708546131849289 151
1717653730989 0.1729089468717575 152
1717653749205 0.18254955112934113 153
1717653751109 0.16147522628307343 154
1717653753231 0.14543463289737701 155
1717653755263 0.15524257719516754 156
1717653757458 0.20000246167182922 157
1717653759583 0.16572773456573486 158
1717653761674 0.2120874673128128 159
1717653763751 0.19069384038448334 160
1717653765915 0.18225039541721344 161
1717653768110 0.1779085248708725 162
1717653786376 0.17469356954097748 163
1717653788266 0.18599377572536469 164
1717653790143 0.17213000357151031 165
1717653792148 0.11103520542383194 166
1717653794314 0.11807189881801605 167
1717653796325 0.1199498325586319 168
1717653798355 0.10414198786020279 169
1717653800423 0.1284000277519226 170
1717653802434 0.12748482823371887 171
1717653804520 0.08269345015287399 172
1717653806558 0.1140003651380539 173
1717653808624 0.11111020296812057 174
1717653810616 0.13118483126163483 175
1717653824574 0.14754995703697205 176
1717653826589 0.08803859353065491 177
1717653828617 0.09971264004707336 178
1717653830733 0.06890756636857986 179
1717653832799 0.11313959956169128 180
1717653834903 0.11622616648674011 181
1717653836966 0.12220503389835358 182
1717653839128 0.09831109642982483 183
1717653841202 0.12569288909435272 184
1717653843243 0.11706095933914185 185
1717653857300 0.1066536009311676 186
1717653859609 0.12582895159721375 187
1717653861746 0.11136600375175476 188
1717653863809 0.12214347720146179 189
1717653865925 0.12185902148485184 190
1717653867951 0.16479390859603882 191
1717653869974 0.14140906929969788 192
1717653872172 0.10802613943815231 193
1717653874273 0.14592744410037994 194
1717653876356 0.10066160559654236 195
1717653890227 0.12289179116487503 196
1717653892246 0.15232940018177032 197
1717653894212 0.09209859371185303 198
1717653896267 0.07704775780439377 199
1717653898278 0.07835595309734344 200
1717653900341 0.07553938776254654 201
1717653902348 0.05255361646413803 202
1717653904438 0.05797116085886955 203
1717653906420 0.052695225924253464 204
1717653908485 0.05245019495487213 205
1717653910534 0.05503608658909798 206
1717653912638 0.06864633411169052 207
1717653914673 0.06005598604679108 208
1717653928687 0.05675436556339264 209
1717653931748 0.06805039197206497 210
1717653934727 0.061734870076179504 211
1717653939156 0.0695570558309555 212
1717653947264 0.09891696274280548 213
1717653954189 0.10076110810041428 214
1717653961197 0.07272045314311981 215
1717653968352 0.10717440396547318 216
1717653975523 0.09397504478693008 217
1717653982630 0.07755793631076813 218
1717654040676 0.08499886095523834 219
1717654047741 0.06206159293651581 220
1717654054745 0.09992306679487228 221
1717654061650 0.04820239543914795 222
1717654068703 0.08919993042945862 223
1717654075668 0.055876508355140686 224
1717654082666 0.05925047770142555 225
1717654089529 0.06254584342241287 226
1717654096327 0.09129557758569717 227
1717654103242 0.08095880597829819 228
1717654162319 0.08407021313905716 229
1717654169302 0.08072898536920547 230
1717654176182 0.13647505640983582 231
1717654183386 0.027775948867201805 232
1717654190502 0.05469491332769394 233
1717654197515 0.0479799248278141 234
1717654204755 0.02214393950998783 235
1717654211693 0.04269327595829964 236
1717654218990 0.0353524349629879 237
1717654226547 0.049715131521224976 238
1717654233527 0.027022546157240868 239
1717654241014 0.06197884678840637 240
1717654248163 0.07196362316608429 241
1717654306884 0.0465165339410305 242
1717654314347 0.05017394945025444 243
1717654321200 0.025273136794567108 244
1717654327946 0.04876391589641571 245
1717654334858 0.04204104468226433 246
1717654341712 0.06139408051967621 247
1717654348570 0.037140075117349625 248
1717654355628 0.06176824867725372 249
1717654362545 0.05365880951285362 250
1717654369567 0.03705257549881935 251
1717654431633 0.09383709728717804 252
1717654438847 0.07865294814109802 253
1717654445848 0.0425657294690609 254
1717654452957 0.06516408920288086 255
1717654460110 0.09774358570575714 256
1717654466964 0.08152551203966141 257
1717654473801 0.07514747232198715 258
1717654480968 0.060176216065883636 259
1717654488165 0.07889243215322495 260
1717654495117 0.07568550109863281 261
1717654554302 0.05298187583684921 262
1717654561338 0.06982607394456863 263
1717654568495 0.08983457088470459 264
1717654575507 0.04500056430697441 265
1717654582699 0.053762469440698624 266
1717654589743 0.04657857492566109 267
1717654597223 0.036411598324775696 268
1717654604770 0.062196772545576096 269
1717654611680 0.07847679406404495 270
1717654618689 0.039175353944301605 271
1717654625730 0.05057536065578461 272
1717654632798 0.07878628373146057 273
1717654639814 0.05731118097901344 274
