1717443478178 0.6927006244659424 1
1717443478964 0.699372410774231 2
1717443479688 0.7262037992477417 3
1717443480519 0.6975746750831604 4
1717443481333 0.6967077255249023 5
1717443482051 0.6945937871932983 6
1717443482780 0.6959227323532104 7
1717443483566 0.6935500502586365 8
1717443484343 0.6932242512702942 9
1717443485149 0.6966150999069214 10
1717443492592 0.6945038437843323 11
1717443493352 0.6954412460327148 12
1717443494137 0.6962395310401917 13
1717443494918 0.698363184928894 14
1717443495701 0.6938631534576416 15
1717443496503 0.692214846611023 16
1717443497256 0.6933499574661255 17
1717443498052 0.6992449760437012 18
1717443498821 0.6968783736228943 19
1717443499548 0.6941253542900085 20
1717443506755 0.6913183927536011 21
1717443507445 0.6923595070838928 22
1717443508140 0.6936339735984802 23
1717443508898 0.6931930780410767 24
1717443509651 0.6932865381240845 25
1717443510386 0.6926484107971191 26
1717443511149 0.6914253830909729 27
1717443511861 0.6934956312179565 28
1717443512588 0.6910020112991333 29
1717443513354 0.6952702403068542 30
1717443520554 0.6886693239212036 31
1717443521283 0.6967368125915527 32
1717443522018 0.6965142488479614 33
1717443522782 0.6912503242492676 34
1717443523502 0.6920899748802185 35
1717443524247 0.6916632652282715 36
1717443525001 0.694317638874054 37
1717443525732 0.6951715350151062 38
1717443526566 0.6930280327796936 39
1717443527279 0.6939464211463928 40
1717443531290 0.6917356848716736 41
1717443531993 0.6927613615989685 42
1717443532707 0.6952186226844788 43
1717443533367 0.6955336928367615 44
1717443534088 0.6917313933372498 45
1717443534833 0.6962392926216125 46
1717443535573 0.693630039691925 47
1717443536317 0.6932446360588074 48
1717443537082 0.692953884601593 49
1717443537793 0.6927489638328552 50
1717443544782 0.6931259632110596 51
1717443545535 0.6929194331169128 52
1717443546234 0.6923305988311768 53
1717443547014 0.6916019916534424 54
1717443547753 0.6912660002708435 55
1717443548427 0.692866861820221 56
1717443549146 0.6895829439163208 57
1717443549863 0.6919652819633484 58
1717443550593 0.6924688816070557 59
1717443551445 0.6956671476364136 60
1717443555160 0.6945065855979919 61
1717443556140 0.687820315361023 62
1717443556923 0.6906803250312805 63
1717443557705 0.6884337067604065 64
1717443558442 0.6937697529792786 65
1717443559191 0.6960213780403137 66
1717443559864 0.6982924342155457 67
1717443560651 0.692108690738678 68
1717443561480 0.6899037957191467 69
1717443562292 0.6956652402877808 70
1717443566422 0.6944665312767029 71
1717443567142 0.6931251287460327 72
1717443567881 0.6932213306427002 73
1717443568631 0.6913889050483704 74
1717443569417 0.6914714574813843 75
1717443570215 0.6959927082061768 76
1717443571013 0.6911594867706299 77
1717443571841 0.6921270489692688 78
1717443572654 0.6955225467681885 79
1717443573467 0.6906348466873169 80
1717443577671 0.6917744278907776 81
1717443578499 0.6946256160736084 82
1717443579332 0.6878313422203064 83
1717443580157 0.6919894814491272 84
1717443580949 0.6877408623695374 85
1717443581784 0.6954957246780396 86
1717443582679 0.69166100025177 87
1717443583462 0.6926286220550537 88
1717443584267 0.6918599605560303 89
1717443584994 0.6903929710388184 90
1717443592092 0.6971854567527771 91
1717443592893 0.6939182877540588 92
1717443593569 0.698611855506897 93
1717443594306 0.6930752992630005 94
1717443595043 0.6971743702888489 95
1717443595787 0.691192626953125 96
1717443596525 0.6896379590034485 97
1717443597290 0.6950492262840271 98
1717443598066 0.6921613216400146 99
1717443598837 0.6909015774726868 100
1717443602700 0.6923282742500305 101
1717443603510 0.6917900443077087 102
1717443604199 0.6906989216804504 103
1717443604963 0.6918185353279114 104
1717443605675 0.6925808787345886 105
1717443606365 0.6915393471717834 106
1717443607067 0.6947354674339294 107
1717443607801 0.6905130743980408 108
1717443608513 0.6921509504318237 109
1717443609199 0.692404568195343 110
1717443612995 0.6913487911224365 111
1717443613720 0.6932713985443115 112
1717443614442 0.691009521484375 113
1717443615143 0.6941060423851013 114
1717443615841 0.6871817111968994 115
1717443616605 0.69222092628479 116
1717443617312 0.6958810687065125 117
1717443618015 0.6894448399543762 118
1717443618750 0.6943583488464355 119
1717443619479 0.6891663670539856 120
1717443623139 0.6994589567184448 121
1717443623800 0.6876304745674133 122
1717443624583 0.6969975829124451 123
1717443625334 0.6915601491928101 124
1717443626060 0.6928073763847351 125
1717443626782 0.6885092854499817 126
1717443627465 0.6901085376739502 127
1717443628159 0.6954980492591858 128
1717443628882 0.7029144167900085 129
1717443629559 0.6953049898147583 130
1717443633178 0.6925063133239746 131
1717443633871 0.6902716755867004 132
1717443634538 0.6939462423324585 133
1717443635225 0.6932265758514404 134
1717443635990 0.6905993223190308 135
1717443636741 0.6881740093231201 136
1717443637486 0.6923717260360718 137
1717443638259 0.6925410032272339 138
1717443639017 0.6946619153022766 139
1717443639820 0.6970564723014832 140
1717443643590 0.6925475001335144 141
1717443644229 0.6902428865432739 142
1717443644983 0.6937224268913269 143
1717443645745 0.6930593252182007 144
1717443646472 0.6924008727073669 145
1717443647299 0.6940706968307495 146
1717443648081 0.6935074925422668 147
1717443648851 0.6925274729728699 148
1717443649600 0.694120466709137 149
1717443650315 0.6918829083442688 150
1717443654122 0.6907998919487 151
1717443654828 0.6904601454734802 152
1717443655518 0.6918709874153137 153
1717443656270 0.6935076117515564 154
1717443656991 0.6901431083679199 155
1717443657708 0.6919234991073608 156
1717443658424 0.690709114074707 157
1717443659144 0.6886844038963318 158
1717443659872 0.6934921741485596 159
1717443660590 0.6906453967094421 160
1717443668005 0.6866435408592224 161
1717443668685 0.6922326683998108 162
1717443669387 0.6945379972457886 163
1717443670057 0.6932863593101501 164
1717443670711 0.6903144717216492 165
1717443671429 0.6951526999473572 166
1717443672147 0.6896238327026367 167
1717443672804 0.6942972540855408 168
1717443673499 0.6945518255233765 169
1717443674191 0.6907891631126404 170
1717443677908 0.6898815035820007 171
1717443678596 0.6911057233810425 172
1717443679342 0.691593587398529 173
1717443680067 0.6880665421485901 174
1717443680837 0.6949703693389893 175
1717443681569 0.6933659315109253 176
1717443682262 0.6912536025047302 177
1717443682986 0.6912856698036194 178
1717443683729 0.6895133852958679 179
1717443684447 0.6883217692375183 180
1717443688162 0.694865882396698 181
1717443688901 0.6913925409317017 182
1717443689641 0.6917061805725098 183
1717443690378 0.6899467706680298 184
1717443691165 0.690142035484314 185
1717443691905 0.6954938173294067 186
1717443692660 0.6950467824935913 187
1717443693376 0.6902441382408142 188
1717443694074 0.6910344958305359 189
1717443694820 0.6886469125747681 190
1717443698464 0.6901058554649353 191
1717443699175 0.6986547708511353 192
1717443699876 0.6908504366874695 193
1717443700612 0.6914113163948059 194
1717443701314 0.6934569478034973 195
1717443702061 0.6936208605766296 196
1717443702783 0.6936808824539185 197
1717443703510 0.6913818717002869 198
1717443704237 0.697105884552002 199
1717443704893 0.688755214214325 200
1717443708590 0.6923368573188782 201
1717443709312 0.6886709332466125 202
1717443710065 0.6906091570854187 203
1717443710810 0.6910845041275024 204
1717443711567 0.6926703453063965 205
1717443712306 0.689639151096344 206
1717443713011 0.6931704878807068 207
1717443713769 0.6892209053039551 208
1717443714487 0.692120373249054 209
1717443715225 0.6898830533027649 210
1717443719142 0.6893782019615173 211
1717443719909 0.6960443258285522 212
1717443720739 0.6917567253112793 213
1717443721483 0.6910827159881592 214
1717443722261 0.6836599707603455 215
1717443723016 0.6953418850898743 216
1717443723786 0.6908068656921387 217
1717443724617 0.6940245032310486 218
1717443725376 0.6918385028839111 219
1717443726151 0.6904258131980896 220
1717443730038 0.6903709173202515 221
1717443730820 0.6937265396118164 222
1717443731597 0.6892661452293396 223
1717443732311 0.6929707527160645 224
1717443733052 0.6931381821632385 225
1717443733804 0.6883668899536133 226
1717443734532 0.6868322491645813 227
1717443735258 0.6933684349060059 228
1717443735987 0.6975563764572144 229
1717443736751 0.6927061080932617 230
1717443740610 0.6923843622207642 231
1717443741394 0.6922695636749268 232
1717443742144 0.6892901659011841 233
1717443742866 0.6898696422576904 234
1717443743644 0.6869754195213318 235
1717443744427 0.6912582516670227 236
1717443745141 0.6883419752120972 237
1717443745896 0.6944772005081177 238
1717443746632 0.6842681169509888 239
1717443747383 0.6907132863998413 240
1717443751199 0.6958699822425842 241
1717443751940 0.6944513320922852 242
1717443752640 0.6905222535133362 243
1717443753397 0.6906338334083557 244
1717443754130 0.6907747387886047 245
1717443754884 0.6997087597846985 246
1717443755608 0.6817263960838318 247
1717443756365 0.6929831504821777 248
1717443757106 0.6930803656578064 249
1717443757881 0.6890644431114197 250
1717443761685 0.6913565397262573 251
1717443762452 0.6891012191772461 252
1717443763228 0.6893107295036316 253
1717443763979 0.6888725757598877 254
1717443764767 0.6932040452957153 255
1717443765483 0.6931096315383911 256
1717443766236 0.6867592930793762 257
1717443767005 0.6923946142196655 258
1717443767719 0.6937817335128784 259
1717443768486 0.6961888074874878 260
1717443772305 0.6889256834983826 261
1717443773084 0.6954778432846069 262
1717443773844 0.694625198841095 263
1717443774576 0.6868635416030884 264
1717443775323 0.6886383295059204 265
1717443776087 0.6884775757789612 266
1717443776920 0.6946161985397339 267
1717443777707 0.6862909197807312 268
1717443778449 0.6908096671104431 269
1717443779186 0.686559796333313 270
1717443783018 0.6879730820655823 271
1717443783764 0.6927353143692017 272
1717443784523 0.692996084690094 273
1717443785260 0.6906192898750305 274
1717443785998 0.6927950382232666 275
1717443786758 0.6884527206420898 276
1717443787537 0.6904706358909607 277
1717443788291 0.6878373622894287 278
1717443789054 0.6876102685928345 279
1717443789812 0.6912229061126709 280
1717443793634 0.695717990398407 281
1717443794404 0.690722644329071 282
1717443795118 0.6919658780097961 283
1717443795867 0.6932058334350586 284
1717443796667 0.6946330666542053 285
1717443797429 0.692581295967102 286
1717443798156 0.6894757747650146 287
1717443798872 0.6948335766792297 288
1717443799645 0.6921744346618652 289
1717443800421 0.6910367608070374 290
1717443804455 0.6931666135787964 291
1717443805248 0.688820481300354 292
1717443805980 0.6911489367485046 293
1717443806739 0.6856595873832703 294
1717443807495 0.6927783489227295 295
1717443808203 0.6905698776245117 296
1717443808938 0.6934891939163208 297
1717443809730 0.6905883550643921 298
1717443810493 0.6906370520591736 299
1717443811296 0.69349205493927 300
1717443815238 0.6881381273269653 301
1717443815972 0.6910509467124939 302
1717443816706 0.6911455392837524 303
1717443817458 0.6907929182052612 304
1717443818232 0.6870570182800293 305
1717443818983 0.6914774775505066 306
1717443819718 0.6892040967941284 307
1717443820479 0.6912919282913208 308
1717443821228 0.6912329196929932 309
1717443821943 0.6821631193161011 310
1717443825740 0.6957733631134033 311
1717443826521 0.6911482810974121 312
1717443827248 0.6847718358039856 313
1717443828182 0.6852101683616638 314
1717443828951 0.6888862252235413 315
1717443829675 0.6894913911819458 316
1717443830465 0.6876857280731201 317
1717443831188 0.691992998123169 318
1717443831957 0.6902960538864136 319
1717443832731 0.6923830509185791 320
1717443836533 0.6880190968513489 321
1717443837298 0.6880943775177002 322
1717443838029 0.6920672655105591 323
1717443838769 0.684681236743927 324
1717443839556 0.688140869140625 325
1717443840330 0.6983159184455872 326
1717443841085 0.6859790086746216 327
1717443841902 0.6955271363258362 328
1717443842665 0.6887255907058716 329
1717443843439 0.6970277428627014 330
1717443847224 0.6907762289047241 331
1717443847956 0.6872555613517761 332
1717443848719 0.6879035234451294 333
1717443849478 0.6900381445884705 334
1717443850242 0.6918573379516602 335
1717443851001 0.689788281917572 336
1717443851751 0.6927106976509094 337
1717443852541 0.6898440718650818 338
1717443853316 0.6944031119346619 339
1717443854065 0.6906982064247131 340
1717443857755 0.6900718212127686 341
1717443858477 0.696690022945404 342
1717443859257 0.6916733980178833 343
1717443860031 0.6944349408149719 344
1717443860813 0.6893631219863892 345
1717443861569 0.6895999908447266 346
1717443862334 0.6890697479248047 347
1717443863055 0.6893126368522644 348
1717443863828 0.6907805800437927 349
1717443864605 0.6933725476264954 350
1717443868322 0.6886675953865051 351
1717443869041 0.6869782209396362 352
1717443869828 0.6913870573043823 353
1717443870584 0.6975935101509094 354
1717443871440 0.6903591156005859 355
1717443872202 0.6815842986106873 356
1717443872967 0.692733883857727 357
1717443873717 0.6849583387374878 358
1717443874449 0.6862243413925171 359
1717443875212 0.6948057413101196 360
1717443881785 0.6924376487731934 361
1717443882542 0.6804222464561462 362
1717443883313 0.6863388419151306 363
1717443884059 0.6866341829299927 364
1717443884792 0.6898000240325928 365
1717443885549 0.6930382251739502 366
1717443886324 0.6943234205245972 367
1717443887063 0.692655086517334 368
1717443887814 0.6942013502120972 369
1717443888593 0.6888877749443054 370
1717443892317 0.6934550404548645 371
1717443893087 0.6905836462974548 372
1717443893834 0.6905836462974548 373
1717443894561 0.6955130696296692 374
1717443895319 0.6882091760635376 375
1717443896036 0.6903882622718811 376
1717443896737 0.6932390928268433 377
1717443897487 0.6933169364929199 378
1717443898209 0.6919931769371033 379
1717443898927 0.6886228919029236 380
1717443902602 0.6883940100669861 381
1717443903345 0.6928083896636963 382
1717443904076 0.6958714723587036 383
1717443904837 0.6821019649505615 384
1717443905586 0.6993992924690247 385
1717443906350 0.6854720711708069 386
1717443907097 0.692950963973999 387
1717443907850 0.6902495622634888 388
1717443908613 0.6944988965988159 389
1717443909269 0.6944059729576111 390
1717443913005 0.6915484666824341 391
1717443913778 0.6937273740768433 392
1717443914535 0.6914815306663513 393
1717443915259 0.6930093169212341 394
1717443915998 0.691749632358551 395
1717443916750 0.6848624348640442 396
1717443917508 0.6961127519607544 397
1717443918295 0.6956981420516968 398
1717443919108 0.6882395148277283 399
1717443919936 0.6932497024536133 400
1717443923715 0.6945456266403198 401
1717443924488 0.6866512298583984 402
1717443925246 0.6892343163490295 403
1717443925976 0.6879732012748718 404
1717443926757 0.6938948035240173 405
1717443927467 0.6881306171417236 406
1717443928206 0.692140519618988 407
1717443928970 0.6866417527198792 408
1717443929773 0.6882143020629883 409
1717443930510 0.6890848278999329 410
1717443934516 0.6894791126251221 411
1717443935282 0.6874251365661621 412
1717443936034 0.693917989730835 413
1717443936750 0.684846043586731 414
1717443937475 0.6890886425971985 415
1717443938271 0.6877983212471008 416
1717443938988 0.6957761645317078 417
1717443939714 0.6896926760673523 418
1717443940414 0.6877553462982178 419
1717443941139 0.682456374168396 420
1717443947708 0.6834838390350342 421
1717443948498 0.6945890784263611 422
1717443949235 0.6938690543174744 423
1717443949932 0.6935411691665649 424
1717443950703 0.6949861645698547 425
1717443951467 0.680502712726593 426
1717443952187 0.6830061674118042 427
1717443952915 0.683040201663971 428
1717443953641 0.6906834840774536 429
1717443954382 0.6888616681098938 430
1717443958147 0.6974160671234131 431
1717443958877 0.6827915906906128 432
1717443959619 0.7011811137199402 433
1717443960334 0.6960732340812683 434
1717443961032 0.691895604133606 435
1717443961727 0.6897993087768555 436
1717443962444 0.6951677799224854 437
1717443963171 0.6884623169898987 438
1717443963905 0.6885820627212524 439
1717443964619 0.6885924935340881 440
1717443968269 0.6939376592636108 441
1717443968971 0.6901743412017822 442
1717443969727 0.6927386522293091 443
1717443970444 0.6959192752838135 444
1717443971190 0.6930550932884216 445
1717443971908 0.6944975256919861 446
1717443972573 0.6860632300376892 447
1717443973404 0.6885305047035217 448
1717443974139 0.6936194896697998 449
1717443974896 0.6876783967018127 450
1717443978574 0.6867880821228027 451
1717443979292 0.6897915005683899 452
1717443980020 0.6885470747947693 453
1717443980762 0.6863121390342712 454
1717443981484 0.6864117980003357 455
1717443982203 0.6887199282646179 456
1717443982901 0.6859617829322815 457
1717443983655 0.6876137256622314 458
1717443984409 0.6920454502105713 459
1717443985142 0.6854691505432129 460
1717443988843 0.6881061792373657 461
1717443989557 0.6897159814834595 462
1717443990364 0.6929898858070374 463
1717443991140 0.6815046668052673 464
1717443991888 0.6829739809036255 465
1717443992598 0.6933754086494446 466
1717443993336 0.6751040816307068 467
1717443994101 0.6942417621612549 468
1717443994820 0.6939802169799805 469
1717443995535 0.694314181804657 470
1717443999179 0.6893158555030823 471
1717443999894 0.6832137703895569 472
1717444000629 0.7033644318580627 473
1717444001337 0.691231369972229 474
1717444002068 0.6925901770591736 475
1717444002773 0.6895753145217896 476
1717444003452 0.6850265860557556 477
1717444004242 0.6870133280754089 478
1717444004948 0.694857120513916 479
1717444005630 0.6883751749992371 480
1717444012228 0.6909547448158264 481
1717444012887 0.6895368695259094 482
1717444013591 0.6899388432502747 483
1717444014334 0.6906785368919373 484
1717444015042 0.6846202611923218 485
1717444015738 0.6855395436286926 486
1717444016440 0.6874860525131226 487
1717444017152 0.6888118982315063 488
1717444017879 0.6998793482780457 489
1717444018603 0.6882814168930054 490
1717444022220 0.6924964785575867 491
1717444022936 0.6923098564147949 492
1717444023639 0.6888272166252136 493
1717444024344 0.6876788139343262 494
1717444025079 0.6900274753570557 495
1717444025777 0.6881468296051025 496
1717444026459 0.6906470060348511 497
1717444027199 0.6940984725952148 498
1717444027929 0.6856140494346619 499
1717444028630 0.6891934275627136 500
