1717428695583 0.7101448774337769 1
1717428695746 0.6948000192642212 2
1717428695918 0.7188494205474854 3
1717428696090 0.7042437791824341 4
1717428696262 0.6920624375343323 5
1717428696459 0.6949207186698914 6
1717428696630 0.6938171982765198 7
1717428696805 0.6927766799926758 8
1717428696981 0.6921135187149048 9
1717428697184 0.6960112452507019 10
1717428700931 0.6950356364250183 11
1717428701122 0.6933553218841553 12
1717428701363 0.6938406229019165 13
1717428701566 0.6927677989006042 14
1717428701769 0.6934911012649536 15
1717428701957 0.6933732032775879 16
1717428702175 0.6970357894897461 17
1717428702377 0.6924399137496948 18
1717428702576 0.6938841342926025 19
1717428702795 0.6930837631225586 20
1717428703559 0.6934733986854553 21
1717428703772 0.6939610242843628 22
1717428703985 0.6932851672172546 23
1717428704194 0.6950061917304993 24
1717428704405 0.6937443017959595 25
1717428704593 0.6930447816848755 26
1717428704796 0.6930489540100098 27
1717428705009 0.6928044557571411 28
1717428705201 0.6940221786499023 29
1717428705405 0.6931939721107483 30
1717428706199 0.6933848857879639 31
1717428706390 0.6931877732276917 32
1717428706609 0.6927759647369385 33
1717428706827 0.695110559463501 34
1717428707034 0.692108690738678 35
1717428707237 0.6946412324905396 36
1717428707434 0.6966423988342285 37
1717428707638 0.6935896277427673 38
1717428707839 0.6920435428619385 39
1717428708058 0.6925972700119019 40
1717428711683 0.6931511163711548 41
1717428711872 0.6941426992416382 42
1717428712099 0.694040060043335 43
1717428712302 0.692995011806488 44
1717428712510 0.6933366060256958 45
1717428712713 0.6930742263793945 46
1717428712916 0.6923872232437134 47
1717428713129 0.6977888345718384 48
1717428713337 0.6932788491249084 49
1717428713540 0.692852795124054 50
1717428714335 0.694496750831604 51
1717428714529 0.6931064128875732 52
1717428714748 0.6930699348449707 53
1717428714951 0.6954803466796875 54
1717428715163 0.6934265494346619 55
1717428715366 0.6919825077056885 56
1717428715585 0.6921442747116089 57
1717428715803 0.6941109895706177 58
1717428716007 0.6952619552612305 59
1717428716194 0.6933110952377319 60
1717428717006 0.6912156343460083 61
1717428717197 0.6938989758491516 62
1717428717396 0.6945904493331909 63
1717428717599 0.6934711933135986 64
1717428717802 0.6949240565299988 65
1717428718006 0.6942268013954163 66
1717428718209 0.6931032538414001 67
1717428718410 0.6937021613121033 68
1717428718614 0.6925523281097412 69
1717428718817 0.6934690475463867 70
1717428719613 0.6933897137641907 71
1717428719824 0.6930059194564819 72
1717428720028 0.6937770843505859 73
1717428720231 0.693113386631012 74
1717428720424 0.6930550932884216 75
1717428720627 0.6929144263267517 76
1717428720831 0.6925157308578491 77
1717428721018 0.6946775913238525 78
1717428721225 0.6932863593101501 79
1717428721424 0.6939753293991089 80
1717428722234 0.6944412589073181 81
1717428722424 0.6939780712127686 82
1717428722627 0.6949023604393005 83
1717428722814 0.6906177401542664 84
1717428723008 0.6933782696723938 85
1717428723210 0.6917803883552551 86
1717428723411 0.6954928040504456 87
1717428723614 0.6925765872001648 88
1717428723818 0.6913090944290161 89
1717428724036 0.6955393552780151 90
1717428724848 0.6938502788543701 91
1717428725051 0.6949010491371155 92
1717428725258 0.6935065388679504 93
1717428725467 0.692772626876831 94
1717428725671 0.6919698119163513 95
1717428725883 0.6963824033737183 96
1717428726090 0.7012136578559875 97
1717428726261 0.6972746849060059 98
1717428726444 0.6928784251213074 99
1717428726627 0.6930341720581055 100
1717428727393 0.6931964755058289 101
1717428727593 0.6929864287376404 102
1717428727776 0.6956015825271606 103
1717428728015 0.6929855346679688 104
1717428728193 0.6920500993728638 105
1717428728388 0.6897680759429932 106
1717428728606 0.6948536038398743 107
1717428728774 0.6951420903205872 108
1717428728960 0.6941913962364197 109
1717428729154 0.6938673257827759 110
1717428729914 0.6929605007171631 111
1717428730112 0.6927855014801025 112
1717428730317 0.6944079399108887 113
1717428730518 0.6928282380104065 114
1717428730721 0.6887159943580627 115
1717428730940 0.6905378103256226 116
1717428731144 0.6904668211936951 117
1717428731348 0.7012238502502441 118
1717428731542 0.6885284781455994 119
1717428731745 0.7019435167312622 120
1717428732547 0.6942797899246216 121
1717428732761 0.6938488483428955 122
1717428732964 0.694491446018219 123
1717428733169 0.6928006410598755 124
1717428733338 0.6915338039398193 125
1717428733571 0.7008620500564575 126
1717428733754 0.6938080191612244 127
1717428733952 0.6948807239532471 128
1717428734138 0.7030969262123108 129
1717428734322 0.6964301466941833 130
1717428735054 0.6929247379302979 131
1717428735251 0.692512035369873 132
1717428735459 0.6934150457382202 133
1717428735637 0.6943342685699463 134
1717428735820 0.6908175945281982 135
1717428735996 0.6932449340820312 136
1717428736199 0.6927570104598999 137
1717428736400 0.6984410285949707 138
1717428736616 0.6923258304595947 139
1717428736822 0.6920455098152161 140
1717428737577 0.6946547627449036 141
1717428737798 0.6925063729286194 142
1717428738001 0.6926496624946594 143
1717428738168 0.6936869025230408 144
1717428738370 0.6936524510383606 145
1717428738584 0.6932879090309143 146
1717428738767 0.692929744720459 147
1717428738949 0.6932958364486694 148
1717428739151 0.693559467792511 149
1717428739400 0.6937271952629089 150
1717428740151 0.6935448050498962 151
1717428740333 0.6936612129211426 152
1717428740500 0.6950158476829529 153
1717428740699 0.6931036114692688 154
1717428740894 0.6938157677650452 155
1717428741086 0.693889319896698 156
1717428741299 0.6939046382904053 157
1717428741463 0.6927122473716736 158
1717428741664 0.6931048035621643 159
1717428741881 0.693566083908081 160
1717428742664 0.6928898692131042 161
1717428742846 0.6926354765892029 162
1717428743031 0.6943824887275696 163
1717428743226 0.6933605670928955 164
1717428743426 0.6922120451927185 165
1717428743613 0.6927300691604614 166
1717428743797 0.6957268714904785 167
1717428743991 0.6932145953178406 168
1717428744214 0.6923438310623169 169
1717428744409 0.6937044858932495 170
1717428745181 0.6926794648170471 171
1717428745388 0.6929563283920288 172
1717428745577 0.6920026540756226 173
1717428745764 0.6933107376098633 174
1717428745949 0.6960991024971008 175
1717428746198 0.6935368180274963 176
1717428746410 0.6938146948814392 177
1717428746843 0.6932006478309631 178
1717428747090 0.6952385306358337 179
1717428747276 0.6952464580535889 180
1717428748043 0.6935707330703735 181
1717428748242 0.6942565441131592 182
1717428748442 0.6923312544822693 183
1717428748626 0.6931779384613037 184
1717428748823 0.6928404569625854 185
1717428749009 0.6929118633270264 186
1717428749190 0.6939956545829773 187
1717428749391 0.6938380002975464 188
1717428749570 0.6949834823608398 189
1717428749783 0.6932478547096252 190
1717428753605 0.6929351091384888 191
1717428753797 0.6933029294013977 192
1717428753983 0.6930257678031921 193
1717428754171 0.6941023468971252 194
1717428754368 0.6920061707496643 195
1717428754578 0.6949316263198853 196
1717428754796 0.6939505338668823 197
1717428755001 0.6933749914169312 198
1717428755188 0.6942928433418274 199
1717428755354 0.6914300322532654 200
1717428756133 0.6938016414642334 201
1717428756304 0.694119393825531 202
1717428756485 0.6945309042930603 203
1717428756681 0.6929110288619995 204
1717428756869 0.6936339735984802 205
1717428757053 0.6932502388954163 206
1717428757252 0.6956177949905396 207
1717428757468 0.6931754350662231 208
1717428757669 0.6921545267105103 209
1717428757868 0.6924444437026978 210
1717428758658 0.6916059255599976 211
1717428758857 0.693279504776001 212
1717428759050 0.6930503249168396 213
1717428759246 0.6928707361221313 214
1717428759441 0.6927314400672913 215
1717428759644 0.6932636499404907 216
1717428759844 0.695633590221405 217
1717428760047 0.6931614279747009 218
1717428760235 0.6937500834465027 219
1717428760425 0.6910589933395386 220
1717428761166 0.6929506063461304 221
1717428761349 0.6925662755966187 222
1717428761515 0.6920490264892578 223
1717428761714 0.6919093728065491 224
1717428761913 0.695475697517395 225
1717428762114 0.694882333278656 226
1717428762299 0.7005548477172852 227
1717428762481 0.6881273984909058 228
1717428762676 0.6936689615249634 229
1717428762880 0.6937371492385864 230
1717428767029 0.6948502063751221 231
1717428767213 0.6940684914588928 232
1717428767410 0.6908693909645081 233
1717428767609 0.6939787268638611 234
1717428767792 0.6923764944076538 235
1717428767988 0.6912949085235596 236
1717428768179 0.6927831172943115 237
1717428768388 0.6943431496620178 238
1717428768625 0.6922049522399902 239
1717428768819 0.6924805045127869 240
1717428769581 0.6939784288406372 241
1717428769808 0.694191038608551 242
1717428770000 0.6926084160804749 243
1717428770174 0.6944677829742432 244
1717428770408 0.6958230137825012 245
1717428770593 0.6945399641990662 246
1717428770780 0.6945224404335022 247
1717428770988 0.6934642791748047 248
1717428771183 0.6908974647521973 249
1717428771401 0.6954494714736938 250
1717428772192 0.6939505934715271 251
1717428772357 0.6940973997116089 252
1717428772540 0.6917193531990051 253
1717428772741 0.6943941712379456 254
1717428772930 0.6902490258216858 255
1717428773133 0.6930561661720276 256
1717428773356 0.6930925846099854 257
1717428773572 0.6917319297790527 258
1717428773767 0.6938358545303345 259
1717428773955 0.6927422285079956 260
1717428774704 0.6920419931411743 261
1717428774907 0.6927783489227295 262
1717428775109 0.6937315464019775 263
1717428775302 0.692458987236023 264
1717428775504 0.6934008598327637 265
1717428775689 0.6914777159690857 266
1717428775918 0.690234899520874 267
1717428776119 0.6920826435089111 268
1717428776303 0.6915267705917358 269
1717428776498 0.6992304921150208 270
1717428777290 0.6939964890480042 271
1717428777493 0.6950708627700806 272
1717428777698 0.6910304427146912 273
1717428777901 0.6944244503974915 274
1717428778104 0.6924472451210022 275
1717428778302 0.6944290995597839 276
1717428778508 0.6929160952568054 277
1717428778700 0.6917428970336914 278
1717428778932 0.6930405497550964 279
1717428779130 0.6922830939292908 280
1717428779900 0.6926412582397461 281
1717428780083 0.6930826306343079 282
1717428780286 0.6924372315406799 283
1717428780502 0.6948500275611877 284
1717428780700 0.6941186189651489 285
1717428780881 0.6928417086601257 286
1717428781066 0.6943417191505432 287
1717428781248 0.6905675530433655 288
1717428781440 0.6990289092063904 289
1717428781630 0.6933591365814209 290
1717428782627 0.6941414475440979 291
1717428782822 0.6942170262336731 292
1717428783032 0.6926177740097046 293
1717428783222 0.6924244165420532 294
1717428783422 0.6919535398483276 295
1717428783610 0.6962080597877502 296
1717428783818 0.6894395351409912 297
1717428784040 0.6932777762413025 298
1717428784230 0.6960657835006714 299
1717428784422 0.6917462944984436 300
1717428785212 0.6913094520568848 301
1717428785428 0.6924592852592468 302
1717428785618 0.6934441328048706 303
1717428785807 0.6938630938529968 304
1717428786011 0.6933982372283936 305
1717428786216 0.6910440325737 306
1717428786421 0.6959154605865479 307
1717428786611 0.6928874850273132 308
1717428786811 0.6914383172988892 309
1717428787030 0.6908350586891174 310
1717428787780 0.6920591592788696 311
1717428787956 0.6928486227989197 312
1717428788128 0.6961917877197266 313
1717428788309 0.6945957541465759 314
1717428788502 0.6911409497261047 315
1717428788705 0.6951103806495667 316
1717428788893 0.6954792737960815 317
1717428789074 0.6921848058700562 318
1717428789448 0.6935453414916992 319
1717428789639 0.6947382092475891 320
1717428790402 0.6929677128791809 321
1717428790525 0.6917285919189453 322
1717428790639 0.6936269402503967 323
1717428790757 0.6932428479194641 324
1717428790835 0.6931405067443848 325
1717428790960 0.6939327120780945 326
1717428791041 0.6938649415969849 327
1717428791135 0.6918460726737976 328
1717428791245 0.6940822005271912 329
1717428791339 0.6949912905693054 330
1717428792062 0.6917462348937988 331
1717428792243 0.6922819018363953 332
1717428792322 0.6934747695922852 333
1717428792431 0.6934849619865417 334
1717428792540 0.6918673515319824 335
1717428792642 0.6947242617607117 336
1717428792735 0.6928009986877441 337
1717428792829 0.6910936236381531 338
1717428792922 0.6940057873725891 339
1717428793032 0.6943748593330383 340
1717428793799 0.6944761872291565 341
1717428793902 0.6947375535964966 342
1717428794004 0.6902730464935303 343
1717428794074 0.694817066192627 344
1717428794176 0.6919982433319092 345
1717428794305 0.6943702101707458 346
1717428794430 0.6894750595092773 347
1717428794570 0.6972066164016724 348
1717428794673 0.694551944732666 349
1717428794817 0.6960667371749878 350
1717428795477 0.6926673650741577 351
1717428795570 0.6944072842597961 352
1717428795674 0.6923431158065796 353
1717428795765 0.6922335624694824 354
1717428795898 0.6971760988235474 355
1717428795992 0.6911331415176392 356
1717428796133 0.6974172592163086 357
1717428796220 0.6936843991279602 358
1717428796286 0.6919952630996704 359
1717428796405 0.6942794322967529 360
1717428797074 0.692402184009552 361
1717428797199 0.6923059821128845 362
1717428797317 0.6945081353187561 363
1717428797452 0.6947801113128662 364
1717428797577 0.6922047734260559 365
1717428797687 0.6915364861488342 366
1717428797829 0.6923309564590454 367
1717428797953 0.6930663585662842 368
1717428798031 0.6935476064682007 369
1717428798109 0.6962059140205383 370
1717428798813 0.6933158040046692 371
1717428798919 0.6927244663238525 372
1717428799000 0.6909071803092957 373
1717428799109 0.6922064423561096 374
1717428799204 0.6930676102638245 375
1717428799348 0.6948222517967224 376
1717428799457 0.6928667426109314 377
1717428799612 0.692794144153595 378
1717428799721 0.6884433031082153 379
1717428799866 0.689922571182251 380
1717428800550 0.6916521191596985 381
1717428800630 0.6981436610221863 382
1717428800716 0.7002960443496704 383
1717428800840 0.690459668636322 384
1717428800966 0.699126660823822 385
1717428801065 0.6928538680076599 386
1717428801178 0.6943269371986389 387
1717428801301 0.6932350993156433 388
1717428801440 0.6963353157043457 389
1717428801534 0.6937502026557922 390
1717428802298 0.6962440609931946 391
1717428802475 0.6977013349533081 392
1717428802663 0.6947298645973206 393
1717428802839 0.693022608757019 394
1717428803026 0.6939403414726257 395
1717428803214 0.6930091977119446 396
1717428803376 0.6981225609779358 397
1717428803573 0.6935536861419678 398
1717428803763 0.6948270201683044 399
1717428803935 0.6935384273529053 400
1717428804741 0.6928585171699524 401
1717428804938 0.6940352320671082 402
1717428805126 0.6944436430931091 403
1717428805312 0.7000070214271545 404
1717428805502 0.6943082809448242 405
1717428805689 0.6921733021736145 406
1717428805861 0.6926565170288086 407
1717428806035 0.6928061842918396 408
1717428806222 0.692089319229126 409
1717428806411 0.6948957443237305 410
1717428807248 0.693168044090271 411
1717428807477 0.6926183104515076 412
1717428807712 0.6914579272270203 413
1717428807900 0.6922670006752014 414
1717428808104 0.6908149123191833 415
1717428808293 0.6944689750671387 416
1717428808485 0.6953829526901245 417
1717428808684 0.6929109692573547 418
1717428808887 0.693690836429596 419
1717428809092 0.6917433142662048 420
1717428809858 0.6922140121459961 421
1717428810114 0.6930328011512756 422
1717428810309 0.6922483444213867 423
1717428810519 0.6958622336387634 424
1717428810721 0.6987128853797913 425
1717428810924 0.6913870573043823 426
1717428811159 0.692779541015625 427
1717428811369 0.694183349609375 428
1717428811573 0.6937410831451416 429
1717428811771 0.6960824728012085 430
1717428812550 0.6931617259979248 431
1717428812768 0.6906021237373352 432
1717428812960 0.6920232772827148 433
1717428813156 0.6951502561569214 434
1717428813369 0.6960911154747009 435
1717428813572 0.6929603815078735 436
1717428813775 0.6931979656219482 437
1717428813979 0.6947754621505737 438
1717428814167 0.6925560832023621 439
1717428814372 0.6932249665260315 440
1717428815155 0.6916165947914124 441
1717428815351 0.6935783624649048 442
1717428815564 0.6985325813293457 443
1717428815767 0.6946795582771301 444
1717428815955 0.6950443387031555 445
1717428816158 0.6925957798957825 446
1717428816366 0.6929672360420227 447
1717428816565 0.6957313418388367 448
1717428816763 0.694636344909668 449
1717428816982 0.6932713985443115 450
1717428817771 0.6917778849601746 451
1717428817962 0.6930341720581055 452
1717428818163 0.6938605904579163 453
1717428818364 0.6927468776702881 454
1717428818583 0.6914001107215881 455
1717428818774 0.6933925747871399 456
1717428818977 0.6894006729125977 457
1717428819181 0.7044393420219421 458
1717428819395 0.698682963848114 459
1717428819599 0.6945487856864929 460
1717428820378 0.6920580267906189 461
1717428820590 0.6935903429985046 462
1717428820795 0.693180501461029 463
1717428820998 0.6952348351478577 464
1717428821202 0.695425808429718 465
1717428821409 0.6906508207321167 466
1717428821591 0.694958508014679 467
1717428821802 0.6929386258125305 468
1717428822001 0.6933274865150452 469
1717428822204 0.6934792995452881 470
1717428822989 0.6917590498924255 471
1717428823204 0.6921946406364441 472
1717428823412 0.6925379633903503 473
1717428823600 0.6904644966125488 474
1717428823788 0.6960446238517761 475
1717428823991 0.6952829957008362 476
1717428824210 0.6922195553779602 477
1717428824407 0.6915274262428284 478
1717428824618 0.6924630403518677 479
1717428824817 0.6940173506736755 480
1717428825605 0.6972751021385193 481
1717428825820 0.690613865852356 482
1717428826029 0.696461021900177 483
1717428826245 0.6931436657905579 484
1717428826452 0.6919262409210205 485
1717428826640 0.6924079060554504 486
1717428826833 0.6912651658058167 487
1717428827036 0.6922075748443604 488
1717428827235 0.6937427520751953 489
1717428827427 0.6942068338394165 490
1717428828207 0.6926011443138123 491
1717428828450 0.6933222413063049 492
1717428828643 0.6935121417045593 493
1717428828848 0.6926211714744568 494
1717428829051 0.6922918558120728 495
1717428829256 0.6933952569961548 496
1717428829481 0.6941042542457581 497
1717428829699 0.6934309601783752 498
1717428829905 0.6919413208961487 499
1717428830108 0.6939088702201843 500
