1717444032592 0.6944262981414795 1
1717444033483 0.6963364481925964 2
1717444034387 0.6940545439720154 3
1717444035266 0.693574070930481 4
1717444036192 0.6952834725379944 5
1717444037066 0.6995551586151123 6
1717444037981 0.6896148920059204 7
1717444038853 0.6941434741020203 8
1717444039711 0.6932268738746643 9
1717444040568 0.6919337511062622 10
1717444048308 0.6951817274093628 11
1717444049205 0.6876624226570129 12
1717444050078 0.693799614906311 13
1717444050955 0.6980121731758118 14
1717444051876 0.6976523399353027 15
1717444052713 0.6976161599159241 16
1717444053538 0.690676212310791 17
1717444054387 0.6988260746002197 18
1717444055200 0.6912588477134705 19
1717444056042 0.700264036655426 20
1717444063561 0.6945636868476868 21
1717444064398 0.703178346157074 22
1717444065190 0.6955361366271973 23
1717444066038 0.693550169467926 24
1717444066836 0.6920058131217957 25
1717444067643 0.691962718963623 26
1717444068435 0.6925023198127747 27
1717444069281 0.6948151588439941 28
1717444070060 0.6982476711273193 29
1717444070842 0.694753885269165 30
1717444075149 0.6938502788543701 31
1717444075951 0.6932670474052429 32
1717444076798 0.6923703551292419 33
1717444077569 0.6892794966697693 34
1717444078380 0.6932539343833923 35
1717444079168 0.6910423040390015 36
1717444079966 0.6947764754295349 37
1717444080796 0.6939990520477295 38
1717444081592 0.6955485939979553 39
1717444082351 0.6939351558685303 40
1717444086753 0.6920719146728516 41
1717444087561 0.6946171522140503 42
1717444088356 0.6923131346702576 43
1717444089137 0.6912147998809814 44
1717444089935 0.6929606795310974 45
1717444090737 0.6928706765174866 46
1717444091558 0.6928831338882446 47
1717444092386 0.694378674030304 48
1717444093207 0.6941301822662354 49
1717444094010 0.6939593553543091 50
1717444098314 0.6918216347694397 51
1717444099119 0.6912564635276794 52
1717444099913 0.6911720633506775 53
1717444100681 0.6898490786552429 54
1717444101503 0.6935694217681885 55
1717444102341 0.690018355846405 56
1717444103164 0.6924706697463989 57
1717444103996 0.6904966235160828 58
1717444104890 0.6952261328697205 59
1717444105659 0.6946141719818115 60
1717444109951 0.6934124827384949 61
1717444110782 0.6909255981445312 62
1717444111745 0.687987744808197 63
1717444112545 0.6952328681945801 64
1717444113332 0.6919198632240295 65
1717444114150 0.6919665932655334 66
1717444114976 0.6915236115455627 67
1717444115777 0.6932799816131592 68
1717444116609 0.6948825120925903 69
1717444117412 0.6939342617988586 70
1717444124856 0.6907597184181213 71
1717444125714 0.69564288854599 72
1717444126547 0.6906242966651917 73
1717444127376 0.6928706765174866 74
1717444128286 0.6938627362251282 75
1717444129113 0.6914112567901611 76
1717444129939 0.6891350150108337 77
1717444130782 0.6940261125564575 78
1717444131629 0.6942160725593567 79
1717444132456 0.6905165314674377 80
1717444136822 0.6986345052719116 81
1717444137682 0.6935994029045105 82
1717444138518 0.6902499198913574 83
1717444139339 0.6932819485664368 84
1717444140163 0.6896116137504578 85
1717444141014 0.6940439343452454 86
1717444141839 0.6943079829216003 87
1717444142709 0.6913009881973267 88
1717444143555 0.6924185752868652 89
1717444144386 0.6873574256896973 90
1717444148831 0.6914694309234619 91
1717444149673 0.6921867728233337 92
1717444150523 0.6940425038337708 93
1717444151314 0.6942282319068909 94
1717444152125 0.6930217146873474 95
1717444152984 0.6903910636901855 96
1717444153828 0.6930878758430481 97
1717444154710 0.6924431920051575 98
1717444155554 0.6911597847938538 99
1717444156381 0.6944367289543152 100
1717444163636 0.6871938705444336 101
1717444164456 0.6902164816856384 102
1717444165280 0.6871795058250427 103
1717444166079 0.6938762068748474 104
1717444166933 0.6907692551612854 105
1717444167722 0.691457986831665 106
1717444168529 0.689267098903656 107
1717444169325 0.6895332932472229 108
1717444170114 0.6900621056556702 109
1717444170932 0.6913620829582214 110
1717444175278 0.6892648935317993 111
1717444176054 0.6910836696624756 112
1717444176880 0.689577043056488 113
1717444177642 0.6839736700057983 114
1717444178472 0.6956030130386353 115
1717444179326 0.6915242671966553 116
1717444180108 0.6849103569984436 117
1717444180926 0.6980626583099365 118
1717444181764 0.6969390511512756 119
1717444182560 0.687830924987793 120
1717444186753 0.6894892454147339 121
1717444187510 0.6904961466789246 122
1717444188268 0.6958760023117065 123
1717444189055 0.6949831247329712 124
1717444189878 0.6933001279830933 125
1717444190650 0.693928599357605 126
1717444191467 0.6945522427558899 127
1717444192260 0.6919727325439453 128
1717444193066 0.6941705942153931 129
1717444193845 0.6907576322555542 130
1717444197941 0.6922654509544373 131
1717444198734 0.6931701302528381 132
1717444199550 0.6955836415290833 133
1717444200380 0.6916872262954712 134
1717444201124 0.6919019222259521 135
1717444201918 0.6932159066200256 136
1717444202680 0.6932086944580078 137
1717444203489 0.690906822681427 138
1717444204271 0.6938996911048889 139
1717444205093 0.6933565735816956 140
1717444209152 0.6909940838813782 141
1717444209948 0.6929947137832642 142
1717444210738 0.6930040121078491 143
1717444211532 0.6930221319198608 144
1717444212308 0.6934153437614441 145
1717444213137 0.6982401609420776 146
1717444213921 0.6907978653907776 147
1717444214714 0.6920239925384521 148
1717444215504 0.6899562478065491 149
1717444216315 0.6904571652412415 150
1717444220481 0.6919909715652466 151
1717444221292 0.6932021975517273 152
1717444222105 0.6895261406898499 153
1717444222870 0.6918854713439941 154
1717444223642 0.6896842122077942 155
1717444224419 0.6901029944419861 156
1717444225272 0.6917316317558289 157
1717444226068 0.6910496354103088 158
1717444226873 0.694571316242218 159
1717444227707 0.6914877891540527 160
1717444231893 0.690507709980011 161
1717444232658 0.6878724098205566 162
1717444233494 0.6912678480148315 163
1717444234218 0.6873735189437866 164
1717444235015 0.6950185298919678 165
1717444235770 0.692878246307373 166
1717444236585 0.6866819262504578 167
1717444237404 0.6860412955284119 168
1717444238177 0.6882652044296265 169
1717444238958 0.6957916617393494 170
1717444242977 0.6910002827644348 171
1717444243810 0.6851899027824402 172
1717444244618 0.6932305693626404 173
1717444245405 0.6926998496055603 174
1717444246175 0.6984502077102661 175
1717444246933 0.6977478265762329 176
1717444247728 0.6921766996383667 177
1717444248529 0.6931375861167908 178
1717444249340 0.6903278827667236 179
1717444250159 0.6911088228225708 180
1717444257165 0.6901940703392029 181
1717444257973 0.6905639171600342 182
1717444258833 0.691253125667572 183
1717444259713 0.6931835412979126 184
1717444260591 0.6932768821716309 185
1717444261449 0.6924150586128235 186
1717444262307 0.6933540105819702 187
1717444263181 0.6891894340515137 188
1717444264031 0.695439875125885 189
1717444264854 0.6893840432167053 190
1717444269047 0.6961365938186646 191
1717444269893 0.6902157664299011 192
1717444270759 0.6908813118934631 193
1717444271639 0.6912122964859009 194
1717444272464 0.6933143734931946 195
1717444273373 0.6896146535873413 196
1717444274230 0.6904477477073669 197
1717444275067 0.6871519684791565 198
1717444275960 0.6940381526947021 199
1717444276810 0.6947575807571411 200
1717444280988 0.6905341744422913 201
1717444281861 0.6948363780975342 202
1717444282717 0.6910350918769836 203
1717444283586 0.6929165124893188 204
1717444284419 0.6868924498558044 205
1717444285298 0.6886440515518188 206
1717444286114 0.6930347681045532 207
1717444286972 0.6891210079193115 208
1717444287773 0.69020676612854 209
1717444288622 0.6948196291923523 210
1717444292934 0.6925151348114014 211
1717444293789 0.6892310976982117 212
1717444294617 0.6896377205848694 213
1717444295416 0.6939336061477661 214
1717444296259 0.6837080121040344 215
1717444297116 0.6912916302680969 216
1717444297963 0.690478503704071 217
1717444298765 0.6905593872070312 218
1717444299628 0.6921496987342834 219
1717444300429 0.6887893676757812 220
1717444304502 0.6922599077224731 221
1717444305316 0.6885305047035217 222
1717444306130 0.6846398711204529 223
1717444306929 0.6918652057647705 224
1717444307734 0.6860207319259644 225
1717444308605 0.695408284664154 226
1717444309403 0.6878580451011658 227
1717444310213 0.6909006237983704 228
1717444311074 0.687696099281311 229
1717444311886 0.6872667074203491 230
1717444315918 0.6986805200576782 231
1717444316731 0.6889501214027405 232
1717444317546 0.6991196870803833 233
1717444318409 0.6863168478012085 234
1717444319182 0.6915957927703857 235
1717444320015 0.6885126829147339 236
1717444320834 0.6871644854545593 237
1717444321618 0.6957374215126038 238
1717444322465 0.6931540966033936 239
1717444323234 0.6921916007995605 240
1717444327378 0.6947650909423828 241
1717444328133 0.6915429830551147 242
1717444328934 0.6865619421005249 243
1717444329724 0.6903095245361328 244
1717444330544 0.6933513879776001 245
1717444331394 0.6917240023612976 246
1717444332160 0.6913066506385803 247
1717444332987 0.688675582408905 248
1717444333761 0.6925936937332153 249
1717444334572 0.6899938583374023 250
1717444338588 0.6870328783988953 251
1717444339362 0.6931938529014587 252
1717444340190 0.6897422075271606 253
1717444341008 0.6850206851959229 254
1717444341784 0.6925231218338013 255
1717444342544 0.6880992650985718 256
1717444343384 0.687737226486206 257
1717444344199 0.6851580739021301 258
1717444344986 0.6859809160232544 259
1717444345764 0.6872376203536987 260
1717444349764 0.6881135106086731 261
1717444350566 0.6949993371963501 262
1717444351406 0.6970618963241577 263
1717444352243 0.6907299757003784 264
1717444353022 0.6948774456977844 265
1717444353817 0.6956191658973694 266
1717444354625 0.6908191442489624 267
1717444355440 0.6944320201873779 268
1717444356251 0.6844426989555359 269
1717444357057 0.6921528577804565 270
1717444361012 0.6900615692138672 271
1717444361833 0.6964362859725952 272
1717444362617 0.6868838667869568 273
1717444363424 0.6901086568832397 274
1717444364258 0.6881305575370789 275
1717444365095 0.687300443649292 276
1717444365909 0.6928898692131042 277
1717444366705 0.6931280493736267 278
1717444367451 0.694266140460968 279
1717444368242 0.6925641894340515 280
1717444372302 0.6881121397018433 281
1717444373079 0.6880449056625366 282
1717444373917 0.6901450753211975 283
1717444374744 0.6884129643440247 284
1717444375539 0.6951829791069031 285
1717444376381 0.6899526119232178 286
1717444377165 0.6940416693687439 287
1717444378019 0.6915709972381592 288
1717444378831 0.6842126846313477 289
1717444379584 0.6903601288795471 290
1717444383564 0.6890465021133423 291
1717444384339 0.694882869720459 292
1717444385159 0.6895372867584229 293
1717444385941 0.6954364776611328 294
1717444386754 0.6944714784622192 295
1717444387523 0.6945447325706482 296
1717444388322 0.6894182562828064 297
1717444389146 0.6894888281822205 298
1717444389994 0.6952917575836182 299
1717444390771 0.6936478018760681 300
1717444394958 0.6875157356262207 301
1717444395776 0.6892109513282776 302
1717444396631 0.6909480690956116 303
1717444397481 0.6955083012580872 304
1717444398273 0.6881431341171265 305
1717444399108 0.6856862306594849 306
1717444399875 0.6898928284645081 307
1717444400710 0.6910098791122437 308
1717444401496 0.6888617277145386 309
1717444402325 0.6875712275505066 310
1717444406213 0.6888170838356018 311
1717444407022 0.6878843307495117 312
1717444407832 0.6818433403968811 313
1717444408607 0.6896839737892151 314
1717444409381 0.6907975077629089 315
1717444410174 0.6892498731613159 316
1717444410948 0.6937937140464783 317
1717444411810 0.6921689510345459 318
1717444412616 0.693090558052063 319
1717444413411 0.685438334941864 320
1717444417334 0.6901198029518127 321
1717444418142 0.6904931664466858 322
1717444418901 0.6902668476104736 323
1717444419638 0.6859254240989685 324
1717444420379 0.7063775062561035 325
1717444421170 0.6867926716804504 326
1717444421954 0.6927005648612976 327
1717444422766 0.6911771893501282 328
1717444423581 0.6916926503181458 329
1717444424373 0.6915889382362366 330
1717444428296 0.6840358376502991 331
1717444429117 0.6836908459663391 332
1717444429951 0.6927408576011658 333
1717444430789 0.6921268105506897 334
1717444431626 0.6901347041130066 335
1717444432460 0.691154956817627 336
1717444433252 0.6964491605758667 337
1717444434089 0.6947707533836365 338
1717444434865 0.6909249424934387 339
1717444435683 0.6909207105636597 340
1717444439646 0.6948484182357788 341
1717444440457 0.6907681822776794 342
1717444441240 0.6888057589530945 343
1717444442026 0.6901816129684448 344
1717444442848 0.6917816996574402 345
1717444443679 0.6952871084213257 346
1717444444542 0.6894166469573975 347
1717444445386 0.6912685632705688 348
1717444446235 0.6941335201263428 349
1717444447034 0.6917029619216919 350
1717444450950 0.6903114914894104 351
1717444451761 0.685163676738739 352
1717444452560 0.686407208442688 353
1717444453352 0.6873070001602173 354
1717444454148 0.6892865896224976 355
1717444454972 0.6906335949897766 356
1717444455742 0.6894146800041199 357
1717444456559 0.6878103613853455 358
1717444457384 0.6864635944366455 359
1717444458200 0.6830388903617859 360
1717444462109 0.6906028985977173 361
1717444462879 0.6897518038749695 362
1717444463666 0.6986918449401855 363
1717444464490 0.6909457445144653 364
1717444465254 0.7008405923843384 365
1717444466060 0.6822481155395508 366
1717444466822 0.6900063157081604 367
1717444467646 0.6909982562065125 368
1717444468440 0.6961843371391296 369
1717444469241 0.6898793578147888 370
1717444473229 0.6962338089942932 371
1717444473998 0.6860833764076233 372
1717444474806 0.6917341947555542 373
1717444475610 0.6932644844055176 374
1717444476442 0.6870639324188232 375
1717444477233 0.6880228519439697 376
1717444478008 0.6922169327735901 377
1717444478806 0.6922283172607422 378
1717444479563 0.6909554600715637 379
1717444480353 0.6919909119606018 380
1717444484265 0.6922107934951782 381
1717444485048 0.6947857737541199 382
1717444485861 0.6909652352333069 383
1717444486617 0.6904991865158081 384
1717444487412 0.6917257308959961 385
1717444488195 0.69281005859375 386
1717444488948 0.6920660734176636 387
1717444489693 0.6905423998832703 388
1717444490500 0.694028913974762 389
1717444491270 0.69382643699646 390
1717444495129 0.6922549605369568 391
1717444495898 0.6900313496589661 392
1717444496669 0.6854271292686462 393
1717444497485 0.6940393447875977 394
1717444498241 0.683864414691925 395
1717444498993 0.6948142647743225 396
1717444499760 0.6890696287155151 397
1717444500508 0.6848883032798767 398
1717444501289 0.6921302676200867 399
1717444502019 0.6936709880828857 400
1717444505811 0.6856616735458374 401
1717444506604 0.6904322504997253 402
1717444507337 0.6824556589126587 403
1717444508127 0.6933029890060425 404
1717444508847 0.678608775138855 405
1717444509612 0.6835640072822571 406
1717444510354 0.6908613443374634 407
1717444511120 0.6838578581809998 408
1717444511871 0.6906300783157349 409
1717444512601 0.6824141144752502 410
1717444516372 0.6830342411994934 411
1717444517107 0.7005395889282227 412
1717444518037 0.6901172995567322 413
1717444518751 0.6889731884002686 414
1717444519563 0.6890636086463928 415
1717444520425 0.6855945587158203 416
1717444521202 0.6971860527992249 417
1717444521993 0.6925749778747559 418
1717444522738 0.6883412599563599 419
1717444523474 0.6914604902267456 420
1717444527272 0.6856371164321899 421
1717444527997 0.6935189366340637 422
1717444528742 0.6890100240707397 423
1717444529490 0.6936264038085938 424
1717444530248 0.686899721622467 425
1717444531042 0.6963141560554504 426
1717444531916 0.6905416250228882 427
1717444532635 0.6894023418426514 428
1717444533369 0.6884779930114746 429
1717444534128 0.6958531737327576 430
1717444537935 0.6933277249336243 431
1717444538732 0.6885731220245361 432
1717444539470 0.6976600885391235 433
1717444540195 0.6856911182403564 434
1717444540946 0.684509813785553 435
1717444541714 0.6895208358764648 436
1717444542496 0.6891350746154785 437
1717444543272 0.6925757527351379 438
1717444544027 0.6851776242256165 439
1717444544742 0.6982282400131226 440
1717444548523 0.6867799758911133 441
1717444549236 0.6826334595680237 442
1717444549966 0.6843036413192749 443
1717444550703 0.6895758509635925 444
1717444551471 0.6969708800315857 445
1717444552271 0.691487193107605 446
1717444553019 0.684807538986206 447
1717444553744 0.6885243654251099 448
1717444554494 0.6932254433631897 449
1717444555248 0.7061485648155212 450
1717444559066 0.6822102665901184 451
1717444559798 0.6897622346878052 452
1717444560555 0.6810097098350525 453
1717444561279 0.6879938840866089 454
1717444562009 0.6889507174491882 455
1717444562740 0.6894717812538147 456
1717444563478 0.6848490834236145 457
1717444564222 0.6909334063529968 458
1717444564934 0.6849303245544434 459
1717444565717 0.6914001107215881 460
1717444569491 0.6933324933052063 461
1717444570255 0.6856613755226135 462
1717444571018 0.6854710578918457 463
1717444571764 0.6888749003410339 464
1717444572489 0.6781646013259888 465
1717444573292 0.6909716725349426 466
1717444574017 0.6920130252838135 467
1717444574738 0.6891971826553345 468
1717444575512 0.6923797726631165 469
1717444576255 0.6878534555435181 470
1717444580052 0.6857829689979553 471
1717444580811 0.6891216039657593 472
1717444581567 0.6890131831169128 473
1717444582323 0.6892600655555725 474
1717444583082 0.6908949613571167 475
1717444583794 0.6846738457679749 476
1717444584500 0.6951307058334351 477
1717444585242 0.6942824721336365 478
1717444585978 0.6941279172897339 479
1717444586741 0.6909220814704895 480
1717444590551 0.6870182752609253 481
1717444591373 0.6858757138252258 482
1717444592103 0.6945961117744446 483
1717444592823 0.6942694783210754 484
1717444593587 0.6957465410232544 485
1717444594312 0.6907124519348145 486
1717444595036 0.688827395439148 487
1717444595812 0.6870911121368408 488
1717444596612 0.6906529068946838 489
1717444597376 0.6856664419174194 490
1717444601165 0.6953055262565613 491
1717444601911 0.6906523704528809 492
1717444602641 0.6910969018936157 493
1717444603389 0.6899417638778687 494
1717444604175 0.6879281997680664 495
1717444604916 0.6918028593063354 496
1717444605670 0.6834425926208496 497
1717444606415 0.6890849471092224 498
1717444607102 0.6954894661903381 499
1717444607738 0.6968797445297241 500
