1717578551442 0.6950144171714783 1
1717578616982 0.7581133246421814 2
1717578675675 0.6950877904891968 3
1717578732072 0.6963621377944946 4
1717578787510 0.6924789547920227 5
1717578842096 0.7023038864135742 6
1717578894995 0.6884450912475586 7
1717578948047 0.6885924339294434 8
1717579000056 0.6832236051559448 9
1717579053570 0.6754676699638367 10
1717579129259 0.6728436946868896 11
1717579157478 0.6378926634788513 12
1717579193437 0.6839029788970947 13
1717579216447 0.6578271389007568 14
1717579250389 0.6369548439979553 15
1717579300398 0.6573795080184937 16
1717579352227 0.6419644355773926 17
1717579406660 0.6274561882019043 18
1717579458549 0.6418628096580505 19
1717579513125 0.6305116415023804 20
1717579592973 0.6359245777130127 21
1717579652517 0.6373017430305481 22
1717579708056 0.5802973508834839 23
1717579760325 0.5904072523117065 24
1717579808525 0.5679420232772827 25
1717579845781 0.573311984539032 26
1717579863385 0.5802542567253113 27
1717579886887 0.6149449944496155 28
1717579893708 0.6178122758865356 29
1717579919799 0.5119743347167969 30
1717579967258 0.5520517230033875 31
1717579990319 0.5408002734184265 32
1717580018725 0.5514116883277893 33
1717580053239 0.500877857208252 34
1717580086576 0.5411300659179688 35
1717580117739 0.5229498744010925 36
1717580140359 0.6774433255195618 37
1717580166000 0.5755377411842346 38
1717580187496 0.5776962041854858 39
1717580207339 0.5160487294197083 40
1717580246189 0.5044530630111694 41
1717580261328 0.5647603273391724 42
1717580264468 0.5804506540298462 43
1717580267404 0.5932893753051758 44
1717580270495 0.4896761178970337 45
1717580273606 0.49255529046058655 46
1717580274366 0.5581616163253784 47
1717580277750 0.4877302348613739 48
1717580281463 0.4978802800178528 49
1717580284689 0.4772297739982605 50
1717580287918 0.45963385701179504 51
1717580290589 0.4026280641555786 52
1717580293105 0.43256545066833496 53
1717580295442 0.40046632289886475 54
1717580298009 0.4340825080871582 55
1717580300461 0.41188299655914307 56
1717580302942 0.42748746275901794 57
1717580329276 0.37612882256507874 58
1717580331902 0.41958969831466675 59
1717580334288 0.4211292564868927 60
1717580336898 0.44793179631233215 61
1717580339441 0.49401652812957764 62
1717580342041 0.42026084661483765 63
1717580344767 0.4451862871646881 64
1717580347853 0.47431766986846924 65
1717580351091 0.44203776121139526 66
1717580354099 0.3958692252635956 67
1717580376246 0.45145848393440247 68
1717580378977 0.4656780958175659 69
1717580381801 0.4254511296749115 70
1717580384683 0.3535935580730438 71
1717580387435 0.44315972924232483 72
1717580390276 0.4400915205478668 73
1717580392904 0.39069950580596924 74
1717580395680 0.37339654564857483 75
1717580398214 0.4248400628566742 76
1717580400636 0.4595663547515869 77
1717580427310 0.39550939202308655 78
1717580430173 0.4359673261642456 79
1717580432986 0.4347967207431793 80
1717580435636 0.42434456944465637 81
1717580438214 0.3896186053752899 82
1717580440809 0.39523860812187195 83
1717580443424 0.4484996795654297 84
1717580446034 0.43950414657592773 85
1717580448624 0.3968659043312073 86
1717580451044 0.33835387229919434 87
1717580477079 0.3307899236679077 88
1717580479489 0.3862307667732239 89
1717580482040 0.3496546447277069 90
1717580484533 0.3527285158634186 91
1717580487029 0.3678351640701294 92
1717580489484 0.4599813222885132 93
1717580489893 0.4149619936943054 94
1717580492638 0.2883475422859192 95
1717580495635 0.39468836784362793 96
1717580499009 0.3483131527900696 97
1717580501709 0.2884381413459778 98
1717580504630 0.29608944058418274 99
1717580507178 0.34002453088760376 100
1717580509707 0.3089370131492615 101
1717580512271 0.3260144889354706 102
1717580514918 0.25615498423576355 103
1717580517623 0.26310092210769653 104
1717580531291 0.2905760705471039 105
1717580532578 0.33874261379241943 106
1717580533897 0.32388442754745483 107
1717580535576 0.19716280698776245 108
1717580537231 0.30858463048934937 109
1717580538886 0.30414605140686035 110
1717580540466 0.32029110193252563 111
1717580542066 0.24599358439445496 112
1717580543724 0.28565743565559387 113
1717580545941 0.27013370394706726 114
1717580565517 0.31592682003974915 115
1717580567489 0.281716525554657 116
1717580569384 0.24419817328453064 117
1717580571162 0.3187544643878937 118
1717580573145 0.3037567436695099 119
1717580575146 0.2558850347995758 120
1717580577131 0.2916371822357178 121
1717580579128 0.24137942492961884 122
1717580581205 0.24985697865486145 123
1717580583362 0.29933661222457886 124
1717580601088 0.268904447555542 125
1717580602912 0.2672129273414612 126
1717580604659 0.23832964897155762 127
1717580606658 0.2621510326862335 128
1717580608359 0.25566190481185913 129
1717580610110 0.23957732319831848 130
1717580611543 0.1871458739042282 131
1717580613013 0.26944178342819214 132
1717580614476 0.26626789569854736 133
1717580615848 0.23735764622688293 134
1717580630099 0.23344647884368896 135
1717580631521 0.2825198173522949 136
1717580632987 0.25988540053367615 137
1717580634376 0.294064462184906 138
1717580635769 0.2177315354347229 139
1717580637206 0.28125429153442383 140
1717580637484 0.27633875608444214 141
1717580638893 0.22454921901226044 142
1717580640401 0.2972928285598755 143
1717580641920 0.19344574213027954 144
1717580643437 0.2246570736169815 145
1717580644943 0.20579636096954346 146
1717580646403 0.2081274688243866 147
1717580647930 0.21458905935287476 148
1717580649508 0.23184968531131744 149
1717580650925 0.18891674280166626 150
1717580652385 0.19541801512241364 151
1717580665245 0.2355472445487976 152
1717580666642 0.19395318627357483 153
1717580668025 0.1854681521654129 154
1717580669453 0.20862893760204315 155
1717580670881 0.3107406497001648 156
1717580672278 0.19913753867149353 157
1717580673709 0.1789175271987915 158
1717580675213 0.26808682084083557 159
1717580676777 0.2533849775791168 160
1717580678202 0.2236180603504181 161
1717580691574 0.20710134506225586 162
1717580693120 0.2143884301185608 163
1717580694679 0.19514398276805878 164
1717580696091 0.24948588013648987 165
1717580697614 0.15982972085475922 166
1717580699176 0.18647657334804535 167
1717580700722 0.2283141165971756 168
1717580702184 0.2004387080669403 169
1717580703663 0.212391659617424 170
1717580705083 0.19166253507137299 171
1717580723010 0.23997798562049866 172
1717580724201 0.2134743630886078 173
1717580725647 0.1761656403541565 174
1717580727077 0.1898379921913147 175
1717580728518 0.2033618986606598 176
1717580729962 0.18248042464256287 177
1717580731413 0.19684255123138428 178
1717580732932 0.20355716347694397 179
1717580734430 0.20726610720157623 180
1717580735950 0.19671471416950226 181
1717580749335 0.21465565264225006 182
1717580750827 0.20704501867294312 183
1717580752425 0.16706253588199615 184
1717580754097 0.18775814771652222 185
1717580755625 0.17663654685020447 186
1717580757250 0.26592451333999634 187
1717580757603 0.1904330849647522 188
1717580759380 0.129716694355011 189
1717580761169 0.12814995646476746 190
1717580763043 0.15033911168575287 191
1717580765060 0.17812716960906982 192
1717580767042 0.14392581582069397 193
1717580769102 0.18086273968219757 194
1717580771373 0.14878617227077484 195
1717580774032 0.1728958636522293 196
1717580776661 0.11931489408016205 197
1717580779097 0.23909211158752441 198
1717580795015 0.17647923529148102 199
1717580796963 0.18601126968860626 200
1717580798901 0.15994462370872498 201
1717580800707 0.13789348304271698 202
1717580802334 0.11966640502214432 203
1717580804068 0.17199832201004028 204
1717580805895 0.16954244673252106 205
1717580807740 0.14802029728889465 206
1717580809372 0.1800050288438797 207
1717580811036 0.17609848082065582 208
1717580824068 0.1936730295419693 209
1717580825531 0.19275479018688202 210
1717580827083 0.15596631169319153 211
1717580828617 0.14366604387760162 212
1717580830068 0.1877066195011139 213
1717580831525 0.12330462783575058 214
1717580833083 0.12767213582992554 215
1717580834631 0.18258565664291382 216
1717580836123 0.23127692937850952 217
1717580837535 0.12013288587331772 218
1717580850461 0.13795222342014313 219
1717580852006 0.17034512758255005 220
1717580853530 0.1955515444278717 221
1717580854963 0.14292004704475403 222
1717580856396 0.17914676666259766 223
1717580857818 0.1710827797651291 224
1717580859226 0.22031934559345245 225
1717580860598 0.15826481580734253 226
1717580862030 0.1865607649087906 227
1717580863413 0.21334664523601532 228
1717580880661 0.1370055377483368 229
1717580881880 0.20338891446590424 230
1717580883317 0.18983621895313263 231
1717580885036 0.1380782425403595 232
1717580886475 0.1724099963903427 233
1717580887927 0.15299955010414124 234
1717580888161 0.09148208051919937 235
1717580889599 0.08001083880662918 236
1717580891246 0.08218661695718765 237
1717580892868 0.11045797914266586 238
1717580894327 0.09550828486680984 239
1717580895736 0.08195021003484726 240
1717580897178 0.0684557780623436 241
1717580898569 0.1227128878235817 242
1717580900020 0.12419740855693817 243
1717580901443 0.07775866985321045 244
1717580902880 0.1069626733660698 245
1717580915765 0.07399430871009827 246
1717580917151 0.09823554009199142 247
1717580918646 0.0979575365781784 248
1717580920117 0.10222069919109344 249
1717580921549 0.10562331229448318 250
1717580922974 0.12693846225738525 251
1717580924426 0.15245561301708221 252
1717580925865 0.10774122178554535 253
1717580927378 0.09990791976451874 254
1717580928881 0.19759507477283478 255
1717580942065 0.1049579381942749 256
1717580943521 0.09026945382356644 257
1717580944942 0.11789289861917496 258
1717580946405 0.13775178790092468 259
1717580947818 0.11047299951314926 260
1717580949505 0.11435669660568237 261
1717580951099 0.13780523836612701 262
1717580952520 0.10971976816654205 263
1717580953927 0.11746183782815933 264
1717580955302 0.10816781967878342 265
1717580968427 0.12453848123550415 266
1717580969833 0.12714624404907227 267
1717580971250 0.15214842557907104 268
1717580972646 0.14968843758106232 269
1717580974036 0.09003391116857529 270
1717580975459 0.16656145453453064 271
1717580976801 0.17393293976783752 272
1717580978209 0.11388235539197922 273
1717580979601 0.08869723975658417 274
1717580981009 0.1352209597826004 275
1717580993880 0.12965820729732513 276
1717580995278 0.12886106967926025 277
1717580996725 0.11952313780784607 278
1717580998161 0.10497450083494186 279
1717580999571 0.15797272324562073 280
1717581001008 0.10409677028656006 281
1717581001240 0.07289835065603256 282
1717581002657 0.05790089815855026 283
1717581004052 0.08616766333580017 284
1717581005484 0.07628132402896881 285
1717581006925 0.03722654655575752 286
1717581008377 0.07461626082658768 287
1717581009801 0.05636138841509819 288
1717581011203 0.06279735267162323 289
1717581012615 0.05027444660663605 290
1717581014052 0.04655345901846886 291
1717581015474 0.04497168958187103 292
1717581032709 0.05453677847981453 293
1717581033775 0.07848544418811798 294
1717581035161 0.04702647402882576 295
1717581036583 0.027621550485491753 296
1717581037996 0.06595040112733841 297
1717581039364 0.052154216915369034 298
1717581040802 0.0595901794731617 299
1717581042209 0.09249068051576614 300
1717581043600 0.07416441291570663 301
1717581045021 0.04877112805843353 302
1717581058006 0.04654010012745857 303
1717581059458 0.05533602088689804 304
1717581060911 0.04541344940662384 305
1717581062335 0.046090267598629 306
1717581063729 0.06921020895242691 307
1717581065130 0.05861744284629822 308
1717581066521 0.031799718737602234 309
1717581067952 0.09083876013755798 310
1717581069365 0.07648143917322159 311
1717581070787 0.08533016592264175 312
1717581083812 0.08583822846412659 313
1717581085208 0.04262910783290863 314
1717581086614 0.04541562870144844 315
1717581088021 0.06395523995161057 316
1717581089428 0.0673045963048935 317
1717581090848 0.08349301666021347 318
1717581092330 0.0582047700881958 319
1717581093739 0.08715758472681046 320
1717581095115 0.0626518577337265 321
1717581096505 0.08958294242620468 322
1717581109598 0.07324457913637161 323
1717581110991 0.06967877596616745 324
1717581112395 0.08705410361289978 325
1717581113834 0.07628857344388962 326
1717581115225 0.05878350883722305 327
1717581116599 0.06290031224489212 328
1717581116817 0.014145471155643463 329
1717581118246 0.04724882170557976 330
1717581119678 0.030983252450823784 331
1717581121131 0.040328249335289 332
1717581122567 0.04280519858002663 333
1717581123990 0.03520495072007179 334
1717581125475 0.013643491081893444 335
1717581126881 0.03309798985719681 336
1717581128301 0.051900628954172134 337
1717581129724 0.018483487889170647 338
1717581131161 0.02897034026682377 339
1717581144068 0.027119740843772888 340
1717581145459 0.02511024847626686 341
1717581146881 0.026587462052702904 342
1717581148403 0.03810780122876167 343
1717581149865 0.029897678643465042 344
1717581151332 0.018914703279733658 345
1717581152814 0.05042383447289467 346
1717581154275 0.043194420635700226 347
1717581155740 0.06470426172018051 348
1717581157251 0.059090323746204376 349
1717581171143 0.03263197839260101 350
1717581172711 0.040054284036159515 351
1717581174237 0.048620786517858505 352
1717581175783 0.082502581179142 353
1717581177299 0.045186158269643784 354
1717581178780 0.04418876767158508 355
1717581180313 0.09062215685844421 356
1717581181815 0.0605698898434639 357
1717581183255 0.05123589560389519 358
1717581184740 0.049017660319805145 359
1717581197770 0.09119823575019836 360
1717581199177 0.07378721237182617 361
1717581200600 0.05270366370677948 362
1717581202005 0.04511967673897743 363
1717581203427 0.03336650878190994 364
1717581204836 0.0587206669151783 365
1717581206223 0.05867357552051544 366
1717581207614 0.053042054176330566 367
1717581209052 0.06136079132556915 368
1717581210459 0.0273271556943655 369
1717581223301 0.04999392107129097 370
1717581224754 0.0814397856593132 371
1717581226208 0.045518908649683 372
1717581227646 0.05399646237492561 373
1717581229067 0.06706489622592926 374
1717581230505 0.06929054111242294 375
1717581230729 0.04190975800156593 376
1717581232192 0.04230226203799248 377
1717581233645 0.023245451971888542 378
1717581235084 0.03311009332537651 379
1717581236506 0.01973818801343441 380
1717581237927 0.030714940279722214 381
1717581239365 0.019041288644075394 382
1717581240798 0.043537091463804245 383
1717581242269 0.04074613004922867 384
1717581243724 0.028333276510238647 385
1717581245208 0.045135580003261566 386
1717581258353 0.011736145243048668 387
1717581259756 0.03134559839963913 388
1717581261177 0.04416615143418312 389
1717581262576 0.027213802561163902 390
1717581263958 0.044187530875205994 391
1717581265349 0.06510256975889206 392
1717581266725 0.018781699240207672 393
1717581268099 0.016663456335663795 394
1717581269505 0.03948993980884552 395
1717581270895 0.046580005437135696 396
1717581283692 0.032011255621910095 397
1717581285083 0.03545008972287178 398
1717581286526 0.028777144849300385 399
1717581287927 0.03700172156095505 400
1717581289380 0.05194331333041191 401
1717581290755 0.12723210453987122 402
1717581292161 0.04597388580441475 403
1717581293583 0.04402483254671097 404
1717581295020 0.09866035729646683 405
1717581296411 0.09913044422864914 406
1717581309302 0.08684102445840836 407
1717581310692 0.08950585871934891 408
1717581312112 0.0748000517487526 409
1717581313615 0.07862598448991776 410
1717581315065 0.05792788788676262 411
1717581316489 0.07939843088388443 412
1717581317889 0.09739123284816742 413
1717581319287 0.08503372222185135 414
1717581320739 0.06669577211141586 415
1717581322176 0.08156243711709976 416
1717581335153 0.1020471528172493 417
1717581336567 0.04325846582651138 418
1717581338011 0.05626019090414047 419
1717581339417 0.06595376133918762 420
1717581340834 0.07700260728597641 421
1717581342224 0.06552114337682724 422
1717581342443 0.04988737031817436 423
1717581343849 0.027805764228105545 424
1717581345255 0.015729935839772224 425
1717581346646 0.03533608466386795 426
1717581348015 0.02115819975733757 427
1717581349411 0.02126769721508026 428
1717581350850 0.027396908029913902 429
1717581352286 0.02516689896583557 430
1717581353709 0.006945070344954729 431
1717581355149 0.041363175958395004 432
1717581356537 0.02786131761968136 433
1717581369458 0.058108966797590256 434
1717581370880 0.01912408322095871 435
1717581372337 0.04071876034140587 436
1717581373750 0.03739751875400543 437
1717581375130 0.03484585881233215 438
1717581376520 0.032844193279743195 439
1717581377962 0.027254045009613037 440
1717581379396 0.02191891521215439 441
1717581380739 0.06315182894468307 442
1717581382145 0.046591367572546005 443
1717581395173 0.02605021931231022 444
1717581396600 0.05717983469367027 445
1717581398036 0.027587970718741417 446
1717581399458 0.019674241542816162 447
1717581400864 0.04518494755029678 448
1717581402239 0.039075955748558044 449
1717581403637 0.03312458470463753 450
1717581405021 0.059103645384311676 451
1717581406380 0.05933554843068123 452
1717581407802 0.030496256425976753 453
1717581420741 0.07946421951055527 454
1717581422176 0.029576079919934273 455
1717581423615 0.05945657566189766 456
1717581425024 0.049511462450027466 457
1717581426472 0.04904359206557274 458
1717581427821 0.03130565956234932 459
1717581429223 0.0863281860947609 460
1717581430737 0.03448718786239624 461
1717581432207 0.02285909280180931 462
1717581433708 0.046436525881290436 463
1717581446771 0.064971424639225 464
1717581448354 0.07678326219320297 465
1717581449770 0.05652692914009094 466
1717581451239 0.08370818942785263 467
1717581452694 0.07698836922645569 468
1717581454116 0.07742203027009964 469
1717581454333 0.17362330853939056 470
1717581455782 0.03433753922581673 471
1717581457192 0.053163520991802216 472
1717581458599 0.07493951171636581 473
1717581460046 0.043217096477746964 474
1717581461521 0.043214909732341766 475
1717581463052 0.07337570935487747 476
1717581464709 0.04170915484428406 477
1717581466224 0.06062883511185646 478
1717581467786 0.03940858691930771 479
1717581469377 0.030844157561659813 480
1717581482646 0.048216547816991806 481
1717581484348 0.03716934844851494 482
1717581486036 0.018943674862384796 483
1717581487740 0.05217926949262619 484
1717581489541 0.05322248116135597 485
1717581491249 0.04646220803260803 486
1717581493005 0.03175736591219902 487
1717581494735 0.042735036462545395 488
1717581496427 0.06430577486753464 489
1717581498287 0.024489734321832657 490
1717581511380 0.029910858720541 491
1717581513051 0.03333066403865814 492
1717581514617 0.03924117982387543 493
1717581516067 0.0557638518512249 494
1717581517505 0.032092951238155365 495
1717581518907 0.03607180714607239 496
1717581520395 0.04930466413497925 497
1717581521911 0.03901195898652077 498
1717581523391 0.06285985559225082 499
1717581524865 0.04166627675294876 500
1717581537833 0.07773532718420029 501
1717581539254 0.08294887840747833 502
1717581540739 0.04272058233618736 503
1717581542254 0.09015277773141861 504
1717581543692 0.08806619793176651 505
1717581545145 0.06134118512272835 506
1717581546598 0.039108116179704666 507
1717581548070 0.08183815330266953 508
1717581549505 0.08636312931776047 509
1717581550896 0.0554518960416317 510
1717581563911 0.048766233026981354 511
1717581565302 0.07386820763349533 512
1717581566724 0.04794948548078537 513
1717581568129 0.06104429066181183 514
1717581569552 0.0507829450070858 515
1717581570941 0.06744839251041412 516
1717581571166 0.07420650869607925 517
1717581572584 0.025302298367023468 518
1717581574011 0.025994200259447098 519
1717581575412 0.01941015012562275 520
1717581576771 0.023240841925144196 521
1717581578163 0.023355532437562943 522
1717581579553 0.023247765377163887 523
1717581581010 0.02792474441230297 524
1717581582396 0.01733444817364216 525
1717581583786 0.03640156611800194 526
1717581585209 0.07498867809772491 527
1717581598140 0.02535415254533291 528
1717581599535 0.023289309814572334 529
1717581600944 0.015064744278788567 530
1717581602411 0.02125086449086666 531
1717581603817 0.04676608368754387 532
1717581605234 0.02596096694469452 533
1717581606629 0.07880878448486328 534
1717581608052 0.0484844408929348 535
1717581609463 0.06241900473833084 536
1717581610864 0.06218571588397026 537
1717581623919 0.0159321129322052 538
1717581625333 0.037563636898994446 539
1717581626693 0.03184575214982033 540
1717581628114 0.053395312279462814 541
1717581629533 0.04021770507097244 542
1717581630926 0.03743775188922882 543
1717581632348 0.019118022173643112 544
1717581633786 0.03140438348054886 545
1717581635256 0.032430585473775864 546
1717581636708 0.0698181688785553 547
1717581649721 0.03402446582913399 548
1717581651145 0.047464486211538315 549
1717581652567 0.05251798406243324 550
1717581653991 0.031171193346381187 551
1717581655401 0.04796331748366356 552
1717581656829 0.0387260764837265 553
1717581658209 0.03402016684412956 554
1717581659620 0.048697490245103836 555
1717581661037 0.016832571476697922 556
1717581662513 0.023703377693891525 557
1717581675396 0.049197591841220856 558
1717581676770 0.04998413100838661 559
1717581678193 0.04067331925034523 560
1717581679583 0.06119394302368164 561
1717581681017 0.039558377116918564 562
1717581682429 0.056287575513124466 563
1717581682657 0.03391145542263985 564
1717581684052 0.029010532423853874 565
1717581685475 0.03550143912434578 566
1717581686854 0.035711776465177536 567
1717581688302 0.03777068108320236 568
1717581689724 0.023320822045207024 569
1717581691161 0.0409553237259388 570
1717581692536 0.03554893657565117 571
1717581693942 0.02732582949101925 572
1717581695339 0.018764030188322067 573
1717581696724 0.02948714792728424 574
1717581709754 0.06302762031555176 575
1717581711203 0.0364949069917202 576
1717581712646 0.029583346098661423 577
1717581714088 0.016900967806577682 578
1717581715552 0.024767566472291946 579
1717581716989 0.031688250601291656 580
1717581718458 0.014158324338495731 581
1717581719897 0.014596216380596161 582
1717581721317 0.025256220251321793 583
1717581722771 0.024064408615231514 584
1717581735661 0.04008140414953232 585
1717581737098 0.04157053679227829 586
1717581738521 0.037791792303323746 587
1717581739944 0.03209558501839638 588
1717581741365 0.03194200247526169 589
1717581742786 0.028307178989052773 590
1717581744227 0.038106948137283325 591
1717581745676 0.03235438093543053 592
1717581747131 0.036792606115341187 593
1717581748537 0.03476285934448242 594
1717581761286 0.059454139322042465 595
1717581762724 0.04292017221450806 596
1717581764177 0.06179128214716911 597
1717581765614 0.05094887688755989 598
1717581767057 0.04301373288035393 599
1717581768546 0.05021608620882034 600
1717581769967 0.03306761384010315 601
1717581771388 0.06626231968402863 602
1717581772818 0.03801201656460762 603
1717581774287 0.04441224783658981 604
1717581788020 0.06353562325239182 605
1717581789478 0.04388583451509476 606
1717581790911 0.02694610506296158 607
1717581792348 0.042743485420942307 608
1717581793756 0.046738870441913605 609
1717581795176 0.04407058656215668 610
1717581795396 0.19495175778865814 611
1717581796801 0.06584042310714722 612
1717581798239 0.05204346403479576 613
1717581799646 0.02631969004869461 614
1717581801084 0.03443529084324837 615
1717581802458 0.04490917548537254 616
1717581803874 0.05107840895652771 617
1717581805318 0.047238849103450775 618
1717581806771 0.05841461569070816 619
1717581808208 0.023981202393770218 620
1717581809645 0.049040786921978 621
1717581822505 0.06321205943822861 622
1717581823942 0.03353671357035637 623
1717581825411 0.07924193888902664 624
1717581826904 0.033544719219207764 625
1717581828322 0.03218011185526848 626
1717581829754 0.050087545067071915 627
1717581831176 0.04955221340060234 628
1717581832599 0.024843482300639153 629
1717581834052 0.03799708932638168 630
1717581835504 0.05292332544922829 631
1717581848568 0.05002901703119278 632
1717581849989 0.021802205592393875 633
1717581851380 0.033738281577825546 634
1717581852800 0.047492314130067825 635
1717581854211 0.029738569632172585 636
1717581855644 0.012794685550034046 637
1717581857063 0.019171936437487602 638
1717581858470 0.024537749588489532 639
1717581859912 0.01643061824142933 640
1717581861288 0.03376028686761856 641
1717581874146 0.032349251210689545 642
1717581875546 0.07214129716157913 643
1717581876971 0.03513621166348457 644
1717581878396 0.047615136951208115 645
1717581879817 0.014354740269482136 646
1717581881209 0.025109881535172462 647
1717581882662 0.06508912891149521 648
1717581884084 0.04345051944255829 649
1717581885493 0.09340588748455048 650
1717581886927 0.04168478026986122 651
1717581899833 0.0590839684009552 652
1717581901286 0.052475884556770325 653
1717581902786 0.056876178830862045 654
1717581904256 0.03036966361105442 655
1717581905677 0.06183300539851189 656
1717581907145 0.048699818551540375 657
1717581907393 0.07415900379419327 658
1717581908834 0.019483966752886772 659
1717581910270 0.023075783625245094 660
1717581911661 0.01476117130368948 661
1717581913188 0.04675349220633507 662
1717581914670 0.014347027987241745 663
1717581916208 0.011829693801701069 664
1717581917723 0.017333347350358963 665
1717581919334 0.02412947081029415 666
1717581920950 0.05149240419268608 667
1717581922490 0.028850020840764046 668
1717581935661 0.026448458433151245 669
1717581937244 0.043778181076049805 670
1717581938755 0.026879094541072845 671
1717581940288 0.0290053840726614 672
1717581941771 0.023685989901423454 673
1717581943349 0.06692761927843094 674
1717581944880 0.03572091832756996 675
1717581946411 0.04379618540406227 676
1717581947911 0.02556901052594185 677
1717581949469 0.06983917206525803 678
1717581962598 0.04496265947818756 679
1717581964192 0.020637808367609978 680
1717581965740 0.030246274545788765 681
1717581967209 0.03073342889547348 682
1717581968755 0.021246399730443954 683
1717581970254 0.041675977408885956 684
1717581971739 0.03137584403157234 685
1717581973161 0.01660441979765892 686
1717581974584 0.05594448745250702 687
1717581976037 0.0333527997136116 688
1717581988928 0.031182056292891502 689
1717581990459 0.05225202813744545 690
1717581991911 0.048938486725091934 691
1717581993395 0.06025293096899986 692
1717581994830 0.03482301905751228 693
1717581996271 0.037661660462617874 694
1717581997692 0.04577028378844261 695
1717581999131 0.06703244894742966 696
1717582000598 0.03155442327260971 697
1717582002068 0.07374197989702225 698
1717582015114 0.10542014986276627 699
1717582016628 0.05230266973376274 700
1717582018037 0.031062746420502663 701
1717582019476 0.05784302204847336 702
1717582020909 0.11356957256793976 703
1717582022365 0.06576208770275116 704
1717582022599 0.03082338161766529 705
1717582024036 0.013406392186880112 706
1717582025479 0.05069204047322273 707
1717582026927 0.02363700047135353 708
1717582028349 0.025657188147306442 709
1717582029770 0.03216615319252014 710
1717582031192 0.03259208798408508 711
1717582032646 0.040468644350767136 712
1717582034114 0.03721300885081291 713
1717582035567 0.018090493977069855 714
1717582037021 0.01526024378836155 715
1717582049962 0.013160238973796368 716
1717582051439 0.021716104820370674 717
1717582052927 0.04222514480352402 718
1717582054396 0.02323972061276436 719
1717582055803 0.009036717005074024 720
1717582057286 0.031249169260263443 721
1717582058692 0.022722169756889343 722
1717582060131 0.0405879020690918 723
1717582061584 0.03866219148039818 724
1717582063064 0.020555678755044937 725
1717582076115 0.03802759200334549 726
1717582077568 0.029262935742735863 727
1717582078989 0.041844818741083145 728
1717582080411 0.016076819971203804 729
1717582081880 0.016180964186787605 730
1717582083396 0.02050342597067356 731
1717582084926 0.01637863926589489 732
1717582086427 0.030169332399964333 733
1717582087942 0.033428795635700226 734
1717582089443 0.02603580243885517 735
1717582102380 0.028827961534261703 736
1717582103848 0.01697491854429245 737
1717582105317 0.03613894805312157 738
1717582106772 0.033084120601415634 739
1717582108270 0.046752117574214935 740
1717582109755 0.017182981595396996 741
1717582111196 0.019544802606105804 742
1717582112660 0.024799784645438194 743
1717582114084 0.04746648669242859 744
1717582115536 0.030813340097665787 745
1717582128443 0.024822095409035683 746
1717582129884 0.06078589707612991 747
1717582131363 0.022703908383846283 748
1717582132802 0.044810451567173004 749
1717582134271 0.03847360610961914 750
1717582135755 0.03445546329021454 751
1717582135990 0.01974044181406498 752
1717582137411 0.029993940144777298 753
1717582138802 0.006727147381752729 754
1717582140255 0.031571660190820694 755
1717582141693 0.008800821378827095 756
1717582143115 0.023805072531104088 757
1717582144521 0.02136734500527382 758
1717582145944 0.02803407609462738 759
1717582147399 0.026975292712450027 760
1717582148880 0.019858401268720627 761
1717582150334 0.021609501913189888 762
1717582163641 0.007588823791593313 763
1717582165073 0.020239245146512985 764
1717582166568 0.019382117316126823 765
1717582168084 0.019519593566656113 766
1717582169543 0.035387393087148666 767
1717582171005 0.0035395841114223003 768
1717582172489 0.033390890806913376 769
1717582174052 0.016624266281723976 770
1717582175677 0.026724504306912422 771
1717582177255 0.025950778275728226 772
1717582190318 0.015897314995527267 773
1717582191865 0.007370708044618368 774
1717582193412 0.01104951836168766 775
1717582194880 0.015677744522690773 776
1717582196457 0.010917154140770435 777
1717582197967 0.014952728524804115 778
1717582199536 0.03092101402580738 779
1717582201077 0.016872115433216095 780
1717582202709 0.027715608477592468 781
1717582204205 0.035333212465047836 782
1717582217380 0.021368257701396942 783
1717582218958 0.035091228783130646 784
1717582220427 0.040800195187330246 785
1717582221900 0.08654774725437164 786
1717582223381 0.025396376848220825 787
1717582224864 0.020404892042279243 788
1717582226387 0.04405408725142479 789
1717582227833 0.03647526726126671 790
1717582229355 0.05591752007603645 791
1717582230878 0.01720963977277279 792
1717582244020 0.009969986043870449 793
1717582245490 0.051795896142721176 794
1717582247005 0.058889273554086685 795
1717582248481 0.035703856498003006 796
1717582249958 0.02205626480281353 797
1717582251490 0.04292996600270271 798
1717582251725 0.008822992444038391 799
1717582253255 0.014899767935276031 800
1717582254739 0.01381803397089243 801
1717582256224 0.008639778941869736 802
1717582257677 0.017665240913629532 803
1717582259165 0.010236606933176517 804
1717582260713 0.01500384695827961 805
1717582262198 0.02306225337088108 806
1717582263706 0.019592592492699623 807
1717582265253 0.010329795069992542 808
1717582266692 0.012361232191324234 809
1717582279693 0.005011378787457943 810
1717582281174 0.008036279119551182 811
1717582282630 0.028200402855873108 812
1717582284193 0.010990469716489315 813
1717582285676 0.014230160973966122 814
1717582287192 0.021786896511912346 815
1717582288692 0.036144256591796875 816
1717582290209 0.022988494485616684 817
1717582291783 0.017499417066574097 818
1717582293286 0.013390496373176575 819
1717582306381 0.019258327782154083 820
1717582307896 0.01616915687918663 821
1717582309442 0.013355993665754795 822
1717582310897 0.013113602064549923 823
1717582312348 0.024668807163834572 824
1717582313817 0.04438001662492752 825
1717582315287 0.10177811235189438 826
1717582316786 0.03747576102614403 827
1717582318302 0.021631935611367226 828
1717582319771 0.052265290170907974 829
1717582332592 0.07515653967857361 830
1717582334020 0.046423912048339844 831
1717582335506 0.01649201661348343 832
1717582336943 0.03701305016875267 833
1717582338410 0.08434762805700302 834
1717582339864 0.05182427912950516 835
1717582341346 0.046922389417886734 836
1717582342768 0.03400176391005516 837
1717582344132 0.03472783416509628 838
1717582345567 0.05983984097838402 839
1717582358599 0.03272964805364609 840
1717582360068 0.025027282536029816 841
1717582361532 0.045607611536979675 842
1717582362931 0.05112003535032272 843
1717582364414 0.05688990652561188 844
1717582365865 0.033248696476221085 845
1717582366114 0.008385098539292812 846
1717582367615 0.028645556420087814 847
1717582369130 0.017059747129678726 848
1717582370641 0.025277793407440186 849
1717582372086 0.022356795147061348 850
1717582373536 0.012690103612840176 851
1717582375015 0.01893015019595623 852
1717582376521 0.031351953744888306 853
1717582378037 0.047498516738414764 854
1717582379518 0.056835711002349854 855
1717582381005 0.016328351572155952 856
1717582394066 0.010788832791149616 857
1717582395521 0.022584116086363792 858
1717582396958 0.023359427228569984 859
1717582398442 0.011237159371376038 860
1717582399883 0.027609072625637054 861
1717582401310 0.021207720041275024 862
1717582402786 0.021985767409205437 863
1717582404288 0.014306002296507359 864
1717582405771 0.037041909992694855 865
1717582407255 0.008538451977074146 866
1717582420162 0.02398802898824215 867
1717582421628 0.022462762892246246 868
1717582423083 0.01889549195766449 869
1717582424551 0.03333260118961334 870
1717582426036 0.032345421612262726 871
1717582427442 0.012589950114488602 872
1717582428922 0.020360423251986504 873
1717582430411 0.029901202768087387 874
1717582431911 0.015120080672204494 875
1717582433412 0.029736187309026718 876
1717582446474 0.03415456414222717 877
1717582448006 0.05975381284952164 878
1717582449458 0.03692254796624184 879
1717582450928 0.018900971859693527 880
1717582452395 0.039683107286691666 881
1717582453802 0.050242114812135696 882
1717582455223 0.0342806875705719 883
1717582456662 0.030484594404697418 884
1717582458192 0.015156061388552189 885
1717582459630 0.015099388547241688 886
1717582472632 0.021589143201708794 887
1717582474052 0.059643931686878204 888
1717582475507 0.020427774637937546 889
1717582476953 0.026050282642245293 890
1717582478395 0.0336403027176857 891
1717582479849 0.06810282915830612 892
1717582480100 0.08783620595932007 893
1717582481552 0.005885949824005365 894
1717582482989 0.008403060026466846 895
1717582484427 0.05753707513213158 896
1717582485900 0.015624655410647392 897
1717582487302 0.01784934103488922 898
1717582488751 0.01210410613566637 899
1717582490199 0.01826959289610386 900
1717582491630 0.03246144577860832 901
1717582493068 0.022800665348768234 902
1717582494542 0.01825283095240593 903
1717582507584 0.014237431809306145 904
1717582509052 0.02109847217798233 905
1717582510489 0.027610095217823982 906
1717582511958 0.025375541299581528 907
1717582513364 0.022797439247369766 908
1717582514817 0.009725824929773808 909
1717582516256 0.0480789877474308 910
1717582517707 0.02790934033691883 911
1717582519161 0.0410611592233181 912
1717582520615 0.044187892228364944 913
1717582533614 0.022337215021252632 914
1717582535058 0.03158652409911156 915
1717582536505 0.02967151440680027 916
1717582537927 0.0263876561075449 917
1717582539366 0.02473035827279091 918
1717582540834 0.012908355332911015 919
1717582542318 0.01671968400478363 920
1717582543786 0.028445802628993988 921
1717582545254 0.0352119505405426 922
1717582546715 0.03383297473192215 923
1717582559593 0.04373776167631149 924
1717582561021 0.030451370403170586 925
1717582562521 0.03096061386168003 926
1717582563982 0.031759973615407944 927
1717582565434 0.031880464404821396 928
1717582566902 0.027737656608223915 929
1717582568427 0.018215687945485115 930
1717582569911 0.018471065908670425 931
1717582571364 0.04329034313559532 932
1717582572786 0.051360681653022766 933
1717582585693 0.028086986392736435 934
1717582587146 0.02182161435484886 935
1717582588615 0.05648183822631836 936
1717582590040 0.025172656401991844 937
1717582591474 0.04329775646328926 938
1717582592928 0.03865253925323486 939
1717582593161 0.030629673972725868 940
1717582594601 0.015376199968159199 941
1717582596068 0.011079756543040276 942
1717582597555 0.018666300922632217 943
1717582599085 0.0075615206733345985 944
1717582600651 0.024726413190364838 945
1717582602239 0.016710637137293816 946
1717582603708 0.01750938780605793 947
1717582605221 0.017990250140428543 948
1717582606708 0.0213871318846941 949
1717582608208 0.02333948016166687 950
1717582621380 0.015784701332449913 951
1717582622840 0.01461662445217371 952
1717582624339 0.0159124918282032 953
1717582625813 0.015341920778155327 954
1717582627255 0.021084291860461235 955
1717582628756 0.03438654541969299 956
1717582630287 0.041950732469558716 957
1717582631740 0.007177745923399925 958
1717582633223 0.005938708782196045 959
1717582634695 0.01861811988055706 960
1717582647594 0.018442049622535706 961
1717582649084 0.01620224304497242 962
1717582650553 0.02785652130842209 963
1717582652068 0.02284977026283741 964
1717582653599 0.015756500884890556 965
1717582655084 0.024523833766579628 966
1717582656599 0.03352109342813492 967
1717582658068 0.03929336741566658 968
1717582659526 0.033564649522304535 969
1717582660990 0.02725955657660961 970
1717582674020 0.041920244693756104 971
1717582675489 0.020519761368632317 972
1717582677020 0.04121961072087288 973
1717582678505 0.024669848382472992 974
1717582679975 0.010352571494877338 975
1717582681504 0.017454544082283974 976
1717582682990 0.023405008018016815 977
1717582684505 0.011978032067418098 978
1717582686036 0.04523911699652672 979
1717582687520 0.020582085475325584 980
1717582700575 0.023999935016036034 981
1717582702064 0.029607562348246574 982
1717582703599 0.03887340798974037 983
1717582705132 0.05321267619729042 984
1717582706674 0.0294747743755579 985
1717582708208 0.04432510584592819 986
1717582708443 0.015724021941423416 987
1717582709974 0.028851943090558052 988
1717582711536 0.00533464876934886 989
1717582713021 0.007452251389622688 990
1717582714535 0.006050923373550177 991
1717582716068 0.008806616067886353 992
1717582717536 0.011169526726007462 993
1717582718958 0.014252321794629097 994
1717582720489 0.013992459513247013 995
1717582721950 0.00884261354804039 996
1717582723441 0.01351902075111866 997
1717582736288 0.013026267290115356 998
1717582737833 0.01791278086602688 999
1717582739344 0.03452347591519356 1000
1717582740818 0.033887945115566254 1001
1717582742327 0.01570909470319748 1002
1717582743896 0.010219897143542767 1003
1717582745430 0.023139962926506996 1004
1717582746897 0.013078927993774414 1005
1717582748458 0.010842128656804562 1006
1717582750049 0.007605541963130236 1007
1717582763146 0.00250076362863183 1008
1717582764725 0.016556836664676666 1009
1717582766349 0.01654765196144581 1010
1717582767864 0.01632319577038288 1011
1717582769443 0.04004572331905365 1012
1717582770989 0.015634875744581223 1013
1717582772537 0.0559450127184391 1014
1717582774098 0.020431123673915863 1015
1717582775677 0.003812413429841399 1016
1717582777318 0.022679081186652184 1017
1717582790455 0.03293713182210922 1018
1717582791997 0.0281250961124897 1019
1717582793522 0.02333197183907032 1020
1717582795052 0.02704245038330555 1021
1717582796553 0.032381270080804825 1022
1717582798412 0.010616708546876907 1023
1717582799994 0.022168129682540894 1024
1717582801581 0.02542981132864952 1025
1717582803068 0.02718178741633892 1026
1717582804599 0.02770264446735382 1027
1717582817541 0.01035149022936821 1028
1717582818973 0.07262543588876724 1029
1717582820442 0.021794773638248444 1030
1717582821958 0.019588951021432877 1031
1717582823432 0.03928845748305321 1032
1717582824895 0.04653814807534218 1033
1717582825131 0.009802325628697872 1034
1717582826677 0.015013182535767555 1035
1717582828246 0.029336340725421906 1036
1717582829770 0.022658152505755424 1037
1717582831271 0.0090384092181921 1038
1717582832817 0.01813935488462448 1039
1717582834365 0.029149159789085388 1040
1717582835881 0.01789066195487976 1041
1717582837431 0.012496929615736008 1042
1717582838947 0.010709140449762344 1043
1717582840490 0.017020974308252335 1044
1717582853582 0.010641667060554028 1045
1717582855146 0.009974204003810883 1046
1717582856661 0.023660480976104736 1047
1717582858177 0.011979738250374794 1048
1717582859677 0.013685700483620167 1049
1717582861224 0.020375045016407967 1050
1717582862739 0.011014273390173912 1051
1717582864274 0.010644775815308094 1052
1717582865770 0.014163890853524208 1053
1717582867348 0.023654824122786522 1054
1717582880449 0.0070841494016349316 1055
1717582881991 0.006998876575380564 1056
1717582883511 0.019983287900686264 1057
1717582884990 0.0053433869034051895 1058
1717582886569 0.017786359414458275 1059
1717582888065 0.014363509602844715 1060
1717582889604 0.01591995544731617 1061
1717582891098 0.015490616671741009 1062
1717582892676 0.009185023605823517 1063
1717582894255 0.04038316383957863 1064
1717582907476 0.007109916303306818 1065
1717582909111 0.014403020963072777 1066
1717582910847 0.025790246203541756 1067
1717582912507 0.012290704064071178 1068
1717582914167 0.027038568630814552 1069
1717582915819 0.023524777963757515 1070
1717582917454 0.03830115869641304 1071
1717582919069 0.02551216259598732 1072
1717582920711 0.03275804594159126 1073
1717582922346 0.04710746929049492 1074
1717582936234 0.024565178900957108 1075
1717582938151 0.02690941095352173 1076
1717582939821 0.03365936875343323 1077
1717582941635 0.03441080078482628 1078
1717582943457 0.043498702347278595 1079
1717582945416 0.017153875902295113 1080
1717582945678 0.016225412487983704 1081
1717582947394 0.010555775836110115 1082
1717582949258 0.004677639342844486 1083
1717582951174 0.009526312351226807 1084
1717582953155 0.009275061078369617 1085
1717582955052 0.005518311634659767 1086
1717582956880 0.011187179945409298 1087
1717582958708 0.033102769404649734 1088
1717582960692 0.028898846358060837 1089
1717582962379 0.014866534620523453 1090
1717582964379 0.012404022738337517 1091
1717582978162 0.017893724143505096 1092
1717582980061 0.01718452386558056 1093
1717582981990 0.010572553612291813 1094
1717582984036 0.021509453654289246 1095
1717582985971 0.013145378790795803 1096
1717582987911 0.0070380233228206635 1097
1717582989996 0.009366507641971111 1098
1717582992145 0.011178134009242058 1099
1717582994223 0.007003617938607931 1100
1717582996320 0.032616712152957916 1101
1717583011379 0.0074858954176306725 1102
1717583013640 0.004933205433189869 1103
1717583015872 0.009944959543645382 1104
1717583018128 0.009977484121918678 1105
1717583020501 0.014833476394414902 1106
1717583022825 0.018306249752640724 1107
1717583025052 0.02224690467119217 1108
1717583027390 0.018998168408870697 1109
1717583029746 0.016602249816060066 1110
1717583032290 0.019226817414164543 1111
1717583046887 0.018972273916006088 1112
1717583049367 0.008316103368997574 1113
1717583051790 0.020786339417099953 1114
1717583054215 0.03055669367313385 1115
1717583056694 0.01464925054460764 1116
1717583059100 0.013595704920589924 1117
1717583061571 0.04438823461532593 1118
1717583063936 0.013043197803199291 1119
1717583066180 0.019091080874204636 1120
1717583068346 0.012305977754294872 1121
1717583082435 0.01030739676207304 1122
1717583084871 0.025387616828083992 1123
1717583087286 0.036095842719078064 1124
1717583089743 0.024409128352999687 1125
1717583092408 0.04667229950428009 1126
1717583095238 0.04077873006463051 1127
1717583095677 0.034762680530548096 1128
1717583098032 0.0034611260052770376 1129
1717583100410 0.012935712933540344 1130
1717583103081 0.007655732333660126 1131
1717583105702 0.009800688363611698 1132
1717583108568 0.008824487216770649 1133
1717583111123 0.017996229231357574 1134
1717583113899 0.03474905341863632 1135
1717583116334 0.007944902405142784 1136
1717583119003 0.013829461298882961 1137
1717583121763 0.017096934840083122 1138
1717583137372 0.0060877432115375996 1139
1717583140221 0.010920857079327106 1140
1717583142989 0.0095451595261693 1141
1717583145636 0.012604291550815105 1142
1717583148296 0.021626219153404236 1143
1717583151153 0.013452422805130482 1144
1717583153959 0.011815492995083332 1145
1717583156740 0.010229391045868397 1146
1717583159343 0.015311308205127716 1147
1717583162097 0.014475664123892784 1148
1717583178551 0.020148389041423798 1149
1717583181222 0.013627768494188786 1150
1717583183881 0.029192669317126274 1151
1717583186547 0.008460663259029388 1152
1717583189202 0.015702327713370323 1153
1717583191810 0.015989119186997414 1154
1717583194487 0.02384776435792446 1155
1717583197137 0.0075238472782075405 1156
1717583199737 0.008399629965424538 1157
1717583202304 0.022674893960356712 1158
1717583217756 0.006482547149062157 1159
1717583220368 0.02118557319045067 1160
1717583223085 0.0673806443810463 1161
1717583225745 0.011177541688084602 1162
1717583228472 0.058759905397892 1163
1717583231010 0.0298742838203907 1164
1717583233676 0.017189115285873413 1165
1717583236333 0.012479200959205627 1166
1717583238998 0.019543126225471497 1167
1717583241578 0.043481115251779556 1168
1717583257171 0.061612773686647415 1169
1717583259737 0.024724820628762245 1170
1717583262190 0.03565889596939087 1171
1717583264935 0.026295650750398636 1172
1717583267674 0.029618915170431137 1173
1717583270333 0.043558791279792786 1174
1717583270709 0.004397123120725155 1175
