1717612893297 0.6920090317726135 1
1717612897013 0.708089292049408 2
1717612901203 0.6969233751296997 3
1717612904599 0.6897757053375244 4
1717612908279 0.6937791705131531 5
1717612912528 0.6911751627922058 6
1717612916541 0.6884616017341614 7
1717612920301 0.6793404221534729 8
1717612924284 0.6653531789779663 9
1717612929221 0.6634255051612854 10
1717612942138 0.6346529126167297 11
1717612944264 0.7696177959442139 12
1717612948785 0.65108323097229 13
1717612954191 0.6792715787887573 14
1717612958244 0.6805710792541504 15
1717612963608 0.6807685494422913 16
1717612968408 0.6748061180114746 17
1717612973545 0.6717125773429871 18
1717612978121 0.6682227849960327 19
1717612982535 0.6521420478820801 20
1717612994297 0.6555677652359009 21
1717612999076 0.6421671509742737 22
1717613002655 0.6348762512207031 23
1717613006812 0.6217972636222839 24
1717613011443 0.6264775991439819 25
1717613016137 0.6194668412208557 26
1717613021424 0.6101574897766113 27
1717613026883 0.6281946897506714 28
1717613031286 0.6101509928703308 29
1717613034967 0.5924049019813538 30
1717613045146 0.6114941835403442 31
1717613047735 0.507643461227417 32
1717613050198 0.502112090587616 33
1717613051767 0.49528011679649353 34
1717613052771 0.46676331758499146 35
1717613053393 0.4997485280036926 36
1717613054030 0.4415454864501953 37
1717613054689 0.47569888830184937 38
1717613055392 0.4289734363555908 39
1717613056002 0.45916295051574707 40
1717613056750 0.4262034296989441 41
1717613066091 0.4169550836086273 42
1717613066708 0.42074671387672424 43
1717613067365 0.41613078117370605 44
1717613068910 0.47183042764663696 45
1717613070387 0.4118562936782837 46
1717613071242 0.43104782700538635 47
1717613072146 0.4045998454093933 48
1717613073750 0.4162352383136749 49
1717613075640 0.4830051064491272 50
1717613077561 0.3885434865951538 51
1717613082619 0.44277581572532654 52
1717613084199 0.45685064792633057 53
1717613086138 0.3996738791465759 54
1717613087745 0.4092824459075928 55
1717613089668 0.4780574142932892 56
1717613091371 0.4939458668231964 57
1717613092967 0.42192962765693665 58
1717613094646 0.4067774713039398 59
1717613096097 0.48823094367980957 60
1717613097236 0.43938133120536804 61
1717613105695 0.43653956055641174 62
1717613106869 0.318745493888855 63
1717613108262 0.3107766807079315 64
1717613110549 0.3347310423851013 65
1717613112960 0.28361716866493225 66
1717613115155 0.2750524878501892 67
1717613116998 0.2873910367488861 68
1717613119218 0.2635411024093628 69
1717613121233 0.2747054398059845 70
1717613122964 0.280666708946228 71
1717613124757 0.2748010754585266 72
1717613135105 0.2760894298553467 73
1717613137059 0.25754979252815247 74
1717613139228 0.2675260603427887 75
1717613141410 0.27110999822616577 76
1717613143035 0.2702213525772095 77
1717613144686 0.2835550308227539 78
1717613145971 0.23828406631946564 79
1717613146855 0.29378968477249146 80
1717613147832 0.2569696605205536 81
1717613148792 0.2698615491390228 82
1717613153250 0.30764588713645935 83
1717613153853 0.25629928708076477 84
1717613154454 0.2945101857185364 85
1717613155192 0.28790467977523804 86
1717613156430 0.30031612515449524 87
1717613157602 0.2758687138557434 88
1717613159038 0.22498507797718048 89
1717613160666 0.2645460367202759 90
1717613162073 0.25486791133880615 91
1717613163782 0.23364140093326569 92
1717613172784 0.24300642311573029 93
1717613174314 0.15837472677230835 94
1717613176471 0.163615420460701 95
1717613178579 0.18397067487239838 96
1717613180715 0.18375633656978607 97
1717613182605 0.14713679254055023 98
1717613184357 0.17301978170871735 99
1717613185969 0.15725655853748322 100
1717613187782 0.16745464503765106 101
1717613189760 0.17969192564487457 102
1717613191584 0.1526218205690384 103
1717613200991 0.1678445041179657 104
1717613202426 0.16350886225700378 105
1717613204176 0.16727067530155182 106
1717613205506 0.13721612095832825 107
1717613207030 0.15559938549995422 108
1717613208374 0.14131909608840942 109
1717613209933 0.1883123219013214 110
1717613211714 0.15717115998268127 111
1717613213542 0.16188956797122955 112
1717613215250 0.22945673763751984 113
1717613221006 0.16079846024513245 114
1717613222812 0.19189687073230743 115
1717613224470 0.16019530594348907 116
1717613226108 0.1995518058538437 117
1717613228123 0.16382142901420593 118
1717613229595 0.1426110565662384 119
1717613230988 0.18372052907943726 120
1717613232080 0.18867218494415283 121
1717613233161 0.206483855843544 122
1717613234222 0.16779038310050964 123
1717613238669 0.19241014122962952 124
1717613239819 0.1506122350692749 125
1717613241049 0.1015949696302414 126
1717613242305 0.13109512627124786 127
1717613244187 0.10635410249233246 128
1717613246016 0.0973457619547844 129
1717613247754 0.08448722958564758 130
1717613249503 0.10476870089769363 131
1717613251342 0.08912961930036545 132
1717613253230 0.10641026496887207 133
1717613254970 0.11517263948917389 134
1717613265242 0.1003364771604538 135
1717613267207 0.09110521525144577 136
1717613268987 0.11956111341714859 137
1717613270542 0.07336883246898651 138
1717613272056 0.10327266901731491 139
1717613273751 0.0593569278717041 140
1717613275270 0.06997421383857727 141
1717613277043 0.08605223894119263 142
1717613278627 0.09084761887788773 143
1717613280119 0.08304314315319061 144
1717613285202 0.11786076426506042 145
1717613286540 0.11316264420747757 146
1717613287979 0.0886625275015831 147
1717613289451 0.10245965421199799 148
1717613290919 0.10406385362148285 149
1717613292368 0.09572818130254745 150
1717613293815 0.12407034635543823 151
1717613295197 0.13089637458324432 152
1717613296831 0.09134390950202942 153
1717613298335 0.09113437682390213 154
1717613302894 0.12812268733978271 155
1717613304822 0.04684360697865486 156
1717613306483 0.05573822557926178 157
1717613308424 0.04290196672081947 158
1717613310087 0.055966850370168686 159
1717613312138 0.03700049966573715 160
1717613314019 0.06385939568281174 161
1717613316103 0.04874597117304802 162
1717613318014 0.04746532440185547 163
1717613319846 0.08518390357494354 164
1717613321744 0.04190947860479355 165
1717613326923 0.04713550582528114 166
1717613328439 0.07167652249336243 167
1717613330013 0.05146779492497444 168
1717613331715 0.06498176604509354 169
1717613333746 0.04672517254948616 170
1717613335633 0.052125200629234314 171
1717613337735 0.06105480343103409 172
1717613339561 0.05577803775668144 173
1717613341245 0.08140993863344193 174
1717613342928 0.06297733634710312 175
1717613348089 0.06280726194381714 176
1717613349785 0.050473105162382126 177
1717613351468 0.06688174605369568 178
1717613353615 0.04884517937898636 179
1717613355766 0.06780684739351273 180
1717613357791 0.05924547091126442 181
1717613359141 0.10110405087471008 182
1717613360428 0.06976490467786789 183
1717613362507 0.07373203337192535 184
1717613364268 0.062262266874313354 185
1717613368722 0.06650785356760025 186
1717613369855 0.0565023235976696 187
1717613370584 0.030344801023602486 188
1717613371253 0.06294716894626617 189
1717613371936 0.03441084176301956 190
1717613372602 0.0577285997569561 191
1717613373352 0.03819560259580612 192
1717613374734 0.05250819772481918 193
1717613375995 0.03964638710021973 194
1717613377383 0.03274425119161606 195
1717613378531 0.04477035254240036 196
1717613383018 0.041682884097099304 197
1717613383812 0.04744378849864006 198
1717613384426 0.05005475878715515 199
1717613384992 0.04063376039266586 200
1717613385592 0.06888633221387863 201
1717613386175 0.07416688650846481 202
1717613386775 0.0540006048977375 203
1717613387350 0.05449306592345238 204
1717613387906 0.04283807799220085 205
1717613388539 0.04765092954039574 206
1717613392706 0.06130533292889595 207
1717613393302 0.052877046167850494 208
1717613393885 0.07069996744394302 209
1717613394492 0.0696503072977066 210
1717613395067 0.05190281569957733 211
1717613395651 0.08269048482179642 212
1717613396236 0.05108345299959183 213
1717613396848 0.06895244121551514 214
1717613397432 0.054430246353149414 215
1717613398111 0.08116722851991653 216
1717613402331 0.0790054053068161 217
1717613403044 0.05717257410287857 218
1717613403660 0.06418773531913757 219
1717613404265 0.07300590723752975 220
1717613404843 0.016756057739257812 221
1717613405442 0.024913227185606956 222
1717613406083 0.04368644952774048 223
1717613406859 0.04209480807185173 224
1717613407557 0.04447105526924133 225
1717613408251 0.04893551021814346 226
1717613408915 0.05293889343738556 227
1717613413180 0.048218734562397 228
1717613413769 0.045972730964422226 229
1717613414335 0.06049094349145889 230
1717613414955 0.06485819816589355 231
1717613415556 0.051958583295345306 232
1717613416134 0.05087927728891373 233
1717613416801 0.04786141216754913 234
1717613417399 0.036554966121912 235
1717613417998 0.07901798188686371 236
1717613418546 0.052455514669418335 237
