1717514765178 0.7744669318199158 1
1717514765201 0.7629095911979675 2
1717514765321 0.7379197478294373 3
1717514765457 0.7363081574440002 4
1717514765525 0.7025632858276367 5
1717514765547 0.7197960019111633 6
1717514765598 0.7179185152053833 7
1717514765631 0.7162772417068481 8
1717514765744 0.7076761722564697 9
1717514765781 0.722867488861084 10
1717514771560 0.7029019594192505 11
1717514771608 0.6971640586853027 12
1717514771659 0.7001378536224365 13
1717514771692 0.6994599103927612 14
1717514771710 0.7043537497520447 15
1717514771746 0.7140067219734192 16
1717514771808 0.7008198499679565 17
1717514771824 0.6945757865905762 18
1717514771860 0.7029008865356445 19
1717514771910 0.6994338631629944 20
1717514772454 0.6962385177612305 21
1717514772490 0.6964541077613831 22
1717514772522 0.6954775452613831 23
1717514772563 0.7028921246528625 24
1717514772595 0.6951307058334351 25
1717514772628 0.7083802223205566 26
1717514772667 0.6964448690414429 27
1717514772710 0.7001024484634399 28
1717514772749 0.6918970346450806 29
1717514772787 0.6966413259506226 30
1717514773283 0.693511962890625 31
1717514773303 0.6947606801986694 32
1717514773341 0.6975832581520081 33
1717514773382 0.6991096138954163 34
1717514773706 0.6963986158370972 35
1717514773723 0.6938698291778564 36
1717514773738 0.693859875202179 37
1717514773794 0.700778603553772 38
1717514773833 0.692518413066864 39
1717514773858 0.7023205757141113 40
1717514778849 0.6934206485748291 41
1717514778888 0.6945858001708984 42
1717514778907 0.6986645460128784 43
1717514778938 0.6944543719291687 44
1717514778978 0.6907503604888916 45
1717514779012 0.6950740814208984 46
1717514779032 0.6945148706436157 47
1717514779073 0.6964181661605835 48
1717514779110 0.6944566369056702 49
1717514779136 0.6961377859115601 50
1717514779650 0.6942916512489319 51
1717514779692 0.6913954615592957 52
1717514779730 0.6904871463775635 53
1717514779763 0.6986740827560425 54
1717514779781 0.6983644962310791 55
1717514779820 0.692980945110321 56
1717514779862 0.6995865106582642 57
1717514779888 0.6970487833023071 58
1717514779910 0.6930437088012695 59
1717514779954 0.6937914490699768 60
1717514785495 0.6904958486557007 61
1717514785543 0.6978870034217834 62
1717514785583 0.6902952194213867 63
1717514785620 0.6898796558380127 64
1717514785648 0.6908770799636841 65
1717514785671 0.6967602372169495 66
1717514785714 0.6959930658340454 67
1717514785754 0.6996294260025024 68
1717514785764 0.6898311376571655 69
1717514785780 0.6923168897628784 70
1717514786307 0.6935285329818726 71
1717514786348 0.6951894760131836 72
1717514786371 0.6945914030075073 73
1717514786399 0.695048987865448 74
1717514786435 0.6908344626426697 75
1717514786474 0.69310063123703 76
1717514786495 0.69789719581604 77
1717514786525 0.6951745748519897 78
1717514786564 0.6903368234634399 79
1717514786601 0.69501131772995 80
1717514787094 0.6935303211212158 81
1717514787125 0.6937416195869446 82
1717514787157 0.697585940361023 83
1717514787199 0.6930574774742126 84
1717514787233 0.6933298110961914 85
1717514787251 0.6920328736305237 86
1717514787294 0.6918635964393616 87
1717514787335 0.6910820603370667 88
1717514787360 0.6965532898902893 89
1717514787384 0.6920185089111328 90
1717514787878 0.6981168389320374 91
1717514787912 0.6984044313430786 92
1717514787955 0.6926758885383606 93
1717514787985 0.6955466270446777 94
1717514788005 0.6982430219650269 95
1717514788044 0.6934159994125366 96
1717514788083 0.6898807287216187 97
1717514788111 0.696211040019989 98
1717514788137 0.6963303685188293 99
1717514788178 0.69383704662323 100
1717514788676 0.6956995725631714 101
1717514788715 0.6924219727516174 102
1717514788737 0.6931947469711304 103
1717514788761 0.6937301754951477 104
1717514788800 0.6939859986305237 105
1717514788839 0.695172131061554 106
1717514788861 0.6911650896072388 107
1717514788882 0.6924038529396057 108
1717514788914 0.6852617859840393 109
1717514788946 0.6949043869972229 110
1717514789441 0.6960445642471313 111
1717514789497 0.6931396126747131 112
1717514789536 0.6948266625404358 113
1717514789555 0.6936391592025757 114
1717514789585 0.6946600079536438 115
1717514789626 0.6898570656776428 116
1717514789669 0.6923877000808716 117
1717514789716 0.7020890712738037 118
1717514789754 0.7036207318305969 119
1717514789793 0.698908805847168 120
1717514790300 0.6933619976043701 121
1717514790327 0.6944432854652405 122
1717514790365 0.6945590376853943 123
1717514790403 0.6994220018386841 124
1717514790425 0.6947012543678284 125
1717514790442 0.6885610222816467 126
1717514790489 0.6937225461006165 127
1717514790532 0.6923003196716309 128
1717514790552 0.6927247643470764 129
1717514790592 0.6987141370773315 130
1717514791075 0.6940838694572449 131
1717514791122 0.6936264634132385 132
1717514791140 0.7006723880767822 133
1717514791185 0.6966053247451782 134
1717514791216 0.6946665644645691 135
1717514791271 0.6948785781860352 136
1717514791292 0.6931391954421997 137
1717514791318 0.6958112120628357 138
1717514791357 0.6990715861320496 139
1717514791398 0.6920220255851746 140
1717514791901 0.6932118535041809 141
1717514791924 0.6940590143203735 142
1717514791951 0.6937609910964966 143
1717514791989 0.6958068013191223 144
1717514792027 0.7029761075973511 145
1717514792046 0.7036123871803284 146
1717514792080 0.6971802711486816 147
1717514792121 0.6925725340843201 148
1717514792153 0.695675253868103 149
1717514792171 0.6957595348358154 150
1717514792674 0.6966822743415833 151
1717514792716 0.692827582359314 152
1717514792753 0.686829686164856 153
1717514792770 0.6904132962226868 154
1717514792803 0.6971792578697205 155
1717514792843 0.6923823356628418 156
1717514792873 0.6966844201087952 157
1717514792890 0.6910427212715149 158
1717514792934 0.6938233971595764 159
1717514792973 0.6933509111404419 160
1717514793507 0.6957492232322693 161
1717514793537 0.69391930103302 162
1717514793558 0.692071795463562 163
1717514793599 0.6893710494041443 164
1717514793636 0.696657121181488 165
1717514793660 0.6933949589729309 166
1717514793689 0.6894418001174927 167
1717514793735 0.6956161856651306 168
1717514793772 0.6897306442260742 169
1717514793791 0.6927216649055481 170
1717514799469 0.6913372278213501 171
1717514799507 0.6943910717964172 172
1717514799543 0.693437397480011 173
1717514799597 0.6954271793365479 174
1717514799636 0.6968894004821777 175
1717514799722 0.6923936009407043 176
1717514799769 0.6969811916351318 177
1717514799809 0.6918403506278992 178
1717514799853 0.6916028261184692 179
1717514799887 0.6917532086372375 180
1717514800452 0.6926685571670532 181
1717514800486 0.6990804076194763 182
1717514800502 0.6932797431945801 183
1717514800542 0.6949722170829773 184
1717514800583 0.6901131272315979 185
1717514800615 0.6954202055931091 186
1717514800631 0.6945281624794006 187
1717514800674 0.6929823756217957 188
1717514800715 0.6937470436096191 189
1717514800755 0.6958216428756714 190
1717514801335 0.6957541704177856 191
1717514801366 0.7012731432914734 192
1717514801386 0.6944324970245361 193
1717514801416 0.6977774500846863 194
1717514801469 0.6969805359840393 195
1717514801489 0.6913508772850037 196
1717514801514 0.6934794187545776 197
1717514801553 0.7002875804901123 198
1717514801593 0.7087541818618774 199
1717514801636 0.6961494088172913 200
1717514802162 0.6952626705169678 201
1717514802202 0.6922122240066528 202
1717514802239 0.6923150420188904 203
1717514802276 0.6887528896331787 204
1717514802312 0.6929122805595398 205
1717514802353 0.6974889636039734 206
1717514802390 0.7055661082267761 207
1717514802459 0.6985424160957336 208
1717514802497 0.6975107789039612 209
1717514802537 0.6972043514251709 210
1717514803228 0.6923235058784485 211
1717514803267 0.7015215158462524 212
1717514803304 0.6958355903625488 213
1717514803340 0.7056679129600525 214
1717514803370 0.7045986652374268 215
1717514803402 0.6992389559745789 216
1717514803434 0.6960090398788452 217
1717514803466 0.6912999153137207 218
1717514803497 0.6964560151100159 219
1717514803529 0.6947048902511597 220
1717514804138 0.7006092071533203 221
1717514804165 0.7044137120246887 222
1717514804198 0.6937689185142517 223
1717514804240 0.6916504502296448 224
1717514804272 0.69435054063797 225
1717514804292 0.6926555037498474 226
1717514804334 0.6921496391296387 227
1717514804374 0.6944772601127625 228
1717514804414 0.6917818784713745 229
1717514804440 0.6923863291740417 230
1717514804965 0.6933075785636902 231
1717514805009 0.6979178190231323 232
1717514805050 0.6981149315834045 233
1717514805087 0.6913989186286926 234
1717514805125 0.6914029121398926 235
1717514805159 0.6863954663276672 236
1717514805189 0.695357620716095 237
1717514805222 0.6936217546463013 238
1717514805255 0.6893191933631897 239
1717514805290 0.6947014331817627 240
1717514805847 0.695808470249176 241
1717514805884 0.695591390132904 242
1717514806021 0.6931140422821045 243
1717514806305 0.6983264684677124 244
1717514806347 0.6981704831123352 245
1717514806378 0.6979567408561707 246
1717514806401 0.6967018246650696 247
1717514806443 0.6940276026725769 248
1717514806483 0.6922239065170288 249
1717514806501 0.6968109607696533 250
1717514807022 0.6934469938278198 251
1717514807045 0.6973730325698853 252
1717514807075 0.6924852132797241 253
1717514807116 0.6928163170814514 254
1717514807150 0.695326030254364 255
1717514807169 0.6898443698883057 256
1717514807224 0.6964029669761658 257
1717514807266 0.6938422322273254 258
1717514807284 0.6895274519920349 259
1717514807311 0.6941461563110352 260
1717514807802 0.6954474449157715 261
1717514807843 0.6953944563865662 262
1717514807882 0.6936872005462646 263
1717514807921 0.6951630115509033 264
1717514807942 0.6939375996589661 265
1717514807969 0.6916310787200928 266
1717514808011 0.6912628412246704 267
1717514808051 0.6875185966491699 268
1717514808068 0.6923323273658752 269
1717514808103 0.6967813968658447 270
1717514808638 0.6917973756790161 271
1717514808661 0.6951173543930054 272
1717514808690 0.6859515905380249 273
1717514808730 0.6908650398254395 274
1717514808765 0.6953672766685486 275
1717514808803 0.697605550289154 276
1717514808835 0.6915329694747925 277
1717514808868 0.7011327147483826 278
1717514808900 0.6970292925834656 279
1717514808934 0.7003841996192932 280
1717514809450 0.6957218050956726 281
1717514809487 0.6931859254837036 282
1717514809527 0.6946112513542175 283
1717514809566 0.6963639259338379 284
1717514809603 0.6962466835975647 285
1717514809641 0.6987062692642212 286
1717514809673 0.6967102885246277 287
1717514809710 0.6934972405433655 288
1717514809740 0.6943197250366211 289
1717514809774 0.696820080280304 290
1717514810300 0.695767343044281 291
1717514810341 0.6971359848976135 292
1717514810380 0.6964491605758667 293
1717514810403 0.6932663321495056 294
1717514810434 0.6945939660072327 295
1717514810480 0.6958144903182983 296
1717514810514 0.6956993341445923 297
1717514810532 0.6961545944213867 298
1717514810566 0.6978622078895569 299
1717514810607 0.6961204409599304 300
1717514811154 0.7007220387458801 301
1717514811187 0.6917040348052979 302
1717514811220 0.6986523866653442 303
1717514811257 0.6943132877349854 304
1717514811292 0.6899464130401611 305
1717514811332 0.695967435836792 306
1717514811374 0.7005277872085571 307
1717514811452 0.6906788349151611 308
1717514811495 0.6986746788024902 309
1717514811525 0.6936375498771667 310
1717514812470 0.6933851838111877 311
1717514812489 0.6956223845481873 312
1717514812534 0.6925882697105408 313
1717514812575 0.699261486530304 314
1717514812594 0.6979158520698547 315
1717514812624 0.6906241178512573 316
1717514812666 0.6900678873062134 317
1717514812709 0.6960578560829163 318
1717514812737 0.6951608061790466 319
1717514812758 0.6926535964012146 320
1717514813297 0.6882241368293762 321
1717514813339 0.6945059895515442 322
1717514813368 0.6992963552474976 323
1717514813389 0.6917441487312317 324
1717514813427 0.6951563954353333 325
1717514813469 0.6897252798080444 326
1717514813494 0.697566032409668 327
1717514813524 0.6906846165657043 328
1717514813562 0.692944347858429 329
1717514813599 0.6981703639030457 330
1717514814391 0.6903740167617798 331
1717514814424 0.6929197311401367 332
1717514814473 0.6951404213905334 333
1717514814510 0.698240339756012 334
1717514814539 0.6941691637039185 335
1717514814570 0.6891385316848755 336
1717514814612 0.6969050168991089 337
1717514814639 0.695671021938324 338
1717514814670 0.6953279972076416 339
1717514814717 0.6966325640678406 340
1717514815259 0.6944820880889893 341
1717514815288 0.694840133190155 342
1717514815327 0.6960444450378418 343
1717514815365 0.6940776109695435 344
1717514815384 0.7024179100990295 345
1717514815412 0.6971867084503174 346
1717514815454 0.6970388293266296 347
1717514815491 0.6977341771125793 348
1717514815510 0.6915843486785889 349
1717514815546 0.6957865953445435 350
1717514816083 0.6932817101478577 351
1717514816125 0.691580593585968 352
1717514816164 0.692508339881897 353
1717514816203 0.6920796632766724 354
1717514816229 0.693663477897644 355
1717514816265 0.6945897936820984 356
1717514816304 0.6967090368270874 357
1717514816335 0.6986502408981323 358
1717514816358 0.6880114674568176 359
1717514816397 0.6923070549964905 360
1717514816999 0.6951767206192017 361
1717514817032 0.6956110000610352 362
1717514817068 0.6918520331382751 363
1717514817115 0.6958531737327576 364
1717514817138 0.6946964263916016 365
1717514817167 0.6931561827659607 366
1717514817209 0.6936888694763184 367
1717514817244 0.6985035538673401 368
1717514817268 0.6947066187858582 369
1717514817305 0.6954062581062317 370
1717514817871 0.6946898102760315 371
1717514817921 0.6935851573944092 372
1717514817955 0.6941786408424377 373
1717514818004 0.6958003640174866 374
1717514818038 0.7010916471481323 375
1717514818088 0.6968265771865845 376
1717514818138 0.6958326101303101 377
1717514818176 0.6978554725646973 378
1717514818196 0.6959677338600159 379
1717514818231 0.6914490461349487 380
1717514818775 0.6904236674308777 381
1717514818817 0.6994144916534424 382
1717514818843 0.6991532444953918 383
1717514818870 0.689740777015686 384
1717514818919 0.6963721513748169 385
1717514818953 0.6955432891845703 386
1717514818989 0.6960246562957764 387
1717514819019 0.6925289034843445 388
1717514819062 0.6899875998497009 389
1717514819099 0.6929781436920166 390
1717514819606 0.6922547817230225 391
1717514819650 0.6923919320106506 392
1717514819689 0.6924193501472473 393
1717514819728 0.6954950094223022 394
1717514819759 0.6919465661048889 395
1717514819786 0.6990482211112976 396
1717514819819 0.6945083141326904 397
1717514819858 0.6914858222007751 398
1717514819887 0.6952593326568604 399
1717514819916 0.696999192237854 400
1717514820568 0.6960573792457581 401
1717514820590 0.6914709210395813 402
1717514820620 0.6952615976333618 403
1717514820660 0.6917082667350769 404
1717514820699 0.6920520663261414 405
1717514820740 0.6947846412658691 406
1717514820779 0.6934126615524292 407
1717514820802 0.6959126591682434 408
1717514820837 0.6926619410514832 409
1717514820866 0.6987965106964111 410
1717514821400 0.694659411907196 411
1717514821447 0.6899933218955994 412
1717514821479 0.6975801587104797 413
1717514821494 0.6958222985267639 414
1717514821542 0.6941430568695068 415
1717514821581 0.695553719997406 416
1717514821605 0.6861597895622253 417
1717514821630 0.6912492513656616 418
1717514821674 0.6885710954666138 419
1717514821712 0.6917575597763062 420
1717514822230 0.6985980272293091 421
1717514822274 0.6974392533302307 422
1717514822310 0.6941648125648499 423
1717514822328 0.6953349709510803 424
1717514822355 0.6971968412399292 425
1717514822395 0.6958223581314087 426
1717514822434 0.6951776742935181 427
1717514822453 0.6939868927001953 428
1717514822485 0.6965780258178711 429
1717514822524 0.6931449174880981 430
1717514827910 0.6967970132827759 431
1717514827941 0.6991556286811829 432
1717514827988 0.6942851543426514 433
1717514828021 0.6947444677352905 434
1717514828035 0.6953652501106262 435
1717514828067 0.6970728039741516 436
1717514828113 0.6940240859985352 437
1717514828161 0.6942328214645386 438
1717514828176 0.6952086687088013 439
1717514828208 0.6919614672660828 440
1717514828921 0.6941475868225098 441
1717514828964 0.6946096420288086 442
1717514828993 0.6942099332809448 443
1717514829028 0.6956207156181335 444
1717514829047 0.6944451928138733 445
1717514829089 0.6911810636520386 446
1717514829130 0.6978955864906311 447
1717514829152 0.6953893303871155 448
1717514829177 0.6933684945106506 449
1717514829217 0.6981569528579712 450
1717514829839 0.6941365599632263 451
1717514830113 0.6927122473716736 452
1717514830152 0.6950291991233826 453
1717514830191 0.6916214823722839 454
1717514830231 0.6960301399230957 455
1717514830256 0.6864014267921448 456
1717514830273 0.6965293288230896 457
1717514830314 0.6900792121887207 458
1717514830357 0.6928601861000061 459
1717514830399 0.6968322396278381 460
1717514830899 0.6996780633926392 461
1717514830933 0.6944674849510193 462
1717514830973 0.6894891262054443 463
1717514831004 0.6934176683425903 464
1717514831021 0.6944159865379333 465
1717514831055 0.6879138946533203 466
1717514831092 0.6937121152877808 467
1717514831124 0.6951996684074402 468
1717514831139 0.6945245265960693 469
1717514831170 0.6967669725418091 470
1717514831668 0.6892449259757996 471
1717514831707 0.6905375719070435 472
1717514831729 0.6907702088356018 473
1717514831747 0.6876580119132996 474
1717514831785 0.7018337249755859 475
1717514831824 0.6967172026634216 476
1717514831866 0.6955554485321045 477
1717514831885 0.6943891048431396 478
1717514831914 0.691485583782196 479
1717514831952 0.694963276386261 480
1717514837325 0.6967783570289612 481
1717514837370 0.6995671391487122 482
1717514837405 0.6971531510353088 483
1717514837448 0.7053442597389221 484
1717514837466 0.6949977278709412 485
1717514837498 0.694054365158081 486
1717514837541 0.6923850774765015 487
1717514837576 0.6927369236946106 488
1717514837597 0.691335141658783 489
1717514837635 0.6942312717437744 490
1717514838363 0.6969915628433228 491
1717514838404 0.690917432308197 492
1717514838424 0.6950625777244568 493
1717514838451 0.6908507347106934 494
1717514838488 0.6918004751205444 495
1717514838525 0.6916807889938354 496
1717514838546 0.6952883005142212 497
1717514838579 0.6910752654075623 498
1717514838618 0.6988235116004944 499
1717514838652 0.6927456259727478 500
