1717429202252 0.6953911781311035 1
1717429202836 1.6336148977279663 2
1717429203419 0.7151557207107544 3
1717429204130 1.8584227561950684 4
1717429204686 0.7850304841995239 5
1717429205206 1.1845759153366089 6
1717429205771 0.8230190277099609 7
1717429206284 0.7370908260345459 8
1717429206799 0.7278726696968079 9
1717429207375 0.7020535469055176 10
1717429213656 0.7706069946289062 11
1717429214234 0.7003691792488098 12
1717429214794 0.7369378209114075 13
1717429215371 0.6924154758453369 14
1717429215965 0.7306188941001892 15
1717429216606 0.6965085864067078 16
1717429217323 0.7230362296104431 17
1717429218073 0.7294511198997498 18
1717429218839 0.7048585414886475 19
1717429219588 0.7120575904846191 20
1717429223112 0.7019445300102234 21
1717429223749 0.6919527053833008 22
1717429224434 0.6987268328666687 23
1717429225119 0.7156892418861389 24
1717429225782 0.7040318846702576 25
1717429226426 0.6968708634376526 26
1717429227177 0.704771876335144 27
1717429227881 0.6924169659614563 28
1717429228563 0.7074779868125916 29
1717429229242 0.7060012817382812 30
1717429232600 0.70451420545578 31
1717429233256 0.7203842401504517 32
1717429233956 0.6966559886932373 33
1717429234622 0.7205020785331726 34
1717429235263 0.695793092250824 35
1717429235939 0.7091615200042725 36
1717429236668 0.6942354440689087 37
1717429237355 0.6988897323608398 38
1717429238017 0.6926637291908264 39
1717429238698 0.7039676904678345 40
1717429245561 0.6862819194793701 41
1717429246233 0.7376273274421692 42
1717429246909 0.7006208896636963 43
1717429247626 0.7594507932662964 44
1717429248330 0.7362021207809448 45
1717429249018 0.7143331170082092 46
1717429249734 0.7935062050819397 47
1717429250438 0.6937416195869446 48
1717429251141 0.7505117654800415 49
1717429251830 0.7155027389526367 50
1717429255419 0.7190794348716736 51
1717429256111 0.7389219999313354 52
1717429256825 0.693263590335846 53
1717429257559 0.7154591679573059 54
1717429258251 0.7171003222465515 55
1717429258979 0.7023643255233765 56
1717429259639 0.7065255641937256 57
1717429260353 0.7040547132492065 58
1717429261010 0.6929751038551331 59
1717429261685 0.7406336665153503 60
1717429265176 0.6977853178977966 61
1717429265825 0.7265312075614929 62
1717429266505 0.7266438007354736 63
1717429267177 0.6945559978485107 64
1717429267872 0.7275992035865784 65
1717429268581 0.7081859111785889 66
1717429269286 0.6977779865264893 67
1717429269996 0.7400301098823547 68
1717429270688 0.6921184062957764 69
1717429271406 0.7140907645225525 70
1717429274963 0.7243255972862244 71
1717429275638 0.6909710764884949 72
1717429276318 0.7320546507835388 73
1717429277013 0.7092517614364624 74
1717429277715 0.693527102470398 75
1717429278386 0.7532128095626831 76
1717429279106 0.6936249732971191 77
1717429279854 0.6986609697341919 78
1717429280541 0.7403765916824341 79
1717429281204 0.6983453035354614 80
1717429284536 0.706829309463501 81
1717429285182 0.7032960653305054 82
1717429285784 0.6945781111717224 83
1717429286377 0.7337646484375 84
1717429287000 0.6950034499168396 85
1717429287645 0.7043869495391846 86
1717429288210 0.7231765985488892 87
1717429288816 0.6935824751853943 88
1717429289440 0.7082723379135132 89
1717429290027 0.7140873670578003 90
1717429296542 0.6920257210731506 91
1717429297125 0.7392436265945435 92
1717429297727 0.6969747543334961 93
1717429298391 0.7124929428100586 94
1717429299026 0.7056192755699158 95
1717429299654 0.6971474289894104 96
1717429300270 0.7098484039306641 97
1717429300914 0.7229103446006775 98
1717429301544 0.7011067271232605 99
1717429302111 0.7125150561332703 100
1717429305287 0.6980233192443848 101
1717429305885 0.6983616352081299 102
1717429306568 0.6981656551361084 103
1717429307185 0.6995178461074829 104
1717429307812 0.6924260258674622 105
1717429308416 0.697844922542572 106
1717429309025 0.706678032875061 107
1717429309633 0.6944264769554138 108
1717429310220 0.7156662344932556 109
1717429310824 0.6870295405387878 110
1717429314311 0.7067940831184387 111
1717429314956 0.7058124542236328 112
1717429315575 0.690889835357666 113
1717429316217 0.7291988134384155 114
1717429316866 0.7042822241783142 115
1717429317542 0.692714512348175 116
1717429318225 0.743366003036499 117
1717429318924 0.6998842358589172 118
1717429319572 0.7181110978126526 119
1717429320292 0.7503679990768433 120
1717429326797 0.6919978260993958 121
1717429327409 0.7441414594650269 122
1717429328045 0.7400308847427368 123
1717429328650 0.6896378397941589 124
1717429329266 0.7693127393722534 125
1717429329946 0.7380566596984863 126
1717429330612 0.6993331909179688 127
1717429331311 0.7622364163398743 128
1717429331981 0.712974488735199 129
1717429332696 0.7313166856765747 130
1717429336333 0.7270491719245911 131
1717429337059 0.700542151927948 132
1717429337692 0.7227331399917603 133
1717429338476 0.738647997379303 134
1717429339035 0.6963200569152832 135
1717429339692 0.7174786329269409 136
1717429340359 0.761419415473938 137
1717429340979 0.6900366544723511 138
1717429341639 0.7215732932090759 139
1717429342238 0.7161248326301575 140
1717429348972 0.6933724284172058 141
1717429349648 0.728781521320343 142
1717429350309 0.7047567367553711 143
1717429350887 0.6984413266181946 144
1717429351480 0.7083998322486877 145
1717429352162 0.695711612701416 146
1717429352829 0.6967877149581909 147
1717429353468 0.7136500477790833 148
1717429354078 0.6908286213874817 149
1717429354683 0.6951479315757751 150
1717429358109 0.7051700949668884 151
1717429358723 0.6996952891349792 152
1717429359392 0.6986184120178223 153
1717429360057 0.713869035243988 154
1717429360714 0.6922398209571838 155
1717429361376 0.7031757831573486 156
1717429361975 0.7051448822021484 157
1717429362572 0.6916690468788147 158
1717429363189 0.7005336880683899 159
1717429363854 0.7190892696380615 160
1717429367239 0.69036865234375 161
1717429367883 0.7169952988624573 162
1717429368636 0.7245633006095886 163
1717429369233 0.7009084820747375 164
1717429369883 0.703983724117279 165
1717429370544 0.7204278111457825 166
1717429371214 0.6935919523239136 167
1717429371864 0.7220327258110046 168
1717429372517 0.7230064868927002 169
1717429373184 0.6936238408088684 170
1717429376345 0.698104977607727 171
1717429377005 0.7046023607254028 172
1717429377577 0.693957507610321 173
1717429378209 0.6993127465248108 174
1717429378849 0.7203636765480042 175
1717429379501 0.6890469193458557 176
1717429380140 0.7047021389007568 177
1717429380726 0.6985923647880554 178
1717429381295 0.6930184364318848 179
1717429381923 0.6923121809959412 180
1717429385377 0.7024844884872437 181
1717429386041 0.6930227279663086 182
1717429386887 0.693783164024353 183
1717429387695 0.7064136862754822 184
1717429388483 0.694210410118103 185
1717429389251 0.6989830732345581 186
1717429389949 0.7086367011070251 187
1717429390565 0.7108815908432007 188
1717429391232 0.6992653608322144 189
1717429391865 0.6927760243415833 190
1717429398708 0.6927059888839722 191
1717429399491 0.7060289978981018 192
1717429400185 0.693315327167511 193
1717429401033 0.6923789381980896 194
1717429401882 0.6945181488990784 195
1717429402634 0.6928329467773438 196
1717429403413 0.6949270367622375 197
1717429404355 0.6919100880622864 198
1717429405080 0.6902535557746887 199
1717429405679 0.6929039359092712 200
1717429409148 0.6954853534698486 201
1717429409834 0.69484543800354 202
1717429410551 0.709817111492157 203
1717429411377 0.6920255422592163 204
1717429412316 0.7208331227302551 205
1717429413084 0.7016542553901672 206
1717429413864 0.703745424747467 207
1717429414618 0.723031759262085 208
1717429415272 0.6892744302749634 209
1717429415944 0.6968448758125305 210
1717429419215 0.6941357254981995 211
1717429419860 0.6998531222343445 212
1717429420511 0.7128643989562988 213
1717429421127 0.7011806964874268 214
1717429421741 0.7086376547813416 215
1717429422330 0.707644522190094 216
1717429422969 0.6920452117919922 217
1717429423663 0.7108703255653381 218
1717429424342 0.6995450258255005 219
1717429424984 0.6937329173088074 220
1717429431631 0.6900835633277893 221
1717429432198 0.6922644376754761 222
1717429432801 0.6950471997261047 223
1717429433459 0.6920113563537598 224
1717429434057 0.6957921981811523 225
1717429434675 0.6943541169166565 226
1717429435261 0.6939505338668823 227
1717429435894 0.6925209164619446 228
1717429436584 0.6914799809455872 229
1717429437266 0.6945260167121887 230
1717429440392 0.6939064264297485 231
1717429441011 0.6952242851257324 232
1717429441604 0.6929410696029663 233
1717429442370 0.6890445947647095 234
1717429443055 0.694068193435669 235
1717429443705 0.6976513862609863 236
1717429444321 0.6916163563728333 237
1717429445006 0.6970774531364441 238
1717429445620 0.6948279142379761 239
1717429446283 0.6929823756217957 240
1717429449769 0.6928198337554932 241
1717429450450 0.6914928555488586 242
1717429451185 0.6927823424339294 243
1717429451869 0.6932088732719421 244
1717429452455 0.6920861005783081 245
1717429452999 0.6925631761550903 246
1717429453548 0.6937326788902283 247
1717429454136 0.6944206953048706 248
1717429454735 0.7015995979309082 249
1717429455314 0.6897336840629578 250
1717429458740 0.6978545784950256 251
1717429459341 0.7035515308380127 252
1717429459908 0.7081112861633301 253
1717429460569 0.6977394819259644 254
1717429461177 0.6948168873786926 255
1717429461754 0.6921772360801697 256
1717429462373 0.6996758580207825 257
1717429462972 0.6952621340751648 258
1717429463603 0.6980627179145813 259
1717429464221 0.6996031999588013 260
1717429467552 0.6960592865943909 261
1717429468236 0.7097588181495667 262
1717429468834 0.7073132991790771 263
1717429469466 0.693324089050293 264
1717429470092 0.7173058986663818 265
1717429470774 0.6917526125907898 266
1717429471417 0.7230619192123413 267
1717429472070 0.6942228674888611 268
1717429472758 0.6968245506286621 269
1717429473392 0.7140064239501953 270
1717429476629 0.6952166557312012 271
1717429477198 0.6904997229576111 272
1717429477811 0.7009347081184387 273
1717429478429 0.6912832260131836 274
1717429479009 0.693776547908783 275
1717429479573 0.699337363243103 276
1717429480142 0.687870979309082 277
1717429480771 0.6943113803863525 278
1717429481400 0.7046941518783569 279
1717429482056 0.7034688591957092 280
1717429488653 0.689426600933075 281
1717429489235 0.7023153901100159 282
1717429489817 0.697605311870575 283
1717429490382 0.6938412189483643 284
1717429490963 0.6979513764381409 285
1717429491586 0.6915795207023621 286
1717429492166 0.6936916708946228 287
1717429492785 0.6928681135177612 288
1717429493421 0.6902739405632019 289
1717429494023 0.6999420523643494 290
1717429497164 0.692213773727417 291
1717429497763 0.7193537950515747 292
1717429498400 0.7085899710655212 293
1717429498990 0.712202787399292 294
1717429499645 0.6998343467712402 295
1717429500323 0.6923750638961792 296
1717429500934 0.7074556946754456 297
1717429501591 0.6922482252120972 298
1717429502217 0.690483808517456 299
1717429502823 0.7058690786361694 300
1717429506121 0.6920881271362305 301
1717429506770 0.7050303816795349 302
1717429507384 0.6914520263671875 303
1717429507999 0.6905967593193054 304
1717429508624 0.6940096020698547 305
1717429509268 0.7010941505432129 306
1717429509867 0.6955480575561523 307
1717429510504 0.7023065090179443 308
1717429511124 0.7003949880599976 309
1717429511715 0.6916053891181946 310
1717429514897 0.7091697454452515 311
1717429515453 0.7000120282173157 312
1717429516081 0.6895779371261597 313
1717429516677 0.7131732702255249 314
1717429517272 0.6913731694221497 315
1717429517894 0.698992908000946 316
1717429518493 0.6993247270584106 317
1717429519176 0.6924986243247986 318
1717429519725 0.6921932101249695 319
1717429520361 0.6989006996154785 320
1717429523634 0.6926131844520569 321
1717429524259 0.6903507709503174 322
1717429524947 0.7003680467605591 323
1717429525588 0.6925493478775024 324
1717429526182 0.6956212520599365 325
1717429526798 0.6959514617919922 326
1717429527386 0.6933633089065552 327
1717429527999 0.693814218044281 328
1717429528635 0.6928459405899048 329
1717429529224 0.6998316645622253 330
1717429532579 0.6971144080162048 331
1717429533218 0.6918487548828125 332
1717429533794 0.6894211173057556 333
1717429534349 0.6924253106117249 334
1717429534908 0.6968405246734619 335
1717429535556 0.6997097730636597 336
1717429536159 0.7014356255531311 337
1717429536896 0.6919142007827759 338
1717429537496 0.7062346339225769 339
1717429538078 0.7058209776878357 340
1717429541325 0.6907699108123779 341
