1717574043573 0.7058368921279907 1
1717574045066 0.6957798004150391 2
1717574046270 0.6963262557983398 3
1717574047943 0.6949046850204468 4
1717574049500 0.6894227862358093 5
1717574051158 0.6911792755126953 6
1717574053096 0.6956765055656433 7
1717574054976 0.6893469095230103 8
1717574056820 0.6911386251449585 9
1717574058645 0.6896448731422424 10
1717574082121 0.6892101764678955 11
1717574083469 0.6900157928466797 12
1717574084933 0.675827145576477 13
1717574086815 0.6788204312324524 14
1717574089032 0.6945496201515198 15
1717574090865 0.6841543912887573 16
1717574092710 0.6853805780410767 17
1717574094222 0.6861123442649841 18
1717574095821 0.6794353127479553 19
1717574097623 0.676243782043457 20
1717574118416 0.6770700216293335 21
1717574119773 0.6710391044616699 22
1717574121517 0.6751736402511597 23
1717574123054 0.670423686504364 24
1717574125065 0.6695118546485901 25
1717574127065 0.6601386070251465 26
1717574128993 0.6556031703948975 27
1717574131375 0.647335410118103 28
1717574134007 0.666260838508606 29
1717574136092 0.6502052545547485 30
1717574156193 0.6446716785430908 31
1717574157674 0.6588563323020935 32
1717574158623 0.607445240020752 33
1717574159531 0.6334613561630249 34
1717574160286 0.6484416723251343 35
1717574160555 0.6096153855323792 36
1717574160956 0.6343656778335571 37
1717574161489 0.6227293610572815 38
1717574162252 0.6440268158912659 39
1717574163040 0.6202131509780884 40
1717574182733 0.6275790929794312 41
1717574183079 0.6217511892318726 42
1717574183283 0.6002011299133301 43
1717574183581 0.5653802752494812 44
1717574184030 0.6130207180976868 45
1717574184333 0.6160705089569092 46
1717574184552 0.5823899507522583 47
1717574184686 0.5353942513465881 48
1717574184843 0.5488904714584351 49
1717574185050 0.571021556854248 50
1717574204617 0.5152943730354309 51
1717574204780 0.5404312610626221 52
1717574205344 0.7070985436439514 53
1717574205864 0.5357476472854614 54
1717574206441 0.5509094595909119 55
1717574207071 0.5575300455093384 56
1717574207832 0.5736023187637329 57
1717574208867 0.5709547400474548 58
1717574209728 0.5551565289497375 59
1717574210696 0.5587597489356995 60
1717574225620 0.5638689994812012 61
1717574226379 0.5478014945983887 62
1717574227143 0.5572718381881714 63
1717574227882 0.5576325058937073 64
1717574228884 0.5497977137565613 65
1717574229572 0.5732378959655762 66
1717574230446 0.5540542006492615 67
1717574230948 0.5888199210166931 68
1717574231729 0.5246951580047607 69
1717574232532 0.5500683188438416 70
1717574253194 0.5465848445892334 71
1717574254136 0.5502161979675293 72
1717574254662 0.48719650506973267 73
1717574255240 0.5279448628425598 74
1717574255640 0.5226075053215027 75
1717574256094 0.5299402475357056 76
1717574256521 0.497451514005661 77
1717574256821 0.517198383808136 78
1717574257088 0.49340498447418213 79
1717574257321 0.4953601360321045 80
1717574276859 0.5081936717033386 81
1717574277078 0.45781680941581726 82
1717574277294 0.4669240117073059 83
1717574277474 0.4661931097507477 84
1717574277676 0.5087125897407532 85
1717574277873 0.4872015118598938 86
1717574278093 0.500020444393158 87
1717574278406 0.4408217966556549 88
1717574278721 0.46566852927207947 89
1717574279091 0.48534539341926575 90
1717574298993 0.48520997166633606 91
1717574299559 0.42945346236228943 92
1717574299988 0.48419174551963806 93
1717574300459 0.4406643211841583 94
1717574300830 0.4368317127227783 95
1717574301266 0.4333362281322479 96
1717574301551 0.451992392539978 97
1717574301862 0.4428105354309082 98
1717574302129 0.4080803692340851 99
1717574302317 0.46836838126182556 100
1717574321806 0.44113439321517944 101
1717574321964 0.3561272621154785 102
1717574322089 0.45141151547431946 103
1717574322230 0.4691808223724365 104
1717574322372 0.365813672542572 105
1717574322513 0.38165482878685 106
1717574322640 0.40759217739105225 107
1717574322781 0.40918099880218506 108
1717574322927 0.39860594272613525 109
1717574323069 0.3763353228569031 110
1717574342357 0.36523255705833435 111
1717574342506 0.38397645950317383 112
1717574342640 0.45104849338531494 113
1717574342766 0.4360221028327942 114
1717574342908 0.3684568405151367 115
1717574343054 0.3292151391506195 116
1717574343195 0.3503764867782593 117
1717574343320 0.34769243001937866 118
1717574343469 0.4239104390144348 119
1717574343602 0.3537601828575134 120
1717574362936 0.32598522305488586 121
1717574363072 0.3738822638988495 122
1717574363219 0.3384939432144165 123
1717574363372 0.3722224831581116 124
1717574363517 0.33659258484840393 125
1717574363657 0.341739296913147 126
1717574363804 0.30710074305534363 127
1717574363933 0.38190212845802307 128
1717574364075 0.3188047409057617 129
1717574364237 0.37244516611099243 130
1717574383323 0.3727051913738251 131
1717574383480 0.4246491491794586 132
1717574383621 0.37355178594589233 133
1717574383766 0.44504696130752563 134
1717574383902 0.38889870047569275 135
1717574384036 0.36878296732902527 136
1717574384173 0.41302311420440674 137
1717574384316 0.36343732476234436 138
1717574384449 0.38715583086013794 139
1717574384599 0.4049171209335327 140
1717574398730 0.3678431510925293 141
1717574398901 0.3669138550758362 142
1717574399105 0.3314051330089569 143
1717574399304 0.41258203983306885 144
1717574399477 0.332901269197464 145
1717574399676 0.36540648341178894 146
1717574399872 0.3583882749080658 147
1717574400073 0.41611945629119873 148
1717574400305 0.35233068466186523 149
1717574400494 0.44405198097229004 150
1717574414774 0.38883668184280396 151
1717574414970 0.3165587782859802 152
1717574415160 0.3411436080932617 153
1717574415348 0.34759005904197693 154
1717574415539 0.36389708518981934 155
1717574415741 0.32357898354530334 156
1717574415914 0.37030765414237976 157
1717574416112 0.3615672290325165 158
1717574416303 0.42013314366340637 159
1717574416507 0.43053868412971497 160
1717574430852 0.3917147219181061 161
1717574431056 0.3386330306529999 162
1717574431268 0.36700838804244995 163
1717574431457 0.373384565114975 164
1717574431666 0.33411163091659546 165
1717574431858 0.3316269516944885 166
1717574432066 0.29753246903419495 167
1717574432293 0.2860203683376312 168
1717574432482 0.3163416087627411 169
1717574432682 0.3286096453666687 170
1717574452097 0.3434324264526367 171
1717574452262 0.36569294333457947 172
1717574452425 0.33532899618148804 173
1717574452551 0.32888558506965637 174
1717574452696 0.31703895330429077 175
1717574452826 0.3738287389278412 176
1717574452983 0.4577089250087738 177
1717574453108 0.5874184370040894 178
1717574453249 0.5826670527458191 179
1717574453406 0.4162331819534302 180
1717574467473 0.3504888117313385 181
1717574467670 0.400890052318573 182
1717574467843 0.42294833064079285 183
1717574468063 0.40659794211387634 184
1717574468282 0.487290620803833 185
1717574468481 0.45129868388175964 186
1717574468670 0.438488245010376 187
1717574468858 0.44459959864616394 188
1717574469062 0.4313700497150421 189
1717574469305 0.4445606470108032 190
1717574483666 0.42269062995910645 191
1717574483854 0.3929677903652191 192
1717574484040 0.36866632103919983 193
1717574484227 0.4390060603618622 194
1717574484418 0.37567198276519775 195
1717574484601 0.3776615858078003 196
1717574484797 0.3736843168735504 197
1717574485006 0.3146303594112396 198
1717574485244 0.31382420659065247 199
1717574485433 0.3794972002506256 200
1717574499896 0.28479257225990295 201
1717574500100 0.3021904528141022 202
1717574500294 0.2971445918083191 203
1717574500489 0.3023830056190491 204
1717574500676 0.2908681035041809 205
1717574500864 0.3107523024082184 206
1717574501055 0.2801177203655243 207
1717574501259 0.29576703906059265 208
1717574501447 0.27435916662216187 209
1717574501643 0.3286828100681305 210
1717574515884 0.30863097310066223 211
1717574516102 0.3132588267326355 212
1717574516291 0.2948361337184906 213
1717574516487 0.2943783104419708 214
1717574516679 0.28753387928009033 215
1717574516861 0.24093762040138245 216
1717574517049 0.2813115417957306 217
1717574517266 0.29201534390449524 218
1717574517488 0.357735276222229 219
1717574517677 0.3020853102207184 220
1717574537265 0.28396886587142944 221
1717574537411 0.32646504044532776 222
1717574537552 0.32601720094680786 223
1717574537695 0.3118426501750946 224
1717574537830 0.2748878300189972 225
1717574537981 0.328405499458313 226
1717574538113 0.32930052280426025 227
1717574538264 0.2988314926624298 228
1717574538430 0.23897723853588104 229
1717574538547 0.291378378868103 230
1717574552936 0.35690218210220337 231
1717574553124 0.3522472083568573 232
1717574553323 0.33266815543174744 233
1717574553517 0.29679587483406067 234
1717574553714 0.2850625813007355 235
1717574553902 0.2694037854671478 236
1717574554092 0.3423287868499756 237
1717574554310 0.35335204005241394 238
1717574554530 0.33487468957901 239
1717574554698 0.23898304998874664 240
1717574574085 0.28281518816947937 241
1717574574241 0.27558693289756775 242
1717574574382 0.2340758889913559 243
1717574574520 0.28687167167663574 244
1717574574650 0.26775646209716797 245
1717574574791 0.2365981787443161 246
1717574574932 0.28663310408592224 247
1717574575063 0.2919900119304657 248
1717574575221 0.25148913264274597 249
1717574575372 0.33333876729011536 250
1717574589571 0.39174437522888184 251
1717574589780 0.4125716984272003 252
1717574589968 0.4207846522331238 253
1717574590172 0.4575054943561554 254
1717574590404 0.3951182961463928 255
1717574590576 0.37813252210617065 256
1717574590786 0.3366432189941406 257
1717574590976 0.33829233050346375 258
1717574591182 0.3744257390499115 259
1717574591418 0.41861990094184875 260
1717574605760 0.43759849667549133 261
1717574605947 0.40002501010894775 262
1717574606151 0.40910178422927856 263
1717574606357 0.36385247111320496 264
1717574606581 0.37488484382629395 265
1717574606770 0.3023557960987091 266
1717574606986 0.31736433506011963 267
1717574607206 0.29556530714035034 268
1717574607396 0.35906124114990234 269
1717574607589 0.3286440372467041 270
1717574621911 0.2980753481388092 271
1717574622104 0.3055253326892853 272
1717574622277 0.27380725741386414 273
1717574622481 0.2318696826696396 274
1717574622660 0.2144717574119568 275
1717574622848 0.24946482479572296 276
1717574623036 0.23012037575244904 277
1717574623242 0.21124832332134247 278
1717574623422 0.2884356677532196 279
1717574623626 0.32974159717559814 280
1717574643192 0.31128406524658203 281
1717574643349 0.2640049457550049 282
1717574643490 0.2753307521343231 283
1717574643626 0.2681710124015808 284
1717574643769 0.2547746002674103 285
1717574643894 0.2392222136259079 286
1717574644036 0.2698604464530945 287
1717574644177 0.20867249369621277 288
1717574644334 0.25611886382102966 289
1717574644475 0.29036033153533936 290
1717574658682 0.2915053963661194 291
1717574658878 0.28656256198883057 292
1717574659066 0.2483353614807129 293
1717574659264 0.24089328944683075 294
1717574659454 0.22518247365951538 295
1717574659651 0.265291690826416 296
1717574659835 0.26698097586631775 297
1717574660050 0.23084841668605804 298
1717574660243 0.2692839801311493 299
1717574660451 0.26046672463417053 300
1717574679811 0.24038231372833252 301
1717574679952 0.24675750732421875 302
1717574680109 0.22995448112487793 303
1717574680273 0.20361675322055817 304
1717574680407 0.2019892781972885 305
1717574680544 0.2446003407239914 306
1717574680680 0.2138587236404419 307
1717574680827 0.18469537794589996 308
1717574680968 0.21278132498264313 309
1717574681094 0.21172313392162323 310
1717574700276 0.20300264656543732 311
1717574700418 0.20121869444847107 312
1717574700562 0.2045980542898178 313
1717574700726 0.18829984962940216 314
1717574700851 0.1976458877325058 315
1717574701008 0.21101534366607666 316
1717574701134 0.19248974323272705 317
1717574701276 0.21048031747341156 318
1717574701418 0.27370768785476685 319
1717574701575 0.1946984976530075 320
1717574720823 0.20525404810905457 321
1717574720986 0.18450024724006653 322
1717574721140 0.21545077860355377 323
1717574721300 0.22481028735637665 324
1717574721503 0.2064191699028015 325
1717574721709 0.2048587203025818 326
1717574721961 0.20062275230884552 327
1717574722291 0.20965760946273804 328
1717574722573 0.19375690817832947 329
1717574722843 0.24921447038650513 330
1717574737388 0.19431652128696442 331
1717574737947 0.22131478786468506 332
1717574738509 0.19482794404029846 333
1717574739183 0.16911658644676208 334
1717574739726 0.1929994821548462 335
1717574740314 0.17721810936927795 336
1717574740812 0.1885012537240982 337
1717574741362 0.20843082666397095 338
1717574741835 0.2662113308906555 339
1717574742298 0.20597869157791138 340
1717574762078 0.2572268843650818 341
1717574762506 0.29028409719467163 342
1717574762740 0.17964254319667816 343
1717574763258 0.23319320380687714 344
1717574763786 0.19523762166500092 345
1717574764243 0.19509007036685944 346
1717574764606 0.24269609153270721 347
1717574765014 0.21791069209575653 348
1717574765579 0.18361105024814606 349
1717574765976 0.17279183864593506 350
1717574780429 0.15652836859226227 351
1717574781024 0.1492026448249817 352
1717574781433 0.17126932740211487 353
1717574781757 0.19287016987800598 354
1717574782086 0.15994305908679962 355
1717574782663 0.24730850756168365 356
1717574783334 0.2412666231393814 357
1717574784043 0.20571598410606384 358
1717574784566 0.1694292277097702 359
1717574785193 0.21387091279029846 360
1717574799931 0.2960265874862671 361
1717574800663 0.2883621156215668 362
1717574801316 0.24471083283424377 363
1717574802137 0.21933844685554504 364
1717574802850 0.1862291544675827 365
1717574803661 0.1739596277475357 366
1717574804708 0.24293002486228943 367
1717574805926 0.19869950413703918 368
1717574806959 0.17094606161117554 369
1717574808045 0.16382192075252533 370
1717574828372 0.1950557380914688 371
1717574829416 0.18688806891441345 372
1717574830351 0.2000465989112854 373
1717574831106 0.20529727637767792 374
1717574831995 0.22797629237174988 375
1717574832937 0.20411957800388336 376
1717574833623 0.24411754310131073 377
1717574834436 0.2553058862686157 378
1717574835195 0.24453917145729065 379
1717574835855 0.24138489365577698 380
1717574850902 0.21554672718048096 381
1717574851573 0.21950045228004456 382
1717574852115 0.1641494482755661 383
1717574852520 0.20622383058071136 384
1717574852967 0.22789771854877472 385
1717574853356 0.2612394690513611 386
1717574853910 0.286199688911438 387
1717574854461 0.23766635358333588 388
1717574854841 0.21147215366363525 389
1717574855225 0.22221507132053375 390
1717574869739 0.24451401829719543 391
1717574870031 0.20683594048023224 392
1717574870314 0.21987491846084595 393
1717574870562 0.19401857256889343 394
1717574870818 0.1338328719139099 395
1717574871056 0.2125893533229828 396
1717574871262 0.17990605533123016 397
1717574871441 0.2161974459886551 398
1717574871642 0.2034458965063095 399
1717574871829 0.15804222226142883 400
1717574886064 0.16956296563148499 401
1717574886250 0.17829327285289764 402
1717574886434 0.19173890352249146 403
1717574886638 0.177012100815773 404
1717574886810 0.16616272926330566 405
1717574886999 0.1507028043270111 406
1717574887217 0.18879655003547668 407
1717574887453 0.18375232815742493 408
1717574887659 0.12253066152334213 409
1717574887892 0.1640513390302658 410
1717574902256 0.2001027762889862 411
1717574902453 0.13829977810382843 412
1717574902647 0.21588090062141418 413
1717574902853 0.18764057755470276 414
1717574903042 0.1459842175245285 415
1717574903245 0.15035702288150787 416
1717574903446 0.17729802429676056 417
1717574903646 0.1931794285774231 418
1717574903872 0.13019390404224396 419
1717574904124 0.17879445850849152 420
1717574918506 0.1742190718650818 421
1717574918811 0.14539970457553864 422
1717574919107 0.17646625638008118 423
1717574919497 0.16394740343093872 424
1717574919855 0.1531713753938675 425
1717574920208 0.21340563893318176 426
1717574920665 0.17068985104560852 427
1717574921279 0.22446615993976593 428
1717574922001 0.17830419540405273 429
1717574922790 0.14853227138519287 430
1717574938076 0.16218948364257812 431
1717574939111 0.22087234258651733 432
1717574940442 0.14142782986164093 433
1717574941588 0.13769018650054932 434
1717574942773 0.10546871274709702 435
1717574943899 0.1793593466281891 436
1717574945206 0.17160752415657043 437
1717574946381 0.14881309866905212 438
1717574947806 0.17708083987236023 439
1717574949139 0.20150308310985565 440
1717574964663 0.17178981006145477 441
1717574966692 0.15562260150909424 442
1717574968050 0.16819658875465393 443
1717574969255 0.13589026033878326 444
1717574970579 0.1703588217496872 445
1717574972281 0.12489405274391174 446
1717574973897 0.1852448582649231 447
1717574975194 0.1838054060935974 448
1717574976653 0.14517110586166382 449
1717574978328 0.18085840344429016 450
1717574993950 0.1522790938615799 451
1717574995354 0.13517849147319794 452
1717574996883 0.13754922151565552 453
1717574997552 0.11123765259981155 454
1717574997950 0.09733391553163528 455
1717574998332 0.162002295255661 456
1717574998636 0.1571848839521408 457
1717574998852 0.13956508040428162 458
1717574999105 0.1160326898097992 459
1717574999367 0.1281760036945343 460
1717575013655 0.1491585522890091 461
1717575013904 0.13022834062576294 462
1717575014147 0.137110635638237 463
1717575014382 0.1838047355413437 464
1717575014585 0.15904654562473297 465
1717575014811 0.1617591679096222 466
1717575015000 0.20406892895698547 467
1717575015213 0.2598145008087158 468
1717575015433 0.19193126261234283 469
1717575015794 0.15426714718341827 470
1717575030770 0.20837680995464325 471
1717575031735 0.20034241676330566 472
1717575032797 0.20645850896835327 473
1717575033969 0.13427796959877014 474
1717575034765 0.14667361974716187 475
1717575035588 0.1374703049659729 476
1717575036221 0.16333912312984467 477
1717575037070 0.1942630410194397 478
1717575037817 0.1833166629076004 479
1717575038373 0.15168039500713348 480
1717575053223 0.1724482774734497 481
1717575053718 0.14248260855674744 482
1717575054148 0.1506761610507965 483
1717575054672 0.1284944862127304 484
1717575055135 0.10710608959197998 485
1717575055748 0.09069804847240448 486
1717575056350 0.13203036785125732 487
1717575056804 0.13703130185604095 488
1717575057235 0.16471433639526367 489
1717575057836 0.1837715059518814 490
1717575072657 0.13232828676700592 491
1717575073435 0.11612887680530548 492
1717575074114 0.15652649104595184 493
1717575074905 0.16342417895793915 494
1717575075597 0.21798084676265717 495
1717575076191 0.16227591037750244 496
1717575077031 0.14169742166996002 497
1717575077870 0.13216018676757812 498
1717575078867 0.17281381785869598 499
1717575079751 0.15182755887508392 500
