1717662242959 2.714367628097534 1
1717662252002 1.4858835935592651 2
1717662262178 0.9364898800849915 3
1717662272870 0.7453085780143738 4
1717662284253 0.7051699757575989 5
1717662295053 0.6935587525367737 6
1717662306653 0.6998671293258667 7
1717662318093 0.6874169707298279 8
1717662327146 0.6837260723114014 9
1717662335217 0.6797705292701721 10
1717662362829 0.6873424053192139 11
1717662372102 0.6904725432395935 12
1717662380100 0.6862973570823669 13
1717662387277 0.6874150633811951 14
1717662393654 0.6882110834121704 15
1717662399900 0.6908539533615112 16
1717662405410 0.687822163105011 17
1717662410106 0.6912591457366943 18
1717662415266 0.6670297384262085 19
1717662420049 0.6790976524353027 20
1717662444356 0.6760176420211792 21
1717662449071 0.6623559594154358 22
1717662453854 0.6691893935203552 23
1717662458566 0.670803964138031 24
1717662463033 0.6676611304283142 25
1717662467489 0.6706176400184631 26
1717662471744 0.6697015166282654 27
1717662476009 0.6628885269165039 28
1717662480049 0.6664710640907288 29
1717662484114 0.671733021736145 30
1717662506360 0.6534415483474731 31
1717662510331 0.6557368636131287 32
1717662514578 0.6699219346046448 33
1717662518381 0.609637975692749 34
1717662522111 0.5943531394004822 35
1717662526039 0.5813568830490112 36
1717662530087 0.5736368298530579 37
1717662534174 0.6036699414253235 38
1717662537905 0.5806170701980591 39
1717662541477 0.5947713851928711 40
1717662545032 0.5572533011436462 41
1717662549104 0.5600796341896057 42
1717662552860 0.579222559928894 43
1717662575337 0.5230862498283386 44
1717662578878 0.6003860235214233 45
1717662582695 0.5568121671676636 46
1717662586335 0.5189175605773926 47
1717662589922 0.5203025341033936 48
1717662593568 0.5002985596656799 49
1717662597161 0.510101318359375 50
1717662600739 0.48401904106140137 51
1717662604312 0.477618932723999 52
1717662608056 0.4986262321472168 53
1717662630734 0.48961934447288513 54
1717662634389 0.47955313324928284 55
1717662637953 0.4484834372997284 56
1717662641545 0.49320632219314575 57
1717662645229 0.41952812671661377 58
1717662648925 0.44849804043769836 59
1717662652561 0.4267532527446747 60
1717662656034 0.45276862382888794 61
1717662659698 0.4133821725845337 62
1717662663360 0.4409504532814026 63
1717662686281 0.39919012784957886 64
1717662690135 0.3687645196914673 65
1717662694628 0.34667471051216125 66
1717662698571 0.2953185439109802 67
1717662702382 0.34237903356552124 68
1717662706168 0.2919174134731293 69
1717662709775 0.3404350280761719 70
1717662713358 0.280427485704422 71
1717662716903 0.28882020711898804 72
1717662720504 0.26584696769714355 73
1717662724089 0.3013898432254791 74
1717662727633 0.31119945645332336 75
1717662731093 0.2526729106903076 76
1717662753226 0.27434444427490234 77
1717662756808 0.2762026786804199 78
1717662760339 0.23134009540081024 79
1717662764079 0.2499929964542389 80
1717662767707 0.2699574828147888 81
1717662771194 0.23590613901615143 82
1717662774773 0.2525039613246918 83
1717662778228 0.2788885533809662 84
1717662781791 0.25281304121017456 85
1717662785271 0.27015721797943115 86
1717662807598 0.24436742067337036 87
1717662811330 0.24747204780578613 88
1717662815126 0.2766527831554413 89
1717662818936 0.209429532289505 90
1717662822732 0.24459800124168396 91
1717662826513 0.21801872551441193 92
1717662830220 0.22077982127666473 93
1717662833939 0.3298693895339966 94
1717662837553 0.2967345118522644 95
1717662841408 0.22784028947353363 96
1717662857971 0.3267086446285248 97
1717662861662 0.20563416182994843 98
1717662865849 0.26784202456474304 99
1717662869655 0.17505492269992828 100
1717662873431 0.19686459004878998 101
1717662877138 0.2008439153432846 102
1717662880831 0.14050672948360443 103
1717662884553 0.1574839949607849 104
1717662888260 0.19431172311306 105
1717662891967 0.15966404974460602 106
1717662895682 0.15830209851264954 107
1717662899401 0.1733178198337555 108
1717662903124 0.16576601564884186 109
1717662925264 0.17455926537513733 110
1717662929029 0.19882209599018097 111
1717662932676 0.1314316838979721 112
1717662936260 0.18647146224975586 113
1717662939873 0.14126509428024292 114
1717662943652 0.1584138125181198 115
1717662947265 0.1825464367866516 116
1717662950967 0.16207216680049896 117
1717662954455 0.15705053508281708 118
1717662958215 0.14444954693317413 119
1717662980659 0.15046261250972748 120
1717662984294 0.15678048133850098 121
1717662987908 0.11794152110815048 122
1717662991656 0.15966226160526276 123
1717662995487 0.1751580536365509 124
1717662999261 0.18149086833000183 125
1717663003008 0.14301030337810516 126
1717663006711 0.1295996457338333 127
1717663010353 0.1878012865781784 128
1717663014258 0.16661721467971802 129
1717663032261 0.14208997786045074 130
1717663036242 0.15721449255943298 131
1717663040691 0.18021288514137268 132
1717663044688 0.12715789675712585 133
1717663048634 0.08667249977588654 134
1717663052504 0.10790292918682098 135
1717663056375 0.09261396527290344 136
1717663060245 0.0929388552904129 137
1717663064131 0.08867636322975159 138
1717663067712 0.089877188205719 139
1717663071301 0.08132816851139069 140
1717663075150 0.1362992227077484 141
1717663079005 0.08260658383369446 142
1717663097288 0.10209637880325317 143
1717663101251 0.08501479774713516 144
1717663105154 0.1424373984336853 145
1717663109040 0.09336304664611816 146
1717663112878 0.11203579604625702 147
1717663116671 0.10267731547355652 148
1717663120532 0.0820632129907608 149
1717663124414 0.08782058209180832 150
1717663128294 0.077309750020504 151
1717663132118 0.1294635683298111 152
1717663149022 0.10400832444429398 153
1717663152703 0.0938994362950325 154
1717663156417 0.12924915552139282 155
1717663160101 0.10940703004598618 156
1717663163760 0.15664303302764893 157
1717663167500 0.07238717377185822 158
1717663171305 0.1019175797700882 159
1717663175155 0.15148523449897766 160
1717663178873 0.10639294981956482 161
1717663182628 0.12673020362854004 162
1717663199800 0.1319136768579483 163
1717663203456 0.11818219721317291 164
1717663208005 0.08598387986421585 165
1717663212085 0.04203273355960846 166
1717663216045 0.04932175204157829 167
1717663220127 0.04498334228992462 168
1717663224054 0.05362803488969803 169
1717663227045 0.03865576535463333 170
1717663230631 0.049084171652793884 171
1717663234212 0.04526684433221817 172
1717663237626 0.040103018283843994 173
1717663241160 0.07101801037788391 174
1717663244736 0.0639762133359909 175
1717663261375 0.10413039475679398 176
1717663264815 0.06376031041145325 177
1717663268385 0.08178533613681793 178
1717663271871 0.07245936244726181 179
1717663275294 0.04798878729343414 180
1717663278781 0.057534150779247284 181
1717663282252 0.05179816484451294 182
1717663285891 0.07334847003221512 183
1717663289664 0.05662797391414642 184
1717663293395 0.07427060604095459 185
1717663310635 0.0890742689371109 186
1717663314294 0.05703184753656387 187
1717663317887 0.0758996233344078 188
1717663321514 0.04859011247754097 189
1717663325322 0.054781604558229446 190
1717663329231 0.05424804612994194 191
1717663333027 0.05777371674776077 192
1717663336830 0.08719529211521149 193
1717663340659 0.06800002604722977 194
1717663344453 0.09091398864984512 195
1717663362290 0.06886359304189682 196
1717663365905 0.0987761989235878 197
1717663370056 0.08476701378822327 198
1717663373916 0.05303632467985153 199
1717663377816 0.06071288138628006 200
1717663381813 0.0327809676527977 201
1717663385776 0.04668688774108887 202
1717663389694 0.060559194535017014 203
1717663393611 0.040220580995082855 204
1717663397528 0.0605730339884758 205
1717663401477 0.030986186116933823 206
1717663405393 0.04596411809325218 207
1717663409295 0.03944259509444237 208
1717663427151 0.0574510283768177 209
1717663430738 0.039642948657274246 210
1717663434185 0.03870979696512222 211
1717663437580 0.05487442389130592 212
1717663441051 0.038462091237306595 213
1717663444578 0.0506959892809391 214
1717663448080 0.026187846437096596 215
1717663451597 0.0417858250439167 216
1717663455145 0.06161526218056679 217
1717663458866 0.05101441591978073 218
1717663475237 0.04952796921133995 219
1717663478755 0.028192073106765747 220
1717663482287 0.04859888181090355 221
1717663485883 0.053495489060878754 222
1717663489558 0.03773690387606621 223
1717663493295 0.04009926691651344 224
1717663497078 0.07415834814310074 225
1717663500853 0.029781248420476913 226
1717663504357 0.05746433138847351 227
1717663507955 0.03629397973418236 228
