1717343549809 0.716176450252533 1
1717343550139 0.6961483955383301 2
1717343550473 0.709984540939331 3
1717343550733 0.7129504680633545 4
1717343550989 0.7095937132835388 5
1717343551311 0.7008402347564697 6
1717343551585 0.7034953832626343 7
1717343551836 0.7070266604423523 8
1717343552079 0.7011705040931702 9
1717343552570 0.6902598142623901 10
1717343556600 0.6966544985771179 11
1717343556870 0.6983948945999146 12
1717343557144 0.6995026469230652 13
1717343557430 0.7029463648796082 14
1717343557740 0.6930192708969116 15
1717343558003 0.69227135181427 16
1717343558269 0.7000002861022949 17
1717343558524 0.6993404030799866 18
1717343558778 0.7038750052452087 19
1717343559009 0.6944193243980408 20
1717343563061 0.7047987580299377 21
1717343563320 0.6960150003433228 22
1717343563573 0.6992009878158569 23
1717343563851 0.7087839841842651 24
1717343564103 0.6917935013771057 25
1717343564376 0.6961212754249573 26
1717343564644 0.695372998714447 27
1717343564877 0.6951867341995239 28
1717343565125 0.6922816038131714 29
1717343565358 0.697594165802002 30
1717343566423 0.7052164077758789 31
1717343566706 0.7070383429527283 32
1717343566967 0.6987466216087341 33
1717343567269 0.6943144798278809 34
1717343567524 0.7038378119468689 35
1717343567774 0.7047982215881348 36
1717343568008 0.6989799737930298 37
1717343568241 0.6925565004348755 38
1717343568473 0.6952165961265564 39
1717343568740 0.6955536603927612 40
1717343569707 0.7018187046051025 41
1717343569956 0.6966447830200195 42
1717343570204 0.6966689229011536 43
1717343570450 0.6971540451049805 44
1717343570725 0.6945874094963074 45
1717343570963 0.6980950832366943 46
1717343571195 0.6938052773475647 47
1717343571437 0.6934889554977417 48
1717343571697 0.6984004974365234 49
1717343571952 0.7049829959869385 50
