1717602321105 0.7042752504348755 1
1717602323236 0.6901607513427734 2
1717602325493 0.7028723955154419 3
1717602327293 0.688330888748169 4
1717602328875 0.6904294490814209 5
1717602330547 0.6886682510375977 6
1717602332592 0.6813348531723022 7
1717602334776 0.6790494322776794 8
1717602336901 0.6720014810562134 9
1717602339057 0.6685983538627625 10
1717602348955 0.6569505929946899 11
1717602351202 0.6586600542068481 12
1717602352579 0.6490221619606018 13
1717602353138 0.6361427307128906 14
1717602353623 0.6423936486244202 15
1717602354091 0.591301679611206 16
1717602354576 0.5812146663665771 17
1717602355043 0.5773613452911377 18
1717602355526 0.6486157774925232 19
1717602355981 0.5574728846549988 20
1717602364178 0.5582712888717651 21
1717602364676 0.5666284561157227 22
1717602365145 0.5538363456726074 23
1717602365627 0.5431883931159973 24
1717602365910 0.5230298638343811 25
1717602366473 0.5284024477005005 26
1717602366956 0.5080721378326416 27
1717602367445 0.5190872550010681 28
1717602367892 0.5042155981063843 29
1717602368362 0.4720218777656555 30
1717602368829 0.45289346575737 31
1717602369329 0.4579610824584961 32
1717602369797 0.4751198887825012 33
1717602370282 0.5313644409179688 34
1717602370751 0.5022450685501099 35
1717602378836 0.46662113070487976 36
1717602379321 0.4615587294101715 37
1717602379804 0.49232959747314453 38
1717602380273 0.44343337416648865 39
1717602380742 0.47008222341537476 40
1717602381229 0.4787437617778778 41
1717602381694 0.5372856855392456 42
1717602382162 0.589816689491272 43
1717602382647 0.587840735912323 44
1717602383132 0.5722277164459229 45
1717602387046 0.5741684436798096 46
1717602387514 0.5706003308296204 47
1717602387986 0.5419114828109741 48
1717602388471 0.5554714202880859 49
1717602388767 0.579150915145874 50
1717602389314 0.5208047032356262 51
1717602389827 0.5154860019683838 52
1717602390311 0.5192356109619141 53
1717602390812 0.5277883410453796 54
1717602391391 0.5263329744338989 55
1717602392092 0.4898926913738251 56
1717602392701 0.4937989115715027 57
1717602393389 0.5055965781211853 58
1717602394358 0.48805779218673706 59
1717602395840 0.45868515968322754 60
1717602400558 0.46488237380981445 61
1717602402151 0.4680608808994293 62
1717602403662 0.4674028158187866 63
1717602405239 0.4098556637763977 64
1717602406768 0.3953019678592682 65
1717602408251 0.4479115605354309 66
1717602409672 0.42488956451416016 67
1717602411172 0.4350992739200592 68
1717602412670 0.4183923304080963 69
1717602414196 0.40031540393829346 70
1717602423053 0.3884807229042053 71
1717602424143 0.36818787455558777 72
1717602424990 0.36893174052238464 73
1717602425583 0.39579927921295166 74
1717602425863 0.3283412456512451 75
1717602426380 0.34454718232154846 76
1717602426863 0.33655881881713867 77
1717602427331 0.33700233697891235 78
1717602427784 0.36723992228507996 79
1717602428254 0.31189122796058655 80
1717602428720 0.309998482465744 81
1717602429205 0.34870636463165283 82
1717602429688 0.3061060309410095 83
1717602430157 0.326264888048172 84
1717602430641 0.3328072428703308 85
1717602438666 0.3249886929988861 86
1717602439135 0.2931002676486969 87
1717602439604 0.29443883895874023 88
1717602440072 0.3532413840293884 89
1717602440548 0.3088104724884033 90
1717602441023 0.30025583505630493 91
1717602441492 0.33476585149765015 92
1717602441962 0.2546527683734894 93
1717602442423 0.3090244233608246 94
1717602442897 0.3153199255466461 95
1717602450876 0.2998320460319519 96
1717602451345 0.27708950638771057 97
1717602451812 0.2972637414932251 98
1717602452297 0.29845738410949707 99
1717602452618 0.2713252604007721 100
1717602453139 0.24482199549674988 101
1717602453654 0.23138955235481262 102
1717602454139 0.20268461108207703 103
1717602454623 0.28817683458328247 104
1717602455075 0.24843554198741913 105
1717602455544 0.22567668557167053 106
1717602456012 0.2727396488189697 107
1717602456486 0.28038814663887024 108
1717602456948 0.2066134810447693 109
1717602457433 0.24946993589401245 110
1717602465464 0.20370103418827057 111
1717602465926 0.21792539954185486 112
1717602466396 0.2026473879814148 113
1717602466878 0.24154262244701385 114
1717602467659 0.1999276727437973 115
1717602468128 0.21511970460414886 116
1717602468609 0.2439086139202118 117
1717602469071 0.20288175344467163 118
1717602469524 0.25033310055732727 119
1717602469986 0.23184242844581604 120
1717602477987 0.21039539575576782 121
1717602478455 0.18871353566646576 122
1717602478931 0.23705019056797028 123
1717602479400 0.2066602110862732 124
1717602479681 0.23753076791763306 125
1717602480198 0.17114828526973724 126
1717602480665 0.15678536891937256 127
1717602481150 0.1574697196483612 128
1717602481623 0.1630685031414032 129
1717602482087 0.1707003265619278 130
1717602482571 0.17228446900844574 131
1717602483040 0.16757358610630035 132
1717602483524 0.1653376817703247 133
1717602483975 0.16936054825782776 134
1717602484444 0.15827015042304993 135
1717602492524 0.14189891517162323 136
1717602492986 0.15529191493988037 137
1717602493456 0.17218783497810364 138
1717602493936 0.17357757687568665 139
1717602494405 0.18105335533618927 140
1717602494861 0.18789267539978027 141
1717602495330 0.16795188188552856 142
1717602495794 0.15098941326141357 143
1717602496262 0.18380872905254364 144
1717602496718 0.15138420462608337 145
1717602500334 0.1671677529811859 146
1717602500812 0.18986594676971436 147
1717602501265 0.17716006934642792 148
1717602501742 0.19586780667304993 149
1717602502007 0.163995623588562 150
1717602502523 0.14500956237316132 151
1717602502999 0.13670729100704193 152
1717602503468 0.1238270029425621 153
1717602503944 0.14661554992198944 154
1717602504412 0.12467815726995468 155
1717602504890 0.15918226540088654 156
1717602505358 0.129276841878891 157
1717602505832 0.1643347591161728 158
1717602506317 0.15717916190624237 159
1717602506786 0.11985059827566147 160
1717602510394 0.14381670951843262 161
1717602510875 0.14081613719463348 162
1717602511344 0.15327483415603638 163
1717602511813 0.12350521236658096 164
1717602512282 0.12195447832345963 165
1717602512749 0.12548908591270447 166
1717602513218 0.13945864140987396 167
1717602513686 0.15693850815296173 168
1717602514171 0.15542322397232056 169
1717602514638 0.13800106942653656 170
1717602518383 0.13570313155651093 171
1717602518819 0.13452640175819397 172
1717602519339 0.14398948848247528 173
1717602519803 0.14362382888793945 174
1717602520063 0.15776540338993073 175
1717602520585 0.09420689940452576 176
1717602521042 0.11602547764778137 177
1717602521541 0.09499415755271912 178
1717602522002 0.12611733376979828 179
1717602522417 0.10342875868082047 180
1717602522872 0.09083374589681625 181
1717602523324 0.10133488476276398 182
1717602523767 0.08306916803121567 183
1717602524182 0.10993010550737381 184
1717602524648 0.09920480847358704 185
1717602528160 0.10566147416830063 186
1717602528628 0.13772432506084442 187
1717602529092 0.08760860562324524 188
1717602529524 0.09605498611927032 189
1717602529963 0.13702361285686493 190
1717602530396 0.10146944969892502 191
1717602530823 0.1044415533542633 192
1717602531292 0.11982850730419159 193
1717602531761 0.13264448940753937 194
1717602532193 0.1262536197900772 195
1717602535548 0.131223663687706 196
1717602535971 0.10824903845787048 197
1717602536421 0.13526688516139984 198
1717602536882 0.12401781976222992 199
1717602537163 0.14160789549350739 200
1717602537694 0.08639752864837646 201
1717602538153 0.08543334156274796 202
1717602538603 0.15471993386745453 203
1717602539053 0.08234216272830963 204
1717602539501 0.0918232724070549 205
1717602539951 0.09533602744340897 206
1717602540434 0.07768484205007553 207
1717602540852 0.1077009066939354 208
1717602541283 0.08223196864128113 209
1717602541731 0.09561081230640411 210
1717602545083 0.06512147933244705 211
1717602545534 0.09256855398416519 212
1717602545997 0.09016136080026627 213
1717602546455 0.10276975482702255 214
1717602546879 0.10207709670066833 215
1717602547330 0.09054706245660782 216
1717602547782 0.10871767997741699 217
1717602548228 0.09539272636175156 218
1717602548665 0.10399477183818817 219
1717602549227 0.10805119574069977 220
1717602552656 0.08550449460744858 221
1717602553107 0.12723396718502045 222
1717602553557 0.07064026594161987 223
1717602554025 0.11976585537195206 224
1717602554287 0.10607241839170456 225
1717602554795 0.08338389545679092 226
1717602555258 0.06724178045988083 227
1717602555691 0.07075005024671555 228
1717602556142 0.07406877726316452 229
1717602556576 0.08904752880334854 230
1717602557023 0.06384900957345963 231
1717602557470 0.08057303726673126 232
1717602557954 0.07648596167564392 233
1717602558439 0.0805155336856842 234
1717602558928 0.07959508895874023 235
1717602562416 0.09470938891172409 236
1717602562851 0.08953794836997986 237
1717602563299 0.11046284437179565 238
1717602563748 0.11175769567489624 239
1717602564252 0.08532235026359558 240
1717602564683 0.07469312101602554 241
1717602565111 0.08042563498020172 242
1717602565563 0.11650943756103516 243
1717602566034 0.12789885699748993 244
1717602566503 0.09236195683479309 245
1717602570340 0.0714612528681755 246
1717602570836 0.08873211592435837 247
1717602571324 0.09334628283977509 248
1717602571793 0.08489202708005905 249
1717602572092 0.084076888859272 250
1717602572645 0.07315663248300552 251
1717602573075 0.054672591388225555 252
1717602573566 0.07710626721382141 253
1717602573989 0.06785184890031815 254
1717602574445 0.08956535160541534 255
1717602574898 0.10030529648065567 256
1717602575373 0.07140165567398071 257
1717602575852 0.05735202506184578 258
1717602576303 0.07541818171739578 259
1717602576806 0.07398457080125809 260
