1717336587965 0.7057574391365051 0
1717336588231 0.6916924118995667 0
1717336588497 0.705204963684082 0
1717336588755 0.7010719776153564 0
1717336589018 0.7069762349128723 0
1717336589278 0.7000849843025208 0
1717336589559 0.6952732801437378 0
1717336589843 0.6988372802734375 0
1717336590124 0.6936699748039246 0
1717336590406 0.6977470517158508 0
1717336591909 0.7036643028259277 0
1717336592252 0.6975959539413452 0
1717336592534 0.6997357606887817 0
1717336592830 0.6905203461647034 0
1717336593142 0.6975708603858948 0
1717336593455 0.6978744268417358 0
1717336593759 0.6943883895874023 0
1717336594056 0.6966760754585266 0
1717336594353 0.6863061189651489 0
1717336594665 0.6923182010650635 0
1717336596063 0.6935728788375854 0
1717336596392 0.6939501166343689 0
1717336596679 0.6955433487892151 0
1717336596971 0.6951372027397156 0
1717336597221 0.6942314505577087 0
1717336597503 0.6938145160675049 0
1717336597821 0.6940246820449829 0
1717336598086 0.6931866407394409 0
1717336598368 0.6922018527984619 0
1717336598646 0.6954513192176819 0
1717336600245 0.6934125423431396 0
1717336600511 0.6949144005775452 0
1717336600809 0.6934723258018494 0
1717336601105 0.6907270550727844 0
1717336601399 0.6953829526901245 0
1717336601677 0.6925307512283325 0
1717336601972 0.6947221159934998 0
1717336602243 0.692715585231781 0
1717336602539 0.6921263337135315 0
1717336602825 0.6938475370407104 0
1717336604184 0.6939639449119568 0
1717336604491 0.6928537487983704 0
1717336604790 0.6924595236778259 0
1717336605073 0.6934484839439392 0
1717336605372 0.6925075650215149 0
1717336605648 0.6934437155723572 0
1717336605969 0.6933519840240479 0
1717336606282 0.6937256455421448 0
1717336606594 0.6932079195976257 0
1717336606892 0.6960886120796204 0
