1717337936031 0.6950107216835022 1
1717337936374 0.7057976126670837 2
1717337936692 0.7182410955429077 3
1717337936976 0.7057758569717407 4
1717337937297 0.708999514579773 5
1717337937597 0.7005613446235657 6
1717337937897 0.708641767501831 7
1717337938182 0.6993805170059204 8
1717337938430 0.6985806226730347 9
1717337938713 0.6948925256729126 10
1717337943111 0.6947093605995178 11
1717337943419 0.7006861567497253 12
1717337943720 0.6965498328208923 13
1717337944018 0.6968852281570435 14
1717337944327 0.6965075731277466 15
1717337944624 0.7001962065696716 16
1717337944910 0.6945834755897522 17
1717337945190 0.698040783405304 18
1717337945471 0.6931849122047424 19
1717337945750 0.6959534287452698 20
1717337949901 0.697701096534729 21
1717337950199 0.6968790888786316 22
1717337950506 0.6954192519187927 23
1717337950803 0.7000424861907959 24
1717337951090 0.6947537660598755 25
1717337951387 0.6950855255126953 26
1717337951698 0.6949192881584167 27
1717337952058 0.6912475824356079 28
1717337952345 0.6921050548553467 29
1717337952643 0.6923736929893494 30
1717337956961 0.6939635276794434 31
1717337957243 0.6960359215736389 32
1717337957540 0.6942856907844543 33
1717337957836 0.6955022811889648 34
1717337958101 0.6970812082290649 35
1717337958403 0.6943178772926331 36
1717337958678 0.6919263601303101 37
1717337958990 0.6932471394538879 38
1717337959272 0.6919247508049011 39
1717337959553 0.6924989819526672 40
1717337963809 0.6944766044616699 41
1717337964085 0.6934138536453247 42
1717337964353 0.6950340867042542 43
1717337964597 0.6943320631980896 44
1717337964874 0.6943681836128235 45
1717337965158 0.6948902606964111 46
1717337965486 0.6902810335159302 47
1717337965750 0.692863404750824 48
1717337966047 0.6947571635246277 49
1717337966354 0.6916050910949707 50
