1717429560513 0.6919985413551331 1
1717429569957 0.7475709319114685 2
1717429575046 1.1078059673309326 3
1717429578153 0.7008070349693298 4
1717429581557 0.6988345980644226 5
1717429584945 0.7031623125076294 6
1717429588317 0.6997900009155273 7
1717429591999 0.6942022442817688 8
1717429595695 0.6990839838981628 9
1717429599560 0.7015613913536072 10
1717429628734 0.6920833587646484 11
1717429632009 0.6946099400520325 12
1717429635389 0.6977269649505615 13
1717429639063 0.6914576292037964 14
1717429642442 0.7073087692260742 15
1717429645661 0.7059277296066284 16
1717429648971 0.6940096020698547 17
1717429652232 0.6981328725814819 18
1717429655316 0.697816014289856 19
1717429658638 0.6910197734832764 20
1717429684811 0.6955648064613342 21
1717429688102 0.6947753429412842 22
1717429691866 0.6967532634735107 23
1717429695414 0.6939461827278137 24
1717429698840 0.6935709714889526 25
1717429701988 0.6948320269584656 26
1717429705575 0.6952365040779114 27
1717429708668 0.6945797801017761 28
1717429711912 0.6982619166374207 29
1717429715241 0.6925362944602966 30
1717429738069 0.6915102601051331 31
1717429741400 0.6951271891593933 32
1717429744630 0.6944966316223145 33
1717429747892 0.6947606801986694 34
1717429751011 0.6891058683395386 35
1717429754726 0.6917816996574402 36
1717429757954 0.6930958032608032 37
1717429761224 0.7015931606292725 38
1717429764465 0.7004626393318176 39
1717429767756 0.6905563473701477 40
