1717514625044 0.926337718963623 1
1717514625059 0.9010722637176514 2
1717514625091 0.9430856704711914 3
1717514625106 0.8615130186080933 4
1717514625138 0.8793686032295227 5
1717514625161 0.825821042060852 6
1717514625181 0.8799810409545898 7
1717514625195 0.8969739675521851 8
1717514625211 0.8062108755111694 9
1717514625249 0.8679980635643005 10
1717514630141 0.8471473455429077 11
1717514630156 0.8346383571624756 12
1717514630171 0.8060546517372131 13
1717514630187 0.8277246356010437 14
1717514630202 0.8051806688308716 15
1717514630233 0.8337849378585815 16
1717514630249 0.8256872296333313 17
1717514630265 0.8152099847793579 18
1717514630282 0.8282907605171204 19
1717514630296 0.7668421864509583 20
1717514635235 0.7653074264526367 21
1717514635235 0.7681704163551331 22
1717514635254 0.8072225451469421 23
1717514635283 0.7929709553718567 24
1717514635298 0.8073013424873352 25
1717514635314 0.7819627523422241 26
1717514635349 0.7698684334754944 27
1717514635359 0.787874162197113 28
1717514635361 0.7981613278388977 29
1717514635376 0.7708964943885803 30
1717514640235 0.7975782155990601 31
1717514640251 0.7585574984550476 32
1717514640271 0.7336631417274475 33
1717514640282 0.7395145893096924 34
1717514640313 0.750160813331604 35
1717514640329 0.7314603924751282 36
1717514640345 0.7370516061782837 37
1717514640376 0.7056244611740112 38
1717514640392 0.7602896690368652 39
1717514640407 0.7328872084617615 40
1717514640747 0.7316935062408447 41
1717514640778 0.738671064376831 42
1717514640794 0.7043795585632324 43
1717514640809 0.727503776550293 44
1717514640825 0.7337051630020142 45
1717514640841 0.7170529961585999 46
1717514640856 0.7230203151702881 47
1717514640872 0.708874523639679 48
1717514640888 0.7117217183113098 49
1717514640919 0.7118526697158813 50
1717514641230 0.6928101181983948 51
1717514641260 0.7129209041595459 52
1717514641282 0.7068406939506531 53
1717514641299 0.6956049203872681 54
1717514641309 0.7116095423698425 55
1717514641320 0.7012782692909241 56
1717514641331 0.7128681540489197 57
1717514641363 0.7183346152305603 58
1717514641389 0.6894659996032715 59
1717514641398 0.7000673413276672 60
1717514641732 0.7212105393409729 61
1717514641748 0.694056510925293 62
1717514641773 0.7045378684997559 63
1717514641784 0.7118047475814819 64
1717514641793 0.702370822429657 65
1717514641798 0.6984182000160217 66
1717514641810 0.7001914381980896 67
1717514641834 0.703462541103363 68
1717514641854 0.6899287104606628 69
1717514641875 0.7131800651550293 70
1717514642181 0.6952373385429382 71
1717514642200 0.6982752680778503 72
1717514642219 0.7025635242462158 73
1717514642231 0.6974624991416931 74
1717514642258 0.6919168829917908 75
1717514642269 0.7041392922401428 76
1717514642279 0.7014524340629578 77
1717514642294 0.6940717101097107 78
1717514642314 0.7023782134056091 79
1717514642331 0.6937577128410339 80
1717514642653 0.6960822343826294 81
1717514642669 0.6917294263839722 82
1717514642695 0.6956765055656433 83
1717514642716 0.6952081322669983 84
1717514642731 0.7001762986183167 85
1717514642747 0.6934432983398438 86
1717514642763 0.6908406615257263 87
1717514642779 0.6895624995231628 88
1717514642794 0.6948346495628357 89
1717514642814 0.694129228591919 90
1717514643130 0.6961906552314758 91
1717514643161 0.6948481798171997 92
1717514643177 0.6972673535346985 93
1717514643192 0.6963451504707336 94
1717514643224 0.6951941251754761 95
1717514643235 0.6951317191123962 96
1717514643240 0.6907866597175598 97
1717514643240 0.6934338212013245 98
1717514643257 0.6927250623703003 99
1717514643287 0.6922341585159302 100
1717514643658 0.6940288543701172 101
1717514643660 0.6921101212501526 102
1717514643675 0.6965169906616211 103
1717514643691 0.6921993494033813 104
1717514643722 0.6935820579528809 105
1717514643738 0.6954018473625183 106
1717514643755 0.6943148970603943 107
1717514643769 0.69411301612854 108
1717514643785 0.6908449530601501 109
1717514643801 0.6944087147712708 110
1717514644119 0.6930851340293884 111
1717514644135 0.6937186121940613 112
1717514644135 0.6927956342697144 113
1717514644151 0.6920750141143799 114
1717514644166 0.6956264972686768 115
1717514644198 0.6934490203857422 116
1717514644213 0.6925980448722839 117
1717514644244 0.6935725212097168 118
1717514644244 0.691762387752533 119
1717514644260 0.6920307278633118 120
1717514644595 0.6925405263900757 121
1717514644609 0.6926108002662659 122
1717514644609 0.6935506463050842 123
1717514644636 0.6948222517967224 124
1717514644658 0.6935325860977173 125
1717514644679 0.6931145191192627 126
1717514644699 0.6944831609725952 127
1717514644712 0.6909603476524353 128
1717514644729 0.6931635737419128 129
1717514644744 0.6929371356964111 130
1717514645072 0.6926996111869812 131
1717514645089 0.6938619613647461 132
1717514645104 0.6929692625999451 133
1717514645120 0.6931846141815186 134
1717514645135 0.6930016279220581 135
1717514645166 0.6945196986198425 136
1717514645182 0.692438006401062 137
1717514645199 0.6910197734832764 138
1717514645213 0.6930838227272034 139
1717514645220 0.6920215487480164 140
1717514645779 0.6931338310241699 141
1717514645795 0.6932455897331238 142
1717514645829 0.6945217847824097 143
1717514645845 0.6922460794448853 144
1717514645862 0.6920347213745117 145
1717514645897 0.6937358975410461 146
1717514645905 0.6935867667198181 147
1717514645915 0.6936054229736328 148
1717514645928 0.6935320496559143 149
1717514645961 0.6922810077667236 150
1717514646299 0.6931625008583069 151
1717514646315 0.6942318677902222 152
1717514646346 0.6934277415275574 153
1717514646367 0.6934242844581604 154
1717514646373 0.6933633089065552 155
1717514646385 0.6925786733627319 156
1717514646397 0.6935897469520569 157
1717514646420 0.6934159398078918 158
1717514646427 0.6926906704902649 159
1717514646458 0.6936703324317932 160
1717514646780 0.6929255127906799 161
1717514646801 0.6936911940574646 162
1717514646817 0.692771852016449 163
1717514646833 0.6920108199119568 164
1717514646850 0.6936916708946228 165
1717514646865 0.6938610672950745 166
1717514646865 0.6928400993347168 167
1717514646879 0.6924928426742554 168
1717514646911 0.6924718022346497 169
1717514646926 0.6939542889595032 170
1717514647247 0.6927327513694763 171
1717514647278 0.6923090219497681 172
1717514647294 0.6932698488235474 173
1717514647309 0.693413257598877 174
1717514647326 0.6936965584754944 175
1717514647342 0.6930968165397644 176
1717514647352 0.6937094926834106 177
1717514647357 0.6932729482650757 178
1717514647388 0.6935638785362244 179
1717514647404 0.6944228410720825 180
1717514647734 0.6937063932418823 181
1717514647740 0.6931179761886597 182
1717514647740 0.692943811416626 183
1717514647756 0.693600058555603 184
1717514647787 0.6932641267776489 185
1717514647803 0.6929088830947876 186
1717514647818 0.6930160522460938 187
1717514647834 0.692716121673584 188
1717514647849 0.6933538317680359 189
1717514647849 0.6930341720581055 190
1717514648213 0.6929665207862854 191
1717514648213 0.6932739019393921 192
1717514648229 0.6929620504379272 193
1717514648245 0.6927657127380371 194
1717514648276 0.6929041147232056 195
1717514648292 0.6928377151489258 196
1717514648323 0.6929160952568054 197
1717514648323 0.6925361156463623 198
1717514648338 0.692368745803833 199
1717514648338 0.6924833059310913 200
1717514648695 0.6929984092712402 201
1717514648711 0.6935036778450012 202
1717514648726 0.6917082071304321 203
1717514648747 0.6921698451042175 204
1717514648776 0.6927060484886169 205
1717514648793 0.6939581632614136 206
1717514648809 0.6916488409042358 207
1717514648826 0.6951566338539124 208
1717514648843 0.6938627362251282 209
1717514648875 0.6928141117095947 210
1717514653851 0.6926043033599854 211
1717514653851 0.694143533706665 212
1717514653867 0.6929651498794556 213
1717514653901 0.6924508810043335 214
1717514653921 0.6951231956481934 215
1717514653938 0.693816065788269 216
1717514653960 0.6928516626358032 217
1717514653972 0.6940908432006836 218
1717514653982 0.6919834613800049 219
1717514654002 0.6920403242111206 220
1717514654337 0.6930243372917175 221
1717514654353 0.6920011043548584 222
1717514654353 0.6916210055351257 223
1717514654375 0.6931182742118835 224
1717514654401 0.6924201250076294 225
1717514654416 0.6945326328277588 226
1717514654432 0.6924692392349243 227
1717514654463 0.693727970123291 228
1717514654479 0.6932294964790344 229
1717514654495 0.6959947347640991 230
1717514654831 0.6915184855461121 231
1717514654831 0.6929910778999329 232
1717514654848 0.692936897277832 233
1717514654848 0.6934112310409546 234
1717514654879 0.691582202911377 235
1717514654887 0.6929720044136047 236
1717514654918 0.6938011050224304 237
1717514654943 0.6931578516960144 238
1717514654957 0.6943714618682861 239
1717514654967 0.6933340430259705 240
1717514655310 0.6944300532341003 241
1717514655321 0.6931768655776978 242
1717514655332 0.6942794919013977 243
1717514655336 0.6926397681236267 244
1717514655371 0.6918681263923645 245
1717514655386 0.6923335790634155 246
1717514655412 0.6914165019989014 247
1717514655428 0.6937004327774048 248
1717514655438 0.6930276155471802 249
1717514655450 0.6933044195175171 250
1717514655799 0.692749559879303 251
1717514655812 0.6923011541366577 252
1717514655832 0.6928262710571289 253
1717514655847 0.6920894384384155 254
1717514655863 0.6936094760894775 255
1717514655895 0.6909879446029663 256
1717514655910 0.6929913759231567 257
1717514655919 0.6918358206748962 258
1717514655928 0.6946080327033997 259
1717514655935 0.6930140852928162 260
1717514656277 0.6947427988052368 261
1717514656296 0.693461000919342 262
1717514656308 0.6925845146179199 263
1717514656527 0.6931964755058289 264
1717514656542 0.6940276026725769 265
1717514656552 0.6939440369606018 266
1717514656553 0.6930348873138428 267
1717514656570 0.6922732591629028 268
1717514656584 0.6926506161689758 269
1717514656616 0.6943036317825317 270
1717514656990 0.6924746036529541 271
1717514657000 0.694175124168396 272
1717514657003 0.6946446895599365 273
1717514657018 0.691573977470398 274
1717514657033 0.6937382817268372 275
1717514657065 0.6935315132141113 276
1717514657080 0.6928688287734985 277
1717514657096 0.6935287117958069 278
1717514657127 0.6917622089385986 279
1717514657143 0.6950665712356567 280
1717514657466 0.69406658411026 281
1717514657485 0.6934046149253845 282
1717514657501 0.6938628554344177 283
1717514657516 0.6933563351631165 284
1717514657547 0.6932479739189148 285
1717514657563 0.6909128427505493 286
1717514657563 0.6932970285415649 287
1717514657579 0.6924550533294678 288
1717514657595 0.6920748949050903 289
1717514657611 0.6918162703514099 290
1717514657958 0.6921330690383911 291
1717514657968 0.6933032274246216 292
1717514657968 0.694314181804657 293
1717514657983 0.6930322647094727 294
1717514658014 0.6923542618751526 295
1717514658039 0.6945777535438538 296
1717514658060 0.6938977837562561 297
1717514658075 0.693260669708252 298
1717514658085 0.6955094337463379 299
1717514658096 0.6927447319030762 300
1717514658454 0.6935783624649048 301
1717514658468 0.6951018571853638 302
1717514658501 0.6939519643783569 303
1717514658518 0.6917876601219177 304
1717514658534 0.6931386590003967 305
1717514658558 0.6939423084259033 306
1717514658568 0.6930394172668457 307
1717514658583 0.6926567554473877 308
1717514658600 0.6923703551292419 309
1717514658616 0.6926193237304688 310
1717514658954 0.6938430666923523 311
1717514658967 0.6923748850822449 312
1717514658999 0.6938024759292603 313
1717514659017 0.692328691482544 314
1717514659034 0.692427933216095 315
1717514659060 0.6927982568740845 316
1717514659069 0.692457377910614 317
1717514659080 0.6935515403747559 318
1717514659100 0.6926658153533936 319
1717514659117 0.6929229497909546 320
1717514659484 0.6927234530448914 321
1717514659518 0.6934085488319397 322
1717514659535 0.6928781270980835 323
1717514659556 0.6949674487113953 324
1717514659579 0.6932775378227234 325
1717514659599 0.6948065757751465 326
1717514659614 0.6917800903320312 327
1717514659630 0.6931998133659363 328
1717514659646 0.6933825612068176 329
1717514659661 0.6933849453926086 330
1717514660035 0.6927517056465149 331
1717514660050 0.6927098035812378 332
1717514660070 0.6933724880218506 333
1717514660085 0.6936676502227783 334
1717514660085 0.6933306455612183 335
1717514660116 0.6932584643363953 336
1717514660133 0.693882942199707 337
1717514660150 0.6930052042007446 338
1717514660182 0.6934282183647156 339
1717514660186 0.6925051808357239 340
1717514660517 0.691992998123169 341
1717514660533 0.6929556131362915 342
1717514660548 0.6928467154502869 343
1717514660564 0.6921627521514893 344
1717514660564 0.6925982236862183 345
1717514660580 0.6935632824897766 346
1717514660615 0.6932567954063416 347
1717514660640 0.6919145584106445 348
1717514660649 0.6919928193092346 349
1717514660683 0.6924266219139099 350
1717514660996 0.6925584673881531 351
1717514661011 0.6935308575630188 352
1717514661043 0.6935093402862549 353
1717514661060 0.6917273998260498 354
1717514661060 0.6928583383560181 355
1717514661080 0.692240834236145 356
1717514661107 0.6941314339637756 357
1717514661126 0.6940754652023315 358
1717514661147 0.6938601732254028 359
1717514661163 0.6926026940345764 360
1717514661476 0.6926293969154358 361
1717514661492 0.6922414898872375 362
1717514661523 0.6930097937583923 363
1717514661539 0.6926262378692627 364
1717514661547 0.6940475106239319 365
1717514661555 0.6906919479370117 366
1717514661571 0.6918262243270874 367
1717514661586 0.6939589977264404 368
1717514661602 0.6945578455924988 369
1717514661618 0.6947227716445923 370
1717514666511 0.6926740407943726 371
1717514666520 0.692394495010376 372
1717514666530 0.6931188106536865 373
1717514666537 0.692742109298706 374
1717514666561 0.693839430809021 375
1717514666578 0.6933058500289917 376
1717514666593 0.691022515296936 377
1717514666611 0.6903730630874634 378
1717514666627 0.6925312280654907 379
1717514666658 0.6946977376937866 380
1717514667038 0.6936395764350891 381
1717514667055 0.6947234272956848 382
1717514667061 0.6921537518501282 383
1717514667077 0.6961244940757751 384
1717514667086 0.6918927431106567 385
1717514667102 0.6924803853034973 386
1717514667133 0.6924894452095032 387
1717514667148 0.6903475522994995 388
1717514667174 0.6933215260505676 389
1717514667185 0.6940064430236816 390
1717514667482 0.6954537630081177 391
1717514667510 0.6941010355949402 392
1717514667525 0.6920119524002075 393
1717514667543 0.6917864084243774 394
1717514667557 0.6950926184654236 395
1717514667573 0.6926255822181702 396
1717514667589 0.6935751438140869 397
1717514667605 0.6928631663322449 398
1717514667636 0.6932621002197266 399
1717514667651 0.6944449543952942 400
1717514667943 0.6935440301895142 401
1717514667971 0.6923307180404663 402
1717514667992 0.695193886756897 403
1717514668009 0.6932161450386047 404
1717514668026 0.6933268904685974 405
1717514668039 0.6941067576408386 406
1717514668056 0.6925302743911743 407
1717514668072 0.6928123831748962 408
1717514668087 0.6918275356292725 409
1717514668119 0.6939365267753601 410
1717514668408 0.6920262575149536 411
1717514668423 0.6913413405418396 412
1717514668455 0.6931954622268677 413
1717514668470 0.6928890347480774 414
1717514668486 0.6934291124343872 415
1717514668501 0.6937978267669678 416
1717514668517 0.6916628479957581 417
1717514668533 0.6938180327415466 418
1717514668549 0.693903386592865 419
1717514668580 0.6920354962348938 420
1717514668897 0.6922897696495056 421
1717514668909 0.6952638626098633 422
1717514668926 0.6941899657249451 423
1717514668960 0.6923913359642029 424
1717514668976 0.6932047605514526 425
1717514668987 0.6926084756851196 426
1717514668992 0.6933212280273438 427
1717514668992 0.6928945779800415 428
1717514669007 0.6918327808380127 429
1717514669038 0.6935244798660278 430
1717514669346 0.6931554079055786 431
1717514669358 0.6935452222824097 432
1717514669362 0.6942522525787354 433
1717514669393 0.6954096555709839 434
1717514669409 0.693839967250824 435
1717514669425 0.693215012550354 436
1717514669456 0.6925985217094421 437
1717514669456 0.6937991380691528 438
1717514669476 0.6924288272857666 439
1717514669487 0.6929807662963867 440
1717514669812 0.6931988596916199 441
1717514669828 0.6935235857963562 442
1717514669848 0.6934419870376587 443
1717514669859 0.6928313374519348 444
1717514669873 0.6928208470344543 445
1717514669889 0.6935588121414185 446
1717514669905 0.6937426924705505 447
1717514669936 0.6929834485054016 448
1717514669958 0.6929761171340942 449
1717514669978 0.6938871741294861 450
