1717355408054 0.727595865726471 1
1717355408164 0.7076587677001953 2
1717355408286 0.7126445174217224 3
1717355408384 0.717583179473877 4
1717355408462 0.6998367309570312 5
1717355408559 0.705082356929779 6
1717355408664 0.7152127623558044 7
1717355408769 0.7165347337722778 8
1717355408857 0.6939753293991089 9
1717355408952 0.7113001346588135 10
1717355412429 0.7134283185005188 11
1717355412544 0.6940581798553467 12
1717355412665 0.6973781585693359 13
1717355412759 0.6970874071121216 14
1717355412868 0.69202721118927 15
1717355412986 0.6955080628395081 16
1717355413096 0.6985895037651062 17
1717355413190 0.70015549659729 18
1717355413299 0.6963025331497192 19
1717355413424 0.6936508417129517 20
1717355413917 0.6918281316757202 21
1717355414042 0.6988024711608887 22
1717355414166 0.7080687880516052 23
1717355414291 0.6997225284576416 24
1717355414369 0.6982758641242981 25
1717355414462 0.6915063261985779 26
1717355414587 0.6923312544822693 27
1717355414712 0.6987123489379883 28
1717355414837 0.7038664221763611 29
1717355414966 0.6965489387512207 30
1717355415452 0.6970370411872864 31
1717355415535 0.6969240307807922 32
1717355415651 0.6930618286132812 33
1717355415729 0.7011513113975525 34
1717355415856 0.6919828653335571 35
1717355415966 0.7007208466529846 36
1717355416091 0.6906237602233887 37
1717355416214 0.6882480978965759 38
1717355416339 0.6957502365112305 39
1717355416464 0.696199357509613 40
1717355416992 0.6959514617919922 41
1717355417122 0.6906924843788147 42
1717355417243 0.6929119825363159 43
1717355417321 0.6929235458374023 44
1717355417446 0.6943619847297668 45
1717355417524 0.6941055059432983 46
1717355417603 0.6930525302886963 47
1717355417682 0.695487916469574 48
1717355417806 0.6953337788581848 49
1717355417933 0.6920689344406128 50
1717355418451 0.6939229965209961 51
1717355418568 0.6925435066223145 52
1717355418715 0.6953791379928589 53
1717355418793 0.6924461126327515 54
1717355418865 0.6913061738014221 55
1717355418984 0.6929699182510376 56
1717355419065 0.6957677602767944 57
1717355419167 0.6910692453384399 58
1717355419240 0.6957221031188965 59
1717355419346 0.6933127045631409 60
1717355422879 0.6905627250671387 61
1717355422960 0.6937395334243774 62
1717355423073 0.6983323097229004 63
1717355423152 0.693537712097168 64
1717355423235 0.6946747899055481 65
1717355423346 0.6902332305908203 66
1717355423440 0.690663754940033 67
1717355423521 0.6966747641563416 68
1717355423631 0.6959224343299866 69
1717355423779 0.695754885673523 70
1717355424258 0.6942177414894104 71
1717355424384 0.6922087073326111 72
1717355424510 0.6942877173423767 73
1717355424594 0.6969770193099976 74
1717355424704 0.692936360836029 75
1717355424829 0.6948632001876831 76
1717355424955 0.6923372149467468 77
1717355425034 0.6959238052368164 78
1717355425112 0.6911671161651611 79
1717355425239 0.6984310150146484 80
1717355425728 0.6934652924537659 81
1717355425806 0.7029095888137817 82
1717355425926 0.6935025453567505 83
1717355426051 0.6966298222541809 84
1717355426159 0.6934685707092285 85
1717355426256 0.6993678212165833 86
1717355426372 0.6929276585578918 87
1717355426475 0.6921604871749878 88
1717355426600 0.6913578510284424 89
1717355426725 0.6950514316558838 90
1717355427261 0.6932432055473328 91
1717355427400 0.6926776766777039 92
1717355427517 0.6914348006248474 93
1717355427642 0.6968876719474792 94
1717355427720 0.6910631656646729 95
1717355427814 0.6976562738418579 96
1717355427945 0.6953269839286804 97
1717355428066 0.6926633715629578 98
1717355428191 0.6929898858070374 99
1717355428270 0.6956918835639954 100
