1717348144172 0.6994210481643677 1
1717348144777 4.768766403198242 2
1717348145244 1.1432085037231445 3
1717348145699 2.14701771736145 4
1717348146153 0.803128182888031 5
1717348146607 1.8864798545837402 6
1717348147025 0.8133045434951782 7
1717348147463 0.7961613535881042 8
1717348147868 0.7938311696052551 9
1717348148274 0.7445851564407349 10
1717348154232 0.7331170439720154 11
1717348154643 0.7087154984474182 12
1717348155021 0.7531355619430542 13
1717348155396 0.7193357944488525 14
1717348155768 0.6937842965126038 15
1717348156128 0.6918842792510986 16
1717348156534 0.6959148049354553 17
1717348156923 0.695864200592041 18
1717348157333 0.7108433246612549 19
1717348157719 0.6953171491622925 20
1717348163592 0.6949340105056763 21
1717348163981 0.699016273021698 22
1717348164388 0.6931542158126831 23
1717348164777 0.6931068897247314 24
1717348165147 0.6952192187309265 25
1717348165522 0.6931678652763367 26
1717348165903 0.6952822208404541 27
1717348166293 0.6938011050224304 28
1717348166681 0.6942071318626404 29
1717348167065 0.6973404884338379 30
1717348170024 0.6990906596183777 31
1717348170415 0.6960884928703308 32
1717348170803 0.6936285495758057 33
1717348171188 0.6931315064430237 34
1717348171579 0.6965949535369873 35
1717348171990 0.6931124329566956 36
1717348172406 0.6927650570869446 37
1717348172802 0.6915183663368225 38
1717348173219 0.6925624012947083 39
1717348173641 0.6967045068740845 40
1717348179530 0.6962482929229736 41
1717348179938 0.6932362914085388 42
1717348180328 0.6963027119636536 43
1717348180734 0.6895701885223389 44
1717348181150 0.6931544542312622 45
1717348181546 0.6937139630317688 46
1717348181968 0.6931349635124207 47
1717348182374 0.6931103467941284 48
1717348182764 0.6948400139808655 49
1717348183201 0.6948590278625488 50
