1717614530537 0.7124312520027161 1
1717614536249 0.7169165015220642 2
1717614541212 0.7008217573165894 3
1717614544753 0.6913132071495056 4
1717614548614 0.6888879537582397 5
1717614552464 0.686552882194519 6
1717614556567 0.683226466178894 7
1717614560731 0.672276496887207 8
1717614565106 0.6763284206390381 9
1717614569993 0.6437624096870422 10
1717614583678 0.6546408534049988 11
1717614588136 0.6405470371246338 12
1717614592527 0.6297094821929932 13
1717614596997 0.6203981041908264 14
1717614600871 0.6329793334007263 15
1717614604832 0.6161794662475586 16
1717614608344 0.5953039526939392 17
1717614611886 0.5890926718711853 18
1717614615279 0.5929674506187439 19
1717614617909 0.5666167140007019 20
1717614628366 0.534000039100647 21
1717614630367 0.5664660930633545 22
1717614632919 0.5211746096611023 23
1717614634283 0.4942660629749298 24
1717614635148 0.4730898141860962 25
1717614636038 0.6548022627830505 26
1717614638120 0.4763911962509155 27
1717614639244 0.6190375089645386 28
1717614641566 0.5021681785583496 29
1717614642519 0.44777747988700867 30
1717614653438 0.4976970851421356 31
1717614655913 0.491892546415329 32
1717614658275 0.4610633850097656 33
1717614660556 0.49570584297180176 34
1717614662927 0.45083901286125183 35
1717614664738 0.461984783411026 36
1717614666574 0.4070590138435364 37
1717614668112 0.406080424785614 38
1717614669702 0.3937588334083557 39
1717614671295 0.3579511344432831 40
1717614680912 0.37595370411872864 41
1717614682284 0.35664093494415283 42
1717614683836 0.39833584427833557 43
1717614685372 0.33543646335601807 44
1717614687360 0.3402533233165741 45
1717614689237 0.31444016098976135 46
1717614691375 0.3728714883327484 47
1717614693466 0.38647109270095825 48
1717614695263 0.37170714139938354 49
1717614696245 0.3406968116760254 50
1717614706434 0.39586302638053894 51
1717614708219 0.3555409908294678 52
1717614709827 0.5487083792686462 53
1717614711578 0.516695499420166 54
1717614713488 0.42737072706222534 55
1717614715332 0.4855467975139618 56
1717614717092 0.40593022108078003 57
1717614718966 0.4702166020870209 58
1717614720771 0.43354687094688416 59
1717614721551 0.4803483486175537 60
1717614727158 0.42879489064216614 61
1717614728995 0.43012121319770813 62
1717614730992 0.42325422167778015 63
1717614733064 0.3970297873020172 64
1717614735220 0.4247830808162689 65
1717614737237 0.416965514421463 66
1717614739248 0.37326282262802124 67
1717614741042 0.34314897656440735 68
1717614743186 0.3464990556240082 69
1717614745094 0.43647608160972595 70
1717614750762 0.37466832995414734 71
1717614752764 0.37709271907806396 72
1717614754892 0.37403732538223267 73
1717614756925 0.33093610405921936 74
1717614758821 0.3938086926937103 75
1717614760814 0.36215800046920776 76
1717614762693 0.3165772557258606 77
1717614764487 0.37649139761924744 78
1717614766260 0.353280246257782 79
1717614767997 0.33801090717315674 80
1717614777875 0.3470305800437927 81
1717614779378 0.3285202085971832 82
1717614781195 0.3478292226791382 83
1717614782810 0.3272654712200165 84
1717614784432 0.35227125883102417 85
1717614786019 0.2987842857837677 86
1717614787696 0.30365189909935 87
1717614789276 0.2728795111179352 88
1717614790854 0.28578510880470276 89
1717614791659 0.3311213552951813 90
1717614801539 0.2501666247844696 91
1717614803273 0.25122010707855225 92
1717614805295 0.22894582152366638 93
1717614807195 0.2630511224269867 94
1717614808746 0.2587752640247345 95
1717614810297 0.24382033944129944 96
1717614811824 0.25128889083862305 97
1717614813287 0.20318399369716644 98
1717614814723 0.22401392459869385 99
1717614816253 0.20522622764110565 100
1717614826047 0.24148613214492798 101
1717614827324 0.21147994697093964 102
1717614828808 0.2386370152235031 103
1717614830274 0.2092544585466385 104
1717614831673 0.25289034843444824 105
1717614833267 0.2525213956832886 106
1717614834772 0.22207573056221008 107
1717614836304 0.2189664989709854 108
1717614837778 0.2245565801858902 109
1717614839282 0.21156054735183716 110
1717614848814 0.2360188066959381 111
1717614850185 0.2048410028219223 112
1717614851787 0.1792188435792923 113
1717614853451 0.2251402586698532 114
1717614854864 0.20400762557983398 115
1717614856363 0.21342317759990692 116
1717614857983 0.26966801285743713 117
1717614859634 0.23072387278079987 118
1717614861089 0.2054624706506729 119
1717614861809 0.23462171852588654 120
1717614871578 0.1260872185230255 121
1717614872816 0.15386080741882324 122
1717614874336 0.10585233569145203 123
1717614875844 0.17560811340808868 124
1717614877270 0.130727156996727 125
1717614878873 0.1297145038843155 126
1717614880637 0.17695042490959167 127
1717614882245 0.13594187796115875 128
1717614883721 0.1546533852815628 129
1717614885249 0.14685383439064026 130
1717614890428 0.1556757092475891 131
1717614891887 0.1491527557373047 132
1717614893557 0.14054258167743683 133
1717614895098 0.12434454262256622 134
1717614896444 0.12727242708206177 135
1717614897887 0.14072927832603455 136
1717614899288 0.1182112991809845 137
1717614900905 0.1529150754213333 138
1717614902404 0.17874282598495483 139
1717614903891 0.12854205071926117 140
1717614908986 0.13592736423015594 141
1717614910649 0.15701444447040558 142
1717614912270 0.13834182918071747 143
1717614913775 0.13115623593330383 144
1717614915282 0.1782812923192978 145
1717614916851 0.15220703184604645 146
1717614918373 0.14765913784503937 147
1717614919949 0.15010426938533783 148
1717614921492 0.17060314118862152 149
1717614922097 0.17148636281490326 150
1717614927449 0.09133924543857574 151
1717614928965 0.08706670254468918 152
1717614930494 0.08832792192697525 153
1717614932161 0.06312389671802521 154
1717614933775 0.07410938292741776 155
1717614935395 0.0768851488828659 156
1717614936963 0.0896100178360939 157
1717614938462 0.1288803368806839 158
1717614940038 0.08362297713756561 159
1717614941531 0.11653442680835724 160
1717614946717 0.06757340580224991 161
1717614948352 0.09955142438411713 162
1717614949954 0.1407770961523056 163
1717614951596 0.1080993264913559 164
1717614953081 0.11621611565351486 165
1717614954727 0.10555412620306015 166
1717614956239 0.1144065111875534 167
1717614957701 0.11451202630996704 168
1717614959278 0.0862724632024765 169
1717614960718 0.14177857339382172 170
1717614965932 0.1248282790184021 171
1717614967492 0.10667060315608978 172
1717614969032 0.15490934252738953 173
1717614970518 0.11823590099811554 174
1717614972018 0.1195216104388237 175
1717614973544 0.11971163749694824 176
1717614975081 0.14919602870941162 177
1717614976711 0.11782470345497131 178
1717614978253 0.12038490921258926 179
1717614978878 0.12649796903133392 180
1717614988684 0.05989955738186836 181
1717614990124 0.07924102246761322 182
1717614991624 0.05496666952967644 183
1717614993301 0.06362462043762207 184
1717614994914 0.0864710658788681 185
1717614996477 0.08729065954685211 186
1717614998052 0.07020093500614166 187
1717614999544 0.09262558072805405 188
1717615001169 0.0755276009440422 189
1717615002825 0.0600871667265892 190
1717615008006 0.09292022138834 191
1717615009484 0.06890872120857239 192
1717615010905 0.06290548294782639 193
1717615012380 0.059065207839012146 194
1717615013977 0.05629425868391991 195
1717615015594 0.05656152591109276 196
1717615017145 0.06974740326404572 197
1717615019004 0.07163923233747482 198
1717615020467 0.12343500554561615 199
1717615022046 0.06405563652515411 200
1717615027577 0.13376286625862122 201
1717615029219 0.07045052945613861 202
1717615030688 0.0658663734793663 203
1717615032363 0.08148961514234543 204
1717615033819 0.06953850388526917 205
1717615035330 0.08668355643749237 206
1717615036944 0.09068264812231064 207
1717615038471 0.07354294508695602 208
1717615039887 0.08758767694234848 209
1717615040623 0.14422985911369324 210
1717615045638 0.07560659945011139 211
1717615047141 0.05019669607281685 212
1717615048682 0.04985390976071358 213
1717615050084 0.03946423530578613 214
1717615051723 0.07040376961231232 215
1717615053353 0.0324225090444088 216
1717615054888 0.08824431151151657 217
1717615056469 0.06217426061630249 218
1717615058110 0.047259390354156494 219
1717615059714 0.06063251197338104 220
1717615064918 0.042854126542806625 221
1717615066512 0.033877354115247726 222
1717615068125 0.05219385400414467 223
1717615069671 0.07116606086492538 224
1717615071267 0.04260116070508957 225
1717615072810 0.0488838292658329 226
1717615074547 0.06576855480670929 227
1717615076007 0.08932467550039291 228
1717615077681 0.06970608234405518 229
1717615079237 0.0831717848777771 230
1717615084378 0.06035382300615311 231
1717615085940 0.06416210532188416 232
1717615087525 0.05999470502138138 233
1717615089105 0.07346398383378983 234
1717615090551 0.07011454552412033 235
1717615091988 0.0336289145052433 236
1717615093689 0.08117174357175827 237
1717615095260 0.06945937871932983 238
1717615096824 0.08666711300611496 239
1717615097503 0.11287552863359451 240
1717615102636 0.04547180235385895 241
1717615104247 0.048668406903743744 242
1717615105872 0.06273004412651062 243
1717615107374 0.04371868446469307 244
1717615108779 0.0410604327917099 245
1717615110262 0.03914714977145195 246
1717615111820 0.07476520538330078 247
1717615113323 0.05878680199384689 248
1717615114881 0.032791830599308014 249
1717615116475 0.05058124661445618 250
1717615121664 0.04175982251763344 251
1717615123377 0.07007521390914917 252
1717615124913 0.04718597233295441 253
1717615126387 0.04292914271354675 254
1717615127942 0.050126854330301285 255
1717615129493 0.05352824553847313 256
1717615130998 0.06323669850826263 257
1717615132503 0.06026073172688484 258
1717615133997 0.05623451620340347 259
1717615135378 0.04136193171143532 260
1717615140473 0.06683662533760071 261
1717615142059 0.06388502568006516 262
1717615143584 0.0534176379442215 263
1717615145146 0.08384209871292114 264
1717615146777 0.044051285833120346 265
1717615148291 0.08642218261957169 266
1717615149863 0.06762007623910904 267
1717615151466 0.06559274345636368 268
1717615152964 0.0676642507314682 269
1717615153738 0.06842099130153656 270
1717615159034 0.026147719472646713 271
1717615160591 0.058395665138959885 272
1717615162087 0.03690735250711441 273
1717615163630 0.02659415453672409 274
1717615165107 0.08150874078273773 275
1717615166568 0.058397307991981506 276
1717615168010 0.0379151813685894 277
1717615169593 0.05516782030463219 278
1717615171415 0.06046367064118385 279
1717615173253 0.05075056478381157 280
