1717356097617 0.7015623450279236 1
1717356281816 7.058259963989258 2
1717356494841 2.3990015983581543 3
1717356695951 0.7385150194168091 4
1717356881670 0.7398067712783813 5
1717357040320 0.9049214124679565 6
1717357190702 0.8716632723808289 7
1717357331190 0.7310298681259155 8
1717357467425 0.7506094574928284 9
1717357591799 0.7594805359840393 10
1717358290625 0.6853626370429993 11
1717358356954 0.7006152272224426 12
1717358420435 0.6954846978187561 13
1717358478430 0.7044479250907898 14
1717358535807 0.6891237497329712 15
1717358592084 0.7113351225852966 16
1717358647206 0.6995413899421692 17
1717358668343 0.7025077939033508 18
1717358675506 0.7426637411117554 19
1717358682820 0.7927039861679077 20
1717359296761 0.7698909640312195 21
1717359303679 0.664747416973114 22
1717359310260 0.6784371733665466 23
1717359317099 0.7025549411773682 24
1717359323939 0.6929853558540344 25
1717359330833 0.691368579864502 26
1717359337680 0.7022515535354614 27
1717359344404 0.7138849496841431 28
1717359350920 0.692931056022644 29
1717359357481 0.716431200504303 30
1717359968927 0.6990218162536621 31
1717359975490 0.7075672149658203 32
1717359982116 0.7067592144012451 33
1717359988747 0.6935234665870667 34
1717359995439 0.7039839625358582 35
1717360002065 0.6774805188179016 36
1717360008741 0.7190832495689392 37
1717360015321 0.6853650808334351 38
1717360021918 0.6853165030479431 39
1717360029047 0.7344418168067932 40
1717360810762 0.6517980694770813 41
1717360817951 0.6783452033996582 42
1717360825099 0.7161563634872437 43
1717360832411 0.6641720533370972 44
1717360839591 0.7153165936470032 45
1717360846778 0.6921477317810059 46
1717360854003 0.6915826797485352 47
1717360861171 0.7097311019897461 48
1717360868433 0.705515444278717 49
1717360875595 0.6904209852218628 50
