1717345407218 0.7271484136581421 1
1717345407281 0.7273432016372681 2
1717345407391 0.7197452783584595 3
1717345407500 0.747306764125824 4
1717345407610 0.7294797301292419 5
1717345407703 0.7008150815963745 6
1717345407828 0.7126288414001465 7
1717345407938 0.7174223065376282 8
1717345408047 0.7234739661216736 9
1717345408141 0.7031979560852051 10
1717345411576 0.7113633751869202 11
1717345411689 0.7108960747718811 12
1717345411779 0.7075645327568054 13
1717345411873 0.7042068839073181 14
1717345411972 0.6954527497291565 15
1717345412078 0.7020046710968018 16
1717345412178 0.7090800404548645 17
1717345412261 0.7111042737960815 18
1717345412341 0.7055307030677795 19
1717345412456 0.6961531639099121 20
1717345412920 0.7119611501693726 21
1717345412984 0.7004545331001282 22
1717345413057 0.7012918591499329 23
1717345413126 0.7037447094917297 24
1717345413229 0.6961718797683716 25
1717345413376 0.6984395384788513 26
1717345413444 0.6985326409339905 27
1717345413522 0.7026934027671814 28
1717345413601 0.6996710896492004 29
1717345413709 0.7007076144218445 30
1717345414186 0.6916423439979553 31
1717345414272 0.7029739022254944 32
1717345414344 0.6979894042015076 33
1717345414457 0.6991460919380188 34
1717345414554 0.692882776260376 35
1717345414671 0.6923980116844177 36
1717345414723 0.709369421005249 37
1717345414841 0.6879794597625732 38
1717345414945 0.6960326433181763 39
1717345415054 0.6943622827529907 40
1717345415507 0.699150025844574 41
1717345415569 0.7018841505050659 42
1717345415681 0.6915367245674133 43
1717345415786 0.696063220500946 44
1717345415857 0.6916576027870178 45
1717345415925 0.6982105374336243 46
1717345415975 0.7020102739334106 47
1717345416075 0.694170355796814 48
1717345416158 0.699081540107727 49
1717345416223 0.6980533003807068 50
