1717514839270 0.7641974687576294 1
1717514839302 0.7603652477264404 2
1717514839347 0.7507468461990356 3
1717514839386 0.730119526386261 4
1717514839427 0.7474493980407715 5
1717514839453 0.7290739417076111 6
1717514839502 0.7316242456436157 7
1717514839545 0.7478412985801697 8
1717514839563 0.7127668261528015 9
1717514839571 0.710405707359314 10
1717514845414 0.7264153361320496 11
1717514845466 0.692570149898529 12
1717514845499 0.7007741332054138 13
1717514845549 0.7060104012489319 14
1717514845582 0.7187556028366089 15
1717514845632 0.6975483298301697 16
1717514845688 0.7100579738616943 17
1717514845731 0.7139710783958435 18
1717514845745 0.7061356902122498 19
1717514845777 0.6952515840530396 20
1717514846365 0.6967868804931641 21
1717514846431 0.7017549872398376 22
1717514846481 0.6977355480194092 23
1717514846514 0.7013584971427917 24
1717514846530 0.7086032629013062 25
1717514846560 0.7024949193000793 26
1717514846603 0.7044657468795776 27
1717514846648 0.7036380171775818 28
1717514846698 0.6889979839324951 29
1717514846746 0.6924430727958679 30
1717514847323 0.7047227621078491 31
1717514847354 0.6909497976303101 32
1717514847371 0.7013928890228271 33
1717514847418 0.6987798810005188 34
1717514847463 0.7035986185073853 35
1717514847483 0.7026169300079346 36
1717514847512 0.6978101134300232 37
1717514847554 0.6965972185134888 38
1717514847591 0.7095552086830139 39
1717514847610 0.6939052939414978 40
1717514848108 0.701214611530304 41
1717514848151 0.6945809125900269 42
1717514848180 0.6932606101036072 43
1717514848233 0.6914370059967041 44
1717514848262 0.7034386992454529 45
1717514848279 0.6950358748435974 46
1717514848330 0.6895878911018372 47
1717514848370 0.7007644772529602 48
1717514848447 0.6932103633880615 49
1717514848478 0.6988937854766846 50
1717514849096 0.6941379308700562 51
1717514849139 0.6962633728981018 52
1717514849179 0.6955344676971436 53
1717514849255 0.6994377374649048 54
1717514849298 0.6895268559455872 55
1717514849353 0.690292477607727 56
1717514849372 0.6908808350563049 57
1717514849399 0.6956258416175842 58
1717514849436 0.6912011504173279 59
1717514849476 0.6912821531295776 60
1717514850310 0.6936187148094177 61
1717514850348 0.6896172165870667 62
1717514850366 0.6955139636993408 63
1717514850399 0.6913104057312012 64
1717514850446 0.6913173198699951 65
1717514850493 0.6965901255607605 66
1717514850539 0.6962703466415405 67
1717514850575 0.694674551486969 68
1717514850595 0.6993221640586853 69
1717514850658 0.6943656802177429 70
1717514851211 0.698502242565155 71
1717514851261 0.6986335515975952 72
1717514851294 0.6928052306175232 73
1717514851327 0.6900594830513 74
1717514851343 0.6935370564460754 75
1717514851395 0.6932138800621033 76
1717514851426 0.6986607909202576 77
1717514851451 0.6951358318328857 78
1717514851477 0.6897140145301819 79
1717514851510 0.6956374049186707 80
1717514852171 0.6932336688041687 81
1717514852225 0.6940217018127441 82
1717514852256 0.6942789554595947 83
1717514852275 0.6895888447761536 84
1717514852310 0.690549910068512 85
1717514852359 0.6941447257995605 86
1717514852390 0.694672167301178 87
1717514852423 0.6921720504760742 88
1717514852463 0.6976415514945984 89
1717514852505 0.6908499598503113 90
1717514853066 0.6904575228691101 91
1717514853107 0.6963576078414917 92
1717514853126 0.6907312870025635 93
1717514853156 0.6893740892410278 94
1717514853195 0.6925430297851562 95
1717514853230 0.7004019618034363 96
1717514853248 0.6926137804985046 97
1717514853284 0.6932567358016968 98
1717514853324 0.6972585320472717 99
1717514853354 0.6962864995002747 100
1717514853845 0.686311662197113 101
1717514853879 0.6947906613349915 102
1717514853920 0.6953060626983643 103
1717514853953 0.6937695741653442 104
1717514853969 0.6846926808357239 105
1717514854004 0.6903559565544128 106
1717514854046 0.6936398148536682 107
1717514854078 0.6933658719062805 108
1717514854103 0.694496750831604 109
1717514854145 0.6929790377616882 110
1717514854653 0.6993945837020874 111
1717514854680 0.6920435428619385 112
1717514854706 0.6931556463241577 113
1717514854747 0.6912777423858643 114
1717514854786 0.6943629384040833 115
1717514854806 0.6937254071235657 116
1717514854840 0.690997302532196 117
1717514854882 0.6922315955162048 118
1717514854916 0.6951125860214233 119
1717514854950 0.6930760145187378 120
1717514855929 0.6987607479095459 121
1717514855958 0.7037410140037537 122
1717514855983 0.6939852237701416 123
1717514856008 0.693897008895874 124
1717514856032 0.6899293065071106 125
1717514856084 0.693552553653717 126
1717514856113 0.6908098459243774 127
1717514856140 0.6906257271766663 128
1717514856169 0.6921985745429993 129
1717514856196 0.6955864429473877 130
1717514856671 0.6947730183601379 131
1717514856711 0.6950739026069641 132
1717514856741 0.6939820051193237 133
1717514856772 0.6979283094406128 134
1717514856803 0.6986057758331299 135
1717514856838 0.6964664459228516 136
1717514856877 0.6951565146446228 137
1717514856918 0.6971156001091003 138
1717514856958 0.6927307844161987 139
1717514856988 0.6965153217315674 140
1717514857654 0.6938779354095459 141
1717514857673 0.6942116618156433 142
1717514857723 0.6937226057052612 143
1717514857755 0.6908981800079346 144
1717514857806 0.6963363289833069 145
1717514857834 0.6926931142807007 146
1717514857860 0.6943264007568359 147
1717514857903 0.6956191658973694 148
1717514857941 0.6938154101371765 149
1717514857961 0.6961358189582825 150
1717514858534 0.69460529088974 151
1717514858570 0.6902109980583191 152
1717514858603 0.6934624910354614 153
1717514858634 0.6949746012687683 154
1717514858650 0.6912878155708313 155
1717514858702 0.6978570222854614 156
1717514858745 0.6912376284599304 157
1717514858766 0.6899523735046387 158
1717514858795 0.68970787525177 159
1717514858835 0.6907286047935486 160
1717514859317 0.698830783367157 161
1717514859364 0.6957536935806274 162
1717514859395 0.6934502720832825 163
1717514859410 0.6931498646736145 164
1717514859457 0.6928200125694275 165
1717514859504 0.6934483051300049 166
1717514859520 0.6922526359558105 167
1717514859551 0.6912432312965393 168
1717514859582 0.6899261474609375 169
1717514859614 0.6950643062591553 170
1717514860161 0.6902181506156921 171
1717514860208 0.6907335519790649 172
1717514860239 0.6999648809432983 173
1717514860270 0.6964969635009766 174
1717514860286 0.6925107836723328 175
1717514860340 0.6982620358467102 176
1717514860365 0.6946738958358765 177
1717514860380 0.6928280591964722 178
1717514860427 0.698111891746521 179
1717514860474 0.6970502138137817 180
1717514860974 0.6879218220710754 181
1717514860990 0.6898424625396729 182
1717514861021 0.6958246231079102 183
1717514861053 0.6962723731994629 184
1717514861084 0.699058473110199 185
1717514861115 0.6939026117324829 186
1717514861146 0.6897745728492737 187
1717514861193 0.6916449069976807 188
1717514861224 0.6970986127853394 189
1717514861240 0.6951510906219482 190
1717514861850 0.6934871673583984 191
1717514861865 0.6928454041481018 192
1717514861912 0.6913331151008606 193
1717514861959 0.6953325271606445 194
1717514861975 0.694291353225708 195
1717514862006 0.6894527673721313 196
1717514862053 0.6966127753257751 197
1717514862109 0.6957501173019409 198
1717514862153 0.6939178705215454 199
1717514862196 0.694017767906189 200
1717514862745 0.6903729438781738 201
1717514862791 0.6887087225914001 202
1717514862817 0.694159746170044 203
1717514862864 0.693263590335846 204
1717514862883 0.6863127946853638 205
1717514862937 0.6936418414115906 206
1717514862975 0.6902094483375549 207
1717514863014 0.6988441944122314 208
1717514863051 0.6958633065223694 209
1717514863090 0.6933803558349609 210
1717514868842 0.6961896419525146 211
1717514868914 0.6950364112854004 212
1717514869128 0.6871287822723389 213
1717514869144 0.6979309916496277 214
1717514869190 0.6928980350494385 215
1717514869221 0.6927703619003296 216
1717514869262 0.689079225063324 217
1717514869277 0.6944411396980286 218
1717514869325 0.6977417469024658 219
1717514869358 0.6960601806640625 220
1717514869941 0.6929947733879089 221
1717514870080 0.6917624473571777 222
1717514870122 0.6945526599884033 223
1717514870160 0.6941559910774231 224
1717514870201 0.6906151175498962 225
1717514870225 0.6946762204170227 226
1717514870243 0.6953415870666504 227
1717514870298 0.6925184726715088 228
1717514870329 0.6931982636451721 229
1717514870364 0.6885273456573486 230
1717514870918 0.6942371129989624 231
1717514870962 0.6959685683250427 232
1717514870995 0.6934744119644165 233
1717514871014 0.6917440295219421 234
1717514871055 0.6952140927314758 235
1717514871097 0.6950641870498657 236
1717514871123 0.694777250289917 237
1717514871148 0.6960864663124084 238
1717514871188 0.6950975060462952 239
1717514871230 0.6943619251251221 240
1717514871772 0.6949557662010193 241
1717514871805 0.6909440159797668 242
1717514871823 0.6934855580329895 243
1717514871864 0.6919397711753845 244
1717514871903 0.6954332590103149 245
1717514871927 0.6938880681991577 246
1717514871959 0.692321240901947 247
1717514872000 0.69693523645401 248
1717514872038 0.6951888799667358 249
1717514872059 0.6932051777839661 250
1717514872668 0.6929764151573181 251
1717514872710 0.6953639388084412 252
1717514872742 0.691410481929779 253
1717514872766 0.6938159465789795 254
1717514872808 0.6908484101295471 255
1717514872873 0.6952850222587585 256
1717514873111 0.693710446357727 257
1717514873397 0.6937286257743835 258
1717514873580 0.6937162280082703 259
1717514873721 0.6910905241966248 260
1717514874343 0.6961708664894104 261
1717514874388 0.6947010159492493 262
1717514874434 0.6973986029624939 263
1717514874458 0.6940228939056396 264
1717514874488 0.69332355260849 265
1717514874529 0.6942346096038818 266
1717514874572 0.6937169432640076 267
1717514874607 0.6919956207275391 268
1717514874656 0.6959494352340698 269
1717514874698 0.6955094933509827 270
1717514875225 0.6912801265716553 271
1717514875269 0.6974139213562012 272
1717514875309 0.6938822865486145 273
1717514875329 0.6911036968231201 274
1717514875364 0.6952821016311646 275
1717514875408 0.6923049092292786 276
1717514875437 0.6921178698539734 277
1717514875456 0.693588376045227 278
1717514875503 0.692546010017395 279
1717514875545 0.6956155300140381 280
1717514876082 0.6912909746170044 281
1717514876139 0.6958116292953491 282
1717514876178 0.7009965181350708 283
1717514876196 0.6907863020896912 284
1717514876227 0.696211040019989 285
1717514876270 0.6970363259315491 286
1717514876313 0.6910764575004578 287
1717514876341 0.6964356899261475 288
1717514876368 0.6955808401107788 289
1717514876408 0.6925102472305298 290
1717514876927 0.691991925239563 291
1717514876971 0.6907856464385986 292
1717514877011 0.6941855549812317 293
1717514877034 0.6918437480926514 294
1717514877055 0.6900473237037659 295
1717514877102 0.6971152424812317 296
1717514877142 0.692256510257721 297
1717514877164 0.6939553022384644 298
1717514877188 0.6956045031547546 299
1717514877239 0.6934660077095032 300
1717514877772 0.6908643245697021 301
1717514877806 0.6941295862197876 302
1717514877822 0.691591203212738 303
1717514877854 0.6950133442878723 304
1717514877938 0.697437047958374 305
1717514877985 0.6938876509666443 306
1717514878017 0.6981890797615051 307
1717514878054 0.6961281299591064 308
1717514878088 0.6953583359718323 309
1717514878137 0.6958999037742615 310
1717514878746 0.6911113262176514 311
1717514878789 0.6951629519462585 312
1717514878809 0.6895785331726074 313
1717514878844 0.6934767961502075 314
1717514878882 0.6921864748001099 315
1717514878927 0.6939992904663086 316
1717514878953 0.6920686960220337 317
1717514878982 0.6957171559333801 318
1717514879023 0.6912063956260681 319
1717514879062 0.6951712369918823 320
1717514879584 0.696578860282898 321
1717514879604 0.6897554397583008 322
1717514879645 0.6988940238952637 323
1717514879688 0.6965997219085693 324
1717514879723 0.69576096534729 325
1717514879738 0.6939597725868225 326
1717514879785 0.6964836716651917 327
1717514879829 0.6921918392181396 328
1717514879854 0.6906503438949585 329
1717514879869 0.6917120814323425 330
1717514880453 0.6927259564399719 331
1717514880482 0.6922591924667358 332
1717514880522 0.6952045559883118 333
1717514880561 0.6906372904777527 334
1717514880604 0.6923949122428894 335
1717514880644 0.6980031132698059 336
1717514880666 0.6945323944091797 337
1717514880703 0.6960811614990234 338
1717514880744 0.6953997015953064 339
1717514880775 0.6942660808563232 340
1717514881338 0.6918283104896545 341
1717514881380 0.692739725112915 342
1717514881422 0.6916083693504333 343
1717514881447 0.6893625259399414 344
1717514881478 0.6932923197746277 345
1717514881518 0.6900106072425842 346
1717514881557 0.6947774291038513 347
1717514881573 0.6960256099700928 348
1717514881609 0.6958572268486023 349
1717514881713 0.6924023628234863 350
1717514882463 0.696180522441864 351
1717514882491 0.6918781399726868 352
1717514882530 0.6901583075523376 353
1717514882568 0.6941286325454712 354
1717514882588 0.6907272338867188 355
1717514882623 0.6935645937919617 356
1717514882666 0.6925906538963318 357
1717514882699 0.6937256455421448 358
1717514882722 0.6944186687469482 359
1717514882759 0.693729043006897 360
1717514883338 0.6979562044143677 361
1717514883372 0.6934045553207397 362
1717514883411 0.6912323236465454 363
1717514883448 0.6952506899833679 364
1717514883480 0.6915268898010254 365
1717514883511 0.692842423915863 366
1717514883534 0.69437175989151 367
1717514883584 0.6883490085601807 368
1717514883616 0.6911223530769348 369
1717514883668 0.6959530711174011 370
1717514884467 0.6930504441261292 371
1717514884513 0.6985044479370117 372
1717514884551 0.6983339190483093 373
1717514884584 0.6949247121810913 374
1717514884602 0.6956601738929749 375
1717514884634 0.688823401927948 376
1717514884677 0.6943712830543518 377
1717514884719 0.693603515625 378
1717514884744 0.6966475248336792 379
1717514884771 0.6935223340988159 380
1717514885344 0.6910701990127563 381
1717514885398 0.6940522789955139 382
1717514885415 0.6935685873031616 383
1717514885445 0.695365846157074 384
1717514885495 0.6971356868743896 385
1717514885535 0.6939915418624878 386
1717514885555 0.6966286301612854 387
1717514885585 0.6934033036231995 388
1717514885622 0.6955068707466125 389
1717514885660 0.6911363005638123 390
1717514886186 0.6951825618743896 391
1717514886214 0.6910316944122314 392
1717514886241 0.690379798412323 393
1717514886278 0.6979038715362549 394
1717514886323 0.6934360265731812 395
1717514886362 0.6973622441291809 396
1717514886389 0.6931679844856262 397
1717514886433 0.6934127807617188 398
1717514886474 0.6950891017913818 399
1717514886518 0.6926271319389343 400
1717514887307 0.6912065744400024 401
1717514887345 0.6939851641654968 402
1717514887383 0.6932289600372314 403
1717514887425 0.6907965540885925 404
1717514887462 0.6915991306304932 405
1717514887493 0.6893517971038818 406
1717514887547 0.6897627711296082 407
1717514887598 0.6907204389572144 408
1717514887623 0.6927838325500488 409
1717514887650 0.6980857253074646 410
1717514888153 0.6960984468460083 411
1717514888200 0.7025752067565918 412
1717514888247 0.6956833004951477 413
1717514888262 0.6973012089729309 414
1717514888294 0.6943873167037964 415
1717514888325 0.6911377310752869 416
1717514888362 0.6930562257766724 417
1717514888386 0.6931071281433105 418
1717514888420 0.6931912899017334 419
1717514888466 0.6888318657875061 420
1717514889002 0.696080207824707 421
1717514889017 0.6960145235061646 422
1717514889065 0.6938558220863342 423
1717514889112 0.6979215145111084 424
1717514889127 0.6948120594024658 425
1717514889160 0.6918289065361023 426
1717514889202 0.6954517960548401 427
1717514889244 0.6948812007904053 428
1717514889269 0.6926350593566895 429
1717514889297 0.6992856860160828 430
1717514889845 0.6928733587265015 431
1717514889887 0.6948111653327942 432
1717514889894 0.6910943388938904 433
1717514889959 0.6963990926742554 434
1717514889995 0.6920033693313599 435
1717514890029 0.6952531337738037 436
1717514890063 0.6913034915924072 437
1717514890100 0.6961257457733154 438
1717514890139 0.6944658756256104 439
1717514890181 0.6965105533599854 440
1717514890728 0.6906132698059082 441
1717514890785 0.6914123296737671 442
1717514890805 0.6943239569664001 443
1717514890834 0.695014476776123 444
1717514890870 0.6959044337272644 445
1717514890911 0.693565309047699 446
1717514890944 0.6922752261161804 447
1717514890987 0.6954447031021118 448
1717514891025 0.6926083564758301 449
1717514891046 0.691481351852417 450
1717514891603 0.6902334690093994 451
1717514891647 0.7009478807449341 452
1717514891686 0.6942610740661621 453
1717514891709 0.6957069039344788 454
1717514891743 0.6929670572280884 455
1717514891782 0.6945992708206177 456
1717514891816 0.6912311315536499 457
1717514891840 0.6913992166519165 458
1717514891878 0.6909770369529724 459
1717514891917 0.689893364906311 460
1717514892454 0.6965459585189819 461
1717514892484 0.6926552653312683 462
1717514892522 0.6910350322723389 463
1717514892558 0.6974363327026367 464
1717514892582 0.6994115114212036 465
1717514892622 0.689497172832489 466
1717514892666 0.699150800704956 467
1717514892691 0.6904805898666382 468
1717514892716 0.6967481374740601 469
1717514892755 0.6911541223526001 470
1717514893267 0.7033016681671143 471
1717514893313 0.6960365772247314 472
1717514893349 0.6975711584091187 473
1717514893377 0.6953514218330383 474
1717514893391 0.6877063512802124 475
1717514893421 0.6994166374206543 476
1717514893468 0.6897194385528564 477
1717514893497 0.6929564476013184 478
1717514893518 0.6964750289916992 479
1717514893559 0.6914301514625549 480
1717514894077 0.6941803693771362 481
1717514894116 0.6963086128234863 482
1717514894239 0.6946908831596375 483
1717514894261 0.6897216439247131 484
1717514894297 0.6948016285896301 485
1717514894338 0.701346218585968 486
1717514894354 0.6991878151893616 487
1717514894385 0.6963374018669128 488
1717514894432 0.6919249892234802 489
1717514894473 0.6943155527114868 490
1717514895043 0.6930348873138428 491
1717514895077 0.6973309516906738 492
1717514895114 0.6932727098464966 493
1717514895153 0.6908273100852966 494
1717514895190 0.692818820476532 495
1717514895233 0.6961238384246826 496
1717514895274 0.694538950920105 497
1717514895309 0.694105327129364 498
1717514895331 0.6933648586273193 499
1717514895358 0.6931348443031311 500
