1717615179368 0.69232577085495 1
1717615181923 0.7114337086677551 2
1717615184872 0.6990657448768616 3
1717615187278 0.6893579959869385 4
1717615189524 0.6902614235877991 5
1717615191567 0.6885113716125488 6
1717615193562 0.6825131773948669 7
1717615195623 0.6787567138671875 8
1717615197722 0.6700747013092041 9
1717615200019 0.6626162528991699 10
1717615211475 0.6464740633964539 11
1717615213580 0.6627169847488403 12
1717615215651 0.6404197216033936 13
1717615217674 0.6317890286445618 14
1717615219965 0.6207802891731262 15
1717615222502 0.6202533841133118 16
1717615224604 0.6161869168281555 17
1717615226798 0.6084440350532532 18
1717615228874 0.5688750147819519 19
1717615230910 0.5684065818786621 20
1717615240868 0.6089398860931396 21
1717615241622 0.5699126720428467 22
1717615242546 0.5807856321334839 23
1717615243167 0.5332461595535278 24
1717615243597 0.5402831435203552 25
1717615244122 0.5847084522247314 26
1717615244596 0.5337070822715759 27
1717615245777 0.5564725399017334 28
1717615246564 0.5307689309120178 29
1717615247162 0.5161895751953125 30
1717615257036 0.5428850054740906 31
1717615257521 0.529842734336853 32
1717615258065 0.5306664109230042 33
1717615258617 0.4805612564086914 34
1717615259138 0.5274990200996399 35
1717615259761 0.4682629704475403 36
1717615260296 0.4756595194339752 37
1717615260804 0.5395879745483398 38
1717615261334 0.48501938581466675 39
1717615261968 0.48682838678359985 40
1717615271717 0.4839068651199341 41
1717615272013 0.4915149509906769 42
1717615272351 0.4513433575630188 43
1717615272724 0.41225913166999817 44
1717615273208 0.5153483748435974 45
1717615274060 0.4709298312664032 46
1717615274449 0.3605692982673645 47
1717615274820 0.4304159879684448 48
1717615275237 0.35329607129096985 49
1717615275622 0.3728838562965393 50
1717615275996 0.3663615882396698 51
1717615276361 0.3398844599723816 52
1717615276780 0.39963045716285706 53
1717615277210 0.3512154817581177 54
1717615277627 0.3818049132823944 55
1717615278060 0.40160027146339417 56
1717615287708 0.3157804012298584 57
1717615287996 0.35165369510650635 58
1717615288278 0.39764684438705444 59
1717615288556 0.4093933701515198 60
1717615288824 0.36022788286209106 61
1717615289679 0.4223247170448303 62
1717615290745 0.37583673000335693 63
1717615291121 0.35805606842041016 64
1717615291564 0.377948135137558 65
1717615291982 0.3540748655796051 66
1717615297041 0.32392552495002747 67
1717615297505 0.3944329619407654 68
1717615297983 0.2944152057170868 69
1717615298392 0.3786032199859619 70
1717615298835 0.3586609959602356 71
1717615299296 0.33466917276382446 72
1717615299801 0.30668187141418457 73
1717615300316 0.3350048363208771 74
1717615300916 0.2863304913043976 75
1717615301583 0.31574746966362 76
1717615311805 0.32757729291915894 77
1717615312434 0.3747820258140564 78
1717615313292 0.3296619951725006 79
1717615314709 0.29394492506980896 80
1717615315868 0.33296945691108704 81
1717615317072 0.3769671320915222 82
1717615318122 0.3380559980869293 83
1717615319289 0.34292101860046387 84
1717615320363 0.3762671649456024 85
1717615321749 0.3322911560535431 86
1717615327880 0.3486904799938202 87
1717615328995 0.28517499566078186 88
1717615330189 0.3275560140609741 89
1717615331313 0.38309887051582336 90
1717615332806 0.302470862865448 91
1717615334334 0.4178173840045929 92
1717615335398 0.2745238244533539 93
1717615336281 0.25954383611679077 94
1717615337197 0.33581534028053284 95
1717615337910 0.33462202548980713 96
1717615338869 0.23488332331180573 97
1717615339458 0.27519679069519043 98
1717615340307 0.28590330481529236 99
1717615341020 0.23648883402347565 100
1717615341600 0.25677818059921265 101
1717615342331 0.21624425053596497 102
1717615352192 0.2152305245399475 103
1717615352758 0.21388936042785645 104
1717615353148 0.31504014134407043 105
1717615353509 0.2809351682662964 106
1717615353828 0.2462858110666275 107
1717615354140 0.21389338374137878 108
1717615354527 0.22115181386470795 109
1717615354908 0.2355710119009018 110
1717615355271 0.1659843921661377 111
1717615355657 0.26203641295433044 112
1717615360786 0.24451903998851776 113
1717615361171 0.24463848769664764 114
1717615361614 0.27235808968544006 115
1717615362014 0.22349146008491516 116
1717615362480 0.2343144416809082 117
1717615362870 0.2220047265291214 118
1717615363315 0.23018455505371094 119
1717615363742 0.20406590402126312 120
1717615364173 0.2523062825202942 121
1717615364571 0.23656420409679413 122
1717615369724 0.23441745340824127 123
1717615370137 0.2631412148475647 124
1717615370573 0.24698226153850555 125
1717615371001 0.3160970211029053 126
1717615371418 0.21919718384742737 127
1717615371881 0.27180016040802 128
1717615372293 0.2519567012786865 129
1717615372741 0.24177774786949158 130
1717615373186 0.22369487583637238 131
1717615373619 0.2757645547389984 132
1717615383304 0.26948004961013794 133
1717615383612 0.2071692943572998 134
1717615383932 0.22209186851978302 135
1717615384242 0.2041379064321518 136
1717615384551 0.23647788166999817 137
1717615385270 0.22591903805732727 138
1717615385595 0.16885849833488464 139
1717615385924 0.18045300245285034 140
1717615386294 0.18325676023960114 141
1717615386817 0.16931775212287903 142
1717615387336 0.16558623313903809 143
1717615387944 0.1517012119293213 144
1717615388626 0.15568023920059204 145
1717615389232 0.16885606944561005 146
1717615389788 0.21289387345314026 147
1717615390494 0.18948215246200562 148
1717615395758 0.18139469623565674 149
1717615396220 0.2074701189994812 150
1717615396664 0.2064695805311203 151
1717615397143 0.24966788291931152 152
1717615397598 0.21996508538722992 153
1717615398087 0.19718992710113525 154
1717615398550 0.14868584275245667 155
1717615399114 0.19003479182720184 156
1717615399610 0.15694715082645416 157
1717615400180 0.18531252443790436 158
1717615405465 0.14811459183692932 159
1717615405949 0.19109654426574707 160
1717615406583 0.1812058389186859 161
1717615407155 0.22484393417835236 162
1717615407684 0.1865570843219757 163
1717615408106 0.2024524062871933 164
1717615408559 0.23258821666240692 165
1717615409175 0.20290717482566833 166
1717615409572 0.17506252229213715 167
1717615409959 0.21570269763469696 168
1717615419643 0.20619675517082214 169
1717615419959 0.16266851127147675 170
1717615420270 0.16131210327148438 171
1717615420567 0.1699315756559372 172
1717615420868 0.20183856785297394 173
1717615421167 0.1501021385192871 174
1717615421460 0.17068545520305634 175
1717615421764 0.20314134657382965 176
1717615422155 0.20047666132450104 177
1717615422519 0.18482404947280884 178
1717615427707 0.17385727167129517 179
1717615428107 0.1925741285085678 180
1717615428556 0.18801552057266235 181
1717615428998 0.16709072887897491 182
1717615429414 0.1777825653553009 183
1717615430249 0.18233337998390198 184
1717615430675 0.11640341579914093 185
1717615431134 0.11921408772468567 186
1717615431526 0.1482292264699936 187
1717615431972 0.12465669214725494 188
1717615432363 0.10789555311203003 189
1717615432780 0.12931351363658905 190
1717615433236 0.09561481326818466 191
1717615433673 0.15194003283977509 192
1717615434062 0.14538779854774475 193
1717615434489 0.12151550501585007 194
1717615444133 0.09638268500566483 195
1717615444426 0.12338760495185852 196
1717615444719 0.147870734333992 197
1717615445010 0.1448959857225418 198
1717615445307 0.13961617648601532 199
1717615445605 0.12593093514442444 200
1717615445897 0.13069646060466766 201
1717615446215 0.13474099338054657 202
1717615446639 0.13001763820648193 203
1717615447089 0.12474513798952103 204
1717615452362 0.19358965754508972 205
1717615452789 0.18250446021556854 206
1717615453210 0.10995127260684967 207
1717615453637 0.18571437895298004 208
1717615454097 0.12052245438098907 209
1717615454492 0.19771286845207214 210
1717615454954 0.1931249499320984 211
1717615455399 0.14735367894172668 212
1717615455841 0.14422032237052917 213
1717615456278 0.184970885515213 214
1717615461511 0.20627638697624207 215
1717615461939 0.18439048528671265 216
1717615462387 0.12672318518161774 217
1717615462836 0.19419237971305847 218
1717615463284 0.13691812753677368 219
1717615463694 0.16064752638339996 220
1717615464124 0.17644305527210236 221
1717615464567 0.15294958651065826 222
1717615464981 0.15514394640922546 223
1717615465439 0.1902458667755127 224
1717615470556 0.18909575045108795 225
1717615471018 0.17437870800495148 226
1717615471465 0.1588326394557953 227
1717615471855 0.18716131150722504 228
1717615472330 0.21514947712421417 229
1717615473218 0.1331031769514084 230
1717615473718 0.11285244673490524 231
1717615474214 0.11574706435203552 232
1717615474697 0.09920962899923325 233
1717615475209 0.10807200521230698 234
1717615475723 0.12293270230293274 235
1717615476245 0.10286498814821243 236
1717615476797 0.1189538761973381 237
1717615477405 0.10431312769651413 238
1717615478100 0.09928350150585175 239
1717615478763 0.10402953624725342 240
1717615484110 0.10714667290449142 241
1717615485158 0.11127360910177231 242
1717615486344 0.06314630806446075 243
1717615487401 0.09671807289123535 244
1717615488566 0.0954890102148056 245
1717615489614 0.12217509746551514 246
1717615490682 0.09677039086818695 247
1717615491721 0.10957600921392441 248
1717615492957 0.10096357017755508 249
1717615494403 0.09099681675434113 250
1717615500735 0.08177591115236282 251
1717615501735 0.14644014835357666 252
1717615502684 0.12758763134479523 253
1717615503660 0.11051272600889206 254
1717615504960 0.09992211312055588 255
1717615506563 0.11100614070892334 256
1717615508163 0.11442156136035919 257
1717615509711 0.0883551836013794 258
1717615511560 0.10845974087715149 259
1717615513143 0.06869503855705261 260
1717615519211 0.12473290413618088 261
1717615520886 0.1614593267440796 262
1717615522522 0.08340040594339371 263
1717615524558 0.16508802771568298 264
1717615525665 0.11124658584594727 265
1717615526773 0.10514254868030548 266
1717615527476 0.12819263339042664 267
1717615528456 0.1151377335190773 268
1717615529273 0.1107134073972702 269
1717615529909 0.1285562664270401 270
1717615535197 0.08922465890645981 271
1717615535710 0.11617068201303482 272
1717615536353 0.13288235664367676 273
1717615536975 0.1704292744398117 274
1717615537556 0.11808544397354126 275
1717615538428 0.09315065294504166 276
1717615538949 0.08370974659919739 277
1717615539436 0.08410060405731201 278
1717615539931 0.05606316402554512 279
1717615540409 0.038808103650808334 280
1717615541035 0.09693372249603271 281
1717615541933 0.07941492646932602 282
1717615542653 0.07499605417251587 283
1717615543759 0.0848235934972763 284
1717615545249 0.06739373505115509 285
1717615546064 0.05640024691820145 286
1717615552328 0.07805049419403076 287
1717615553986 0.05467701330780983 288
1717615555253 0.10015027970075607 289
1717615557722 0.05353139340877533 290
1717615560028 0.06565030664205551 291
1717615562075 0.09333951771259308 292
1717615564461 0.09613659232854843 293
1717615566474 0.06796108931303024 294
1717615568754 0.08802271634340286 295
1717615571312 0.09255779534578323 296
1717615578671 0.0650201141834259 297
1717615580576 0.06876768171787262 298
1717615582873 0.09357365220785141 299
1717615585258 0.08484887331724167 300
1717615587810 0.06703956425189972 301
1717615590045 0.07792320102453232 302
1717615592551 0.15108917653560638 303
1717615595185 0.11292675882577896 304
1717615597794 0.11849969625473022 305
1717615600175 0.16619744896888733 306
