1717509745181 0.7364771366119385 1
1717509745259 0.7335168719291687 2
1717509745341 0.7358482480049133 3
1717509745423 0.7332611083984375 4
1717509745504 0.7312373518943787 5
1717509745585 0.7158084511756897 6
1717509745665 0.7210686802864075 7
1717509745903 0.7211685180664062 8
1717509745976 0.7164201140403748 9
1717509746058 0.7128726840019226 10
1717509750271 0.7166425585746765 11
1717509750354 0.7088468670845032 12
1717509750436 0.7108699679374695 13
1717509750518 0.7002809643745422 14
1717509750600 0.6978113055229187 15
1717509750680 0.6993332505226135 16
1717509750761 0.6981953978538513 17
1717509750843 0.6941890120506287 18
1717509750925 0.6951991319656372 19
1717509750998 0.6939907073974609 20
1717509751440 0.6937459707260132 21
1717509751531 0.693143367767334 22
1717509751614 0.6933342218399048 23
1717509751697 0.6931467652320862 24
1717509751778 0.6933039426803589 25
1717509751860 0.6934210658073425 26
1717509751942 0.6932902932167053 27
1717509752021 0.6940283179283142 28
1717509752099 0.6928342580795288 29
1717509752170 0.6945796608924866 30
1717509752576 0.695389449596405 31
1717509752656 0.6939430832862854 32
1717509752724 0.696765661239624 33
1717509752805 0.6947833895683289 34
1717509752886 0.6935670375823975 35
1717509752969 0.6924199461936951 36
1717509753048 0.6938698291778564 37
1717509753128 0.6928482055664062 38
1717509753210 0.6934483051300049 39
1717509753290 0.693429708480835 40
1717509753544 0.6936647891998291 41
1717509753761 0.6928797960281372 42
1717509753832 0.6931658983230591 43
1717509753913 0.6931034922599792 44
1717509753993 0.6931237578392029 45
1717509754073 0.6932269930839539 46
1717509754154 0.6930210590362549 47
1717509754222 0.6931096315383911 48
1717509754303 0.6931226849555969 49
1717509754383 0.692925214767456 50
1717509758488 0.6934794783592224 51
1717509758555 0.6932437419891357 52
1717509758638 0.6933253407478333 53
1717509758708 0.6931964755058289 54
1717509758789 0.6929941177368164 55
1717509758871 0.6933931708335876 56
1717509759102 0.6930057406425476 57
1717509759183 0.6929057240486145 58
1717509759264 0.6930358409881592 59
1717509759345 0.693110466003418 60
1717509763476 0.6928933262825012 61
1717509763557 0.6933268308639526 62
1717509763639 0.6930565237998962 63
1717509763720 0.6930335760116577 64
1717509763803 0.6930572986602783 65
1717509763884 0.6936528086662292 66
1717509763966 0.693211019039154 67
1717509764048 0.6931121349334717 68
1717509764289 0.6929495930671692 69
1717509764371 0.6929841041564941 70
1717509768550 0.693145215511322 71
1717509768632 0.6930614709854126 72
1717509768716 0.6929768919944763 73
1717509768797 0.6931055188179016 74
1717509768882 0.6931899189949036 75
1717509768963 0.6933889985084534 76
1717509769048 0.6931594014167786 77
1717509769126 0.6927539110183716 78
1717509769218 0.6933013200759888 79
1717509769304 0.6931086182594299 80
1717509769710 0.6928930282592773 81
1717509769796 0.6931526064872742 82
1717509769885 0.692972719669342 83
1717509769973 0.6934908032417297 84
1717509770061 0.6933950185775757 85
1717509770148 0.6929383873939514 86
1717509770235 0.6930431127548218 87
1717509770317 0.69302898645401 88
1717509770401 0.6934000253677368 89
1717509770494 0.6929283738136292 90
1717509770909 0.6929998397827148 91
1717509770995 0.6929359436035156 92
1717509771080 0.6933655142784119 93
1717509771151 0.6931696534156799 94
1717509771237 0.6931340098381042 95
1717509771326 0.6931644678115845 96
1717509771415 0.692970335483551 97
1717509771503 0.6930925846099854 98
1717509771591 0.6929885745048523 99
1717509771681 0.6931474804878235 100
