1717599900572 0.696563720703125 1
1717599903946 0.7170236110687256 2
1717599906771 0.6979430913925171 3
1717599909395 0.712368905544281 4
1717599911580 0.6954043507575989 5
1717599913940 0.6837758421897888 6
1717599916616 0.7066096067428589 7
1717599919215 0.6952111721038818 8
1717599922206 0.7141860127449036 9
1717599925741 0.6946142911911011 10
1717599940600 0.7045112252235413 11
1717599943711 0.6764629483222961 12
1717599946591 0.6629500389099121 13
1717599949754 0.6777445673942566 14
1717599952985 0.7066706418991089 15
1717599956170 0.6757274270057678 16
1717599958949 0.6578133702278137 17
1717599961869 0.6537323594093323 18
1717599965003 0.6499944925308228 19
1717599968569 0.6465381383895874 20
1717599983280 0.6736391186714172 21
1717599985551 0.6619837284088135 22
1717599988067 0.6428489685058594 23
1717599990644 0.6389487981796265 24
1717599992954 0.6464534997940063 25
1717599995217 0.6564001441001892 26
1717599997217 0.6810715198516846 27
1717599999326 0.655659556388855 28
1717600001362 0.6625351309776306 29
1717600003151 0.6366837024688721 30
1717600016686 0.6588658690452576 31
1717600018684 0.6411013603210449 32
1717600020636 0.6142735481262207 33
1717600022978 0.6468192338943481 34
1717600025259 0.5856905579566956 35
1717600027273 0.6632562279701233 36
1717600029318 0.6284555792808533 37
1717600031410 0.5966453552246094 38
1717600033642 0.6420037746429443 39
1717600035765 0.6691712141036987 40
1717600049302 0.5942378044128418 41
1717600051567 0.5765780210494995 42
1717600053799 0.6622456312179565 43
1717600055847 0.5785660147666931 44
1717600057907 0.6543774008750916 45
1717600060068 0.6836066246032715 46
1717600062322 0.5998857617378235 47
1717600064649 0.6047415137290955 48
1717600066882 0.6195089817047119 49
1717600069038 0.6072946190834045 50
1717600082537 0.6563860177993774 51
1717600084633 0.6100799441337585 52
1717600086757 0.6713464260101318 53
1717600088739 0.6229821443557739 54
1717600090803 0.6564452052116394 55
1717600092705 0.6116188168525696 56
1717600094845 0.6340361833572388 57
1717600096548 0.6195672750473022 58
1717600098638 0.6039966344833374 59
1717600100841 0.6322922706604004 60
1717600114204 0.6357555985450745 61
1717600116219 0.6157510280609131 62
1717600117811 0.6061877608299255 63
1717600119196 0.5943820476531982 64
1717600121196 0.5781441330909729 65
1717600122666 0.5762149095535278 66
1717600124088 0.5749880075454712 67
1717600125467 0.6184624433517456 68
1717600126742 0.6037351489067078 69
1717600127822 0.5890275239944458 70
1717600140668 0.5813562273979187 71
1717600141683 0.6525301337242126 72
1717600142590 0.5689083337783813 73
1717600143137 0.6188536882400513 74
1717600143713 0.511314332485199 75
1717600144213 0.6351159811019897 76
1717600144666 0.5895641446113586 77
1717600144979 0.5573959946632385 78
1717600145261 0.6187762022018433 79
1717600145535 0.6153247356414795 80
1717600157369 0.597603440284729 81
1717600157812 0.598567545413971 82
1717600158406 0.6132818460464478 83
1717600159061 0.6280163526535034 84
1717600159857 0.5869792699813843 85
1717600160608 0.5557859539985657 86
1717600161392 0.6225336194038391 87
1717600162262 0.5765346884727478 88
1717600163105 0.6288198232650757 89
1717600163916 0.6339141130447388 90
1717600172176 0.5967653393745422 91
1717600173144 0.6383780837059021 92
1717600173925 0.5222256183624268 93
1717600174877 0.49937376379966736 94
1717600175720 0.6584011912345886 95
1717600176439 0.6462395787239075 96
1717600177126 0.5928263664245605 97
1717600177843 0.6074066758155823 98
1717600178578 0.6086318492889404 99
1717600179155 0.6056018471717834 100
1717600186831 0.5731057524681091 101
1717600187409 0.6338775157928467 102
1717600187961 0.586807370185852 103
1717600188524 0.5923029780387878 104
1717600189086 0.579204261302948 105
1717600189742 0.5580991506576538 106
1717600190383 0.593309223651886 107
1717600190927 0.5858840346336365 108
1717600191443 0.5663856863975525 109
1717600191885 0.6513941884040833 110
1717600199331 0.5613733530044556 111
1717600199685 0.6033906936645508 112
1717600200101 0.5283662676811218 113
1717600200492 0.5846329927444458 114
1717600200888 0.6009863615036011 115
1717600201247 0.5946688652038574 116
1717600201700 0.647132396697998 117
1717600202115 0.6316875219345093 118
1717600202490 0.6188981533050537 119
1717600202871 0.554341197013855 120
1717600210336 0.5912581086158752 121
1717600210709 0.5699030756950378 122
1717600211147 0.520747184753418 123
1717600211600 0.6259236335754395 124
1717600212143 0.605516254901886 125
1717600212879 0.5602104067802429 126
1717600213583 0.547214925289154 127
1717600214424 0.5715042948722839 128
1717600215347 0.5479807257652283 129
1717600216361 0.6109594702720642 130
1717600224615 0.5622985363006592 131
1717600225648 0.5485402941703796 132
1717600226590 0.623819887638092 133
1717600227571 0.589317262172699 134
1717600228435 0.5835627317428589 135
1717600229194 0.5145502090454102 136
1717600229944 0.578612208366394 137
1717600230928 0.5839660167694092 138
1717600231849 0.5303496718406677 139
1717600232911 0.5639777779579163 140
1717600233957 0.5436106324195862 141
1717600235346 0.4820782244205475 142
1717600236720 0.6276494264602661 143
1717600238297 0.5101500749588013 144
1717600239921 0.5164733529090881 145
1717600241421 0.5468021035194397 146
1717600242934 0.5106258988380432 147
1717600251724 0.5703185796737671 148
1717600253539 0.5409910678863525 149
1717600255181 0.6173428893089294 150
1717600256704 0.5025608539581299 151
1717600258516 0.5108717083930969 152
1717600260311 0.5915136337280273 153
1717600262279 0.5403762459754944 154
1717600263871 0.58598792552948 155
1717600265480 0.5686460137367249 156
1717600267465 0.5428946018218994 157
1717600276252 0.5509975552558899 158
1717600277891 0.5467559099197388 159
1717600279569 0.515866219997406 160
1717600281296 0.5756263732910156 161
1717600282637 0.5019255876541138 162
1717600284074 0.569777250289917 163
1717600285200 0.5040891766548157 164
1717600286370 0.6085433959960938 165
1717600287416 0.5891699194908142 166
1717600288211 0.5243720412254333 167
1717600300475 0.5246525406837463 168
1717600301103 0.5103441476821899 169
1717600301716 0.500187873840332 170
1717600302342 0.5201653838157654 171
1717600302966 0.4940212666988373 172
1717600303650 0.4509626626968384 173
1717600304294 0.5503792762756348 174
1717600304995 0.5218104124069214 175
1717600305715 0.5305946469306946 176
1717600306434 0.5522840619087219 177
1717600318598 0.479226291179657 178
1717600319188 0.5796095132827759 179
1717600319900 0.4936205744743347 180
1717600320463 0.4664457440376282 181
1717600321140 0.45586439967155457 182
1717600321905 0.5369589328765869 183
1717600322610 0.5249279141426086 184
1717600323294 0.48510101437568665 185
1717600324061 0.5107743144035339 186
1717600324886 0.5267488360404968 187
1717600332834 0.5426110625267029 188
1717600333802 0.5725310444831848 189
1717600334691 0.5389349460601807 190
1717600335675 0.545151948928833 191
1717600336737 0.48804640769958496 192
1717600337550 0.517036497592926 193
1717600338556 0.4641263484954834 194
1717600339640 0.48060378432273865 195
1717600340671 0.4574923813343048 196
1717600341826 0.45075488090515137 197
1717600350180 0.4883562922477722 198
1717600351459 0.4353772699832916 199
1717600352616 0.5226215720176697 200
1717600353473 0.49319446086883545 201
1717600354361 0.5193659067153931 202
1717600355364 0.4844384491443634 203
1717600356249 0.4913315176963806 204
1717600357143 0.46629759669303894 205
1717600358174 0.5083417296409607 206
1717600359111 0.4710198938846588 207
1717600367213 0.5615254640579224 208
1717600368135 0.5935339331626892 209
1717600369192 0.4708584249019623 210
1717600370337 0.5922502875328064 211
1717600371491 0.5104275345802307 212
1717600372588 0.5094413757324219 213
1717600373618 0.4848846197128296 214
1717600374525 0.5830682516098022 215
1717600375616 0.5512895584106445 216
1717600376621 0.5444830656051636 217
1717600384583 0.6033914089202881 218
1717600385562 0.5490121245384216 219
1717600386582 0.5883737206459045 220
1717600387650 0.5670984387397766 221
1717600388759 0.4794427454471588 222
1717600389712 0.578708827495575 223
1717600390789 0.4916057884693146 224
1717600391788 0.5650802254676819 225
1717600392726 0.49502792954444885 226
1717600393646 0.5057858228683472 227
1717600401718 0.518690824508667 228
1717600402515 0.5408403277397156 229
1717600403347 0.5087665319442749 230
1717600404185 0.5483681559562683 231
1717600405159 0.5417343378067017 232
1717600406059 0.550875186920166 233
1717600406899 0.5024408102035522 234
1717600407729 0.4558284282684326 235
1717600408622 0.4874536097049713 236
1717600409649 0.564703106880188 237
1717600417674 0.4427061975002289 238
1717600418689 0.49627235531806946 239
1717600419673 0.5936461687088013 240
1717600420532 0.5310471057891846 241
1717600421733 0.5216428637504578 242
1717600422842 0.5587412118911743 243
1717600424013 0.47541579604148865 244
1717600425289 0.5145283341407776 245
1717600426651 0.5845668315887451 246
1717600427776 0.48086509108543396 247
1717600436098 0.5063111782073975 248
1717600437384 0.5984929203987122 249
1717600438830 0.5262059569358826 250
1717600440283 0.5368422269821167 251
1717600441640 0.5145813822746277 252
1717600443156 0.5111321806907654 253
1717600444513 0.5524277091026306 254
1717600446012 0.5726496577262878 255
1717600447621 0.5447498559951782 256
1717600449261 0.4433669149875641 257
1717600458111 0.6367499828338623 258
1717600460020 0.5592991709709167 259
1717600461595 0.4796110987663269 260
1717600463014 0.5360414385795593 261
1717600464608 0.5808550119400024 262
1717600466091 0.4970678985118866 263
1717600467402 0.5459922552108765 264
1717600469103 0.48468437790870667 265
1717600470591 0.588779091835022 266
1717600472170 0.5346537232398987 267
1717600480970 0.5151796340942383 268
1717600482640 0.5910173654556274 269
1717600484201 0.5499780178070068 270
1717600485888 0.48736923933029175 271
1717600487575 0.5004152655601501 272
1717600489197 0.524640679359436 273
1717600490412 0.449079692363739 274
1717600492056 0.4225526750087738 275
1717600493756 0.5146731734275818 276
1717600495381 0.44763290882110596 277
1717600497067 0.5720016956329346 278
1717600498721 0.4230589270591736 279
1717600500486 0.40252935886383057 280
1717600502282 0.5747400522232056 281
1717600504061 0.5365070700645447 282
1717600505997 0.45654672384262085 283
1717600507808 0.4768902361392975 284
