1717605168348 0.6973416209220886 1
1717605204786 0.709473192691803 2
1717605229519 0.6942237019538879 3
1717605251003 0.699357807636261 4
1717605271091 0.6942101120948792 5
1717605292453 0.6900452971458435 6
1717605318551 0.6972447633743286 7
1717605340512 0.6866742968559265 8
1717605360937 0.6918189525604248 9
1717605381650 0.6874783039093018 10
1717605425725 0.6916540861129761 11
1717605452907 0.6785327196121216 12
1717605480853 0.6665979027748108 13
1717605511950 0.6510369181632996 14
1717605538903 0.6479299664497375 15
1717605572113 0.7081721425056458 16
1717605601027 0.6446311473846436 17
1717605626274 0.6310431361198425 18
1717605650381 0.6437654495239258 19
1717605680747 0.636630654335022 20
1717605731055 0.6590757966041565 21
1717605760202 0.6507672667503357 22
1717605787994 0.636659562587738 23
1717605810976 0.6070749759674072 24
1717605829509 0.7500786781311035 25
1717605857970 0.6121352314949036 26
1717605885369 0.6606934666633606 27
1717605913932 0.6756607294082642 28
1717605944294 0.6693042516708374 29
1717605973118 0.650675356388092 30
1717606020140 0.6360658407211304 31
1717606046498 0.6106182932853699 32
1717606073726 0.6095653772354126 33
1717606106296 0.6201300024986267 34
1717606130264 0.6000372171401978 35
1717606157532 0.5457510948181152 36
1717606186249 0.5574245452880859 37
1717606214804 0.5144273638725281 38
1717606248576 0.5357248187065125 39
1717606277818 0.5334954261779785 40
1717606300676 0.5235708951950073 41
1717606331668 0.5272634625434875 42
1717606364439 0.5365232825279236 43
1717606396031 0.5214753150939941 44
1717606426798 0.5303046107292175 45
1717606477975 0.5089942812919617 46
1717606505410 0.5131463408470154 47
1717606523156 0.4897553324699402 48
1717606531472 0.4681723713874817 49
1717606535661 0.5108576416969299 50
1717606540335 0.5043972730636597 51
1717606543790 0.4972131848335266 52
1717606547354 0.47990453243255615 53
1717606550855 0.4572666883468628 54
1717606554389 0.45238468050956726 55
1717606577957 0.42903199791908264 56
1717606581395 0.43799135088920593 57
1717606584866 0.4224400520324707 58
1717606588399 0.4164075255393982 59
1717606591869 0.39770665764808655 60
1717606595229 0.37059375643730164 61
1717606598683 0.46117156744003296 62
1717606602137 0.6165552735328674 63
1717606605763 0.4089110195636749 64
1717606609312 0.49843671917915344 65
1717606628410 0.4670800566673279 66
1717606631895 0.41632288694381714 67
1717606635435 0.4022294878959656 68
1717606638930 0.4237358570098877 69
1717606641649 0.4304753243923187 70
1717606645308 0.4106674790382385 71
1717606648747 0.3719141185283661 72
1717606652186 0.34359458088874817 73
1717606655733 0.3594483435153961 74
1717606659218 0.33448514342308044 75
1717606662673 0.3178819417953491 76
1717606666331 0.29437369108200073 77
1717606669755 0.36798936128616333 78
1717606673318 0.35061657428741455 79
1717606676789 0.33772677183151245 80
1717606700088 0.26598668098449707 81
1717606703559 0.3331591486930847 82
1717606707014 0.3337206542491913 83
1717606710546 0.3173309564590454 84
1717606713907 0.3504195511341095 85
1717606717251 0.340756893157959 86
1717606720660 0.32364368438720703 87
1717606724224 0.33291566371917725 88
1717606727681 0.3204263746738434 89
1717606731118 0.2617599368095398 90
1717606754113 0.3213203549385071 91
1717606757383 0.31093519926071167 92
1717606760696 0.3322404623031616 93
1717606764166 0.2959030568599701 94
1717606767573 0.3000738024711609 95
1717606771074 0.3156595826148987 96
1717606774545 0.3180916905403137 97
1717606778031 0.3090019226074219 98
1717606781439 0.31741949915885925 99
1717606784909 0.2938317060470581 100
1717606808210 0.3160322904586792 101
1717606811648 0.3549498915672302 102
1717606815104 0.31916794180870056 103
1717606818543 0.2897820770740509 104
1717606821357 0.261933833360672 105
1717606824952 0.2851615250110626 106
1717606828407 0.24243755638599396 107
1717606831925 0.2766087055206299 108
1717606835535 0.25969308614730835 109
1717606839005 0.26508936285972595 110
1717606842475 0.22000952064990997 111
1717606846086 0.2411130666732788 112
1717606849541 0.25953173637390137 113
1717606853042 0.273214727640152 114
1717606856544 0.2430339902639389 115
1717606875629 0.23407773673534393 116
1717606879100 0.3046087920665741 117
1717606882554 0.2638000249862671 118
1717606886102 0.2501770257949829 119
1717606889603 0.23269997537136078 120
1717606893010 0.27877259254455566 121
1717606896387 0.2494867444038391 122
1717606899747 0.2438272088766098 123
1717606903233 0.23754927515983582 124
1717606906749 0.24847577512264252 125
1717606930254 0.23676154017448425 126
1717606933708 0.22254157066345215 127
1717606937242 0.2206704467535019 128
1717606940665 0.23159794509410858 129
1717606944119 0.2323172241449356 130
1717606947606 0.25818970799446106 131
1717606951076 0.21041351556777954 132
1717606954655 0.24084988236427307 133
1717606959375 0.3179642856121063 134
1717606962924 0.2443511039018631 135
1717606981977 0.2849806845188141 136
1717606985509 0.24960142374038696 137
1717606988933 0.23412509262561798 138
1717606992465 0.2770768404006958 139
1717606995278 0.24834392964839935 140
1717606998952 0.22859793901443481 141
1717607002485 0.22755031287670135 142
1717607006002 0.21317890286445618 143
1717607009518 0.2194022238254547 144
1717607012958 0.2416745126247406 145
1717607016521 0.20657877624034882 146
1717607020069 0.19755154848098755 147
1717607023586 0.25186625123023987 148
1717607027290 0.20480702817440033 149
1717607030885 0.18659427762031555 150
1717607050191 0.20840588212013245 151
1717607053786 0.20549164712429047 152
1717607057444 0.1774655431509018 153
1717607061102 0.26073184609413147 154
1717607064729 0.2227286994457245 155
1717607068371 0.2141340970993042 156
1717607072028 0.20047466456890106 157
1717607075686 0.21564561128616333 158
1717607079140 0.2280946969985962 159
1717607082657 0.1834111511707306 160
1717607105956 0.2252521961927414 161
1717607109457 0.17940442264080048 162
1717607112991 0.2215522974729538 163
1717607116742 0.22684626281261444 164
1717607120384 0.24963144958019257 165
1717607124026 0.19725625216960907 166
1717607127714 0.21149376034736633 167
1717607131481 0.192083477973938 168
1717607135108 0.25399458408355713 169
1717607138718 0.22872599959373474 170
1717607157880 0.19354696571826935 171
1717607161601 0.21561706066131592 172
1717607165196 0.19381314516067505 173
1717607168900 0.23800860345363617 174
1717607171698 0.22419999539852142 175
1717607175495 0.15669138729572296 176
1717607179137 0.18939770758152008 177
1717607182780 0.19436611235141754 178
1717607186406 0.20105884969234467 179
1717607189757 0.20370224118232727 180
1717607193258 0.16380611062049866 181
1717607196728 0.21553349494934082 182
1717607200230 0.16624456644058228 183
1717607203841 0.13062907755374908 184
1717607207326 0.15994033217430115 185
1717607226377 0.16328439116477966 186
1717607230130 0.1645948886871338 187
1717607233709 0.15930967032909393 188
1717607237335 0.22243881225585938 189
1717607240883 0.15527115762233734 190
1717607244477 0.15645615756511688 191
1717607248119 0.15543346107006073 192
1717607251744 0.17720428109169006 193
1717607255418 0.1661473661661148 194
1717607259024 0.16886207461357117 195
1717607278035 0.16739048063755035 196
1717607281647 0.1883600354194641 197
1717607285212 0.19712074100971222 198
1717607288807 0.177176371216774 199
1717607292214 0.18122269213199615 200
1717607295746 0.14706438779830933 201
1717607299232 0.15478600561618805 202
1717607302811 0.20847298204898834 203
1717607306406 0.1684252768754959 204
1717607309970 0.17363399267196655 205
1717607329116 0.1964763104915619 206
1717607332721 0.18856433033943176 207
1717607336275 0.18096089363098145 208
1717607339823 0.18811456859111786 209
1717607342497 0.133269265294075 210
1717607346077 0.11892809718847275 211
1717607349595 0.12852439284324646 212
1717607353111 0.11342291533946991 213
1717607356769 0.12228818982839584 214
1717607360395 0.12377304583787918 215
1717607363974 0.1420183628797531 216
1717607367569 0.14058703184127808 217
1717607371211 0.13353995978832245 218
1717607374806 0.10287448018789291 219
1717607378370 0.1128353625535965 220
1717607397501 0.11328350007534027 221
1717607401190 0.10267698764801025 222
1717607404786 0.10198063403367996 223
1717607408365 0.13802900910377502 224
1717607411929 0.13692332804203033 225
1717607415617 0.14709313213825226 226
1717607419228 0.13859151303768158 227
1717607422837 0.09669719636440277 228
1717607426464 0.10194642096757889 229
1717607430090 0.15233148634433746 230
1717607449752 0.16528211534023285 231
1717607453253 0.14460231363773346 232
1717607456769 0.16481871902942657 233
1717607460396 0.18296347558498383 234
1717607463976 0.1139255166053772 235
1717607467555 0.1504683494567871 236
1717607471119 0.12422642111778259 237
1717607474730 0.15738020837306976 238
1717607478340 0.12143722921609879 239
1717607481888 0.12079504877328873 240
1717607500875 0.1290077567100525 241
1717607504533 0.1390480399131775 242
1717607508050 0.1456426978111267 243
1717607511661 0.14856107532978058 244
1717607514506 0.16516053676605225 245
1717607518194 0.09247642010450363 246
1717607521805 0.12669043242931366 247
1717607525400 0.10883942246437073 248
1717607529105 0.11021248251199722 249
1717607533216 0.09956370294094086 250
1717607537530 0.06607171893119812 251
1717607541500 0.12441433221101761 252
1717607545283 0.10616214573383331 253
1717607549440 0.07406154274940491 254
1717607554177 0.12388826161623001 255
1717607578995 0.14544209837913513 256
1717607583496 0.12813642621040344 257
1717607587639 0.0995105728507042 258
1717607591593 0.1083436831831932 259
1717607595860 0.08538607507944107 260
1717607600424 0.09648574888706207 261
1717607605049 0.12202368676662445 262
1717607609363 0.11317238211631775 263
1717607613865 0.09653710573911667 264
1717607618616 0.1310001015663147 265
1717607643634 0.12995466589927673 266
1717607648155 0.09264398366212845 267
1717607652705 0.09205642342567444 268
1717607657223 0.15235771238803864 269
1717607661819 0.08990565687417984 270
1717607666321 0.11809151619672775 271
1717607671260 0.15049554407596588 272
1717607676714 0.11735054850578308 273
1717607681357 0.11479467153549194 274
1717607685656 0.11561502516269684 275
1717607704769 0.13207341730594635 276
1717607708457 0.09948239475488663 277
1717607712242 0.11071889847517014 278
1717607715871 0.12030482292175293 279
1717607718716 0.16509589552879333 280
1717607722623 0.07344557344913483 281
1717607726437 0.0817512720823288 282
1717607730375 0.08064495772123337 283
1717607734316 0.05468848720192909 284
1717607738020 0.10035177320241928 285
1717607742022 0.07948581129312515 286
1717607746150 0.12419307976961136 287
1717607750104 0.09363231062889099 288
1717607753982 0.07905854284763336 289
1717607757547 0.08873389661312103 290
1717607776850 0.08046938478946686 291
1717607780493 0.08230119198560715 292
1717607784212 0.10807187110185623 293
1717607787869 0.12438803911209106 294
1717607791604 0.09306343644857407 295
1717607795203 0.10736419260501862 296
1717607798876 0.06624506413936615 297
1717607802596 0.093853659927845 298
1717607806316 0.07529879361391068 299
1717607809910 0.06166454777121544 300
1717607829073 0.09409397095441818 301
1717607832684 0.09346168488264084 302
1717607836310 0.09516159445047379 303
1717607839811 0.0954248383641243 304
1717607843312 0.07792507857084274 305
1717607846907 0.07572006434202194 306
1717607850564 0.1034056544303894 307
1717607854175 0.07540234923362732 308
1717607857832 0.07191844284534454 309
1717607861505 0.08996575325727463 310
1717607880684 0.10764069855213165 311
1717607884389 0.09326780587434769 312
1717607888109 0.11374431848526001 313
1717607891954 0.11984635889530182 314
1717607894895 0.10108259320259094 315
1717607898583 0.0901990532875061 316
1717607902147 0.065916046500206 317
1717607905960 0.06909718364477158 318
1717607909680 0.05146140605211258 319
1717607913370 0.07493777573108673 320
1717607917168 0.05963471531867981 321
1717607920840 0.06081385537981987 322
1717607924534 0.04999174550175667 323
1717607928191 0.06712068617343903 324
1717607932054 0.06566247344017029 325
1717607951421 0.05668148770928383 326
1717607955627 0.11436154693365097 327
1717607959333 0.07384178787469864 328
1717607963085 0.08431351184844971 329
1717607966759 0.10848518460988998 330
1717607970493 0.11142218112945557 331
1717607974276 0.07238397002220154 332
1717607978184 0.06584662199020386 333
1717607981904 0.08302270621061325 334
1717607985732 0.15232759714126587 335
1717608005065 0.0878487303853035 336
1717608008726 0.051215000450611115 337
1717608012368 0.07508795708417892 338
1717608016125 0.08238711208105087 339
1717608019845 0.07906033098697662 340
1717608023534 0.06895498931407928 341
1717608027145 0.07149078696966171 342
1717608030803 0.09892317652702332 343
1717608034468 0.08048626780509949 344
1717608038063 0.09476885944604874 345
1717608057349 0.12121590226888657 346
1717608060919 0.1089421808719635 347
1717608064390 0.06140569597482681 348
1717608068000 0.08733149617910385 349
1717608070766 0.06705301254987717 350
1717608074535 0.052171554416418076 351
1717608078131 0.062321361154317856 352
1717608081897 0.06634020060300827 353
1717608085854 0.0571124367415905 354
1717608089777 0.0634855180978775 355
1717608093700 0.07215830683708191 356
1717608097765 0.05159078910946846 357
1717608101906 0.11447398364543915 358
1717608106548 0.15895508229732513 359
1717608110627 0.07517504692077637 360
1717608130076 0.11290068179368973 361
1717608133750 0.1569850891828537 362
1717608137564 0.09196493029594421 363
1717608141518 0.07786083221435547 364
1717608145675 0.1354619562625885 365
1717608149692 0.15946316719055176 366
1717608153631 0.15361744165420532 367
1717608157492 0.13707584142684937 368
1717608161400 0.13733141124248505 369
1717608165354 0.1259603053331375 370
1717608184802 0.12313727289438248 371
1717608188898 0.0778319463133812 372
1717608193213 0.14543741941452026 373
1717608197841 0.10321422666311264 374
1717608201968 0.112021803855896 375
1717608206064 0.16860918700695038 376
1717608210363 0.15928968787193298 377
1717608214537 0.13704578578472137 378
1717608218507 0.09506449848413467 379
1717608222368 0.13294504582881927 380
