1717336249591 0.7057298421859741 0
1717336249857 0.7101831436157227 0
1717336250138 0.6962555646896362 0
1717336250420 0.7001503705978394 0
1717336250717 0.6900123357772827 0
1717336250992 0.7001807689666748 0
1717336251257 0.6964358687400818 0
1717336251513 0.6933627724647522 0
1717336251794 0.6942163705825806 0
1717336252055 0.7009047865867615 0
1717336253412 0.6975588202476501 0
1717336253694 0.6955593228340149 0
1717336253975 0.6982558965682983 0
1717336254261 0.6931071281433105 0
1717336254542 0.6990101933479309 0
1717336254823 0.6941748261451721 0
1717336255109 0.6979787945747375 0
1717336255401 0.6920271515846252 0
1717336255666 0.6946696043014526 0
1717336255948 0.6921114325523376 0
1717336257342 0.6962640285491943 0
1717336257600 0.7042748928070068 0
1717336257856 0.6959171891212463 0
1717336258082 0.6968547701835632 0
1717336258306 0.6995291113853455 0
1717336258556 0.6958382725715637 0
1717336258832 0.6959974765777588 0
1717336259089 0.6961421370506287 0
1717336259344 0.6957630515098572 0
1717336259587 0.6964476108551025 0
1717336260844 0.6917637586593628 0
1717336261089 0.6930822730064392 0
1717336261365 0.6959587931632996 0
1717336261630 0.694107711315155 0
1717336261864 0.6991860270500183 0
1717336262115 0.6947590708732605 0
1717336262349 0.6946001648902893 0
1717336262583 0.692753255367279 0
1717336262849 0.6920803785324097 0
1717336263106 0.6919239163398743 0
1717336264453 0.6951348781585693 0
1717336264703 0.6942339539527893 0
1717336264954 0.6932563185691833 0
1717336265166 0.6923862099647522 0
1717336265408 0.6922459006309509 0
1717336265642 0.6943842768669128 0
1717336265892 0.6911352872848511 0
1717336266126 0.6915910243988037 0
1717336266361 0.6964533925056458 0
1717336266611 0.692407488822937 0
