1717430026117 0.6923238635063171 1
1717430027182 88.79812622070312 2
1717430029476 16.07253074645996 3
1717430032159 20.096210479736328 4
1717430034251 15.822073936462402 5
1717430036343 17.26705551147461 6
1717430038451 15.675430297851562 7
1717430040386 15.59788703918457 8
1717430042102 12.697432518005371 9
1717430043820 12.20259952545166 10
1717430051114 13.917729377746582 11
1717430052424 10.601968765258789 12
1717430053828 10.825766563415527 13
1717430055201 10.026033401489258 14
1717430056311 11.869668960571289 15
1717430057341 9.459026336669922 16
1717430058544 11.055746078491211 17
1717430059996 9.327269554138184 18
1717430061277 10.075695037841797 19
1717430062385 9.185799598693848 20
1717430066025 9.789080619812012 21
1717430067148 7.590563774108887 22
1717430068209 6.7158918380737305 23
1717430069257 6.012806415557861 24
1717430070269 7.5194830894470215 25
1717430071444 6.631691932678223 26
1717430072424 8.567398071289062 27
1717430073663 5.843832969665527 28
1717430074828 6.315648555755615 29
1717430075922 6.823761940002441 30
1717430079014 5.066830158233643 31
1717430080167 6.6082234382629395 32
1717430081277 3.82338285446167 33
1717430082713 8.915841102600098 34
1717430083992 3.3461148738861084 35
1717430085086 9.838489532470703 36
1717430085840 4.84907865524292 37
1717430086731 4.8929524421691895 38
1717430087896 7.90594482421875 39
1717430088925 3.137519598007202 40
1717430094671 5.3950347900390625 41
1717430095673 4.328893184661865 42
1717430096912 4.1849684715271 43
1717430098170 5.7773919105529785 44
1717430099377 2.6193249225616455 45
1717430100592 4.626719951629639 46
1717430101902 5.7878923416137695 47
1717430103103 2.9602088928222656 48
1717430104352 7.89227819442749 49
1717430105419 2.558549642562866 50
1717430111197 3.7963290214538574 51
1717430112255 6.626405239105225 52
1717430113056 2.7711498737335205 53
1717430114033 7.6501078605651855 54
1717430114860 2.1567466259002686 55
1717430116203 5.400341510772705 56
1717430117442 4.329855442047119 57
1717430118672 1.9520801305770874 58
1717430120012 3.5729176998138428 59
1717430121248 6.133699417114258 60
1717430126378 2.298002243041992 61
1717430127366 11.768726348876953 62
1717430128193 10.504923820495605 63
1717430128902 3.4095044136047363 64
1717430129785 5.144616603851318 65
1717430130648 5.6148810386657715 66
1717430131395 3.510103464126587 67
1717430132356 10.183700561523438 68
1717430133329 11.112845420837402 69
1717430134031 2.8198201656341553 70
1717430136361 3.7806780338287354 71
1717430137152 6.720065593719482 72
1717430137904 2.9258692264556885 73
1717430138826 10.347304344177246 74
1717430139793 9.29836654663086 75
1717430140637 4.176394939422607 76
1717430141516 4.280605792999268 77
1717430142389 7.002322673797607 78
1717430143131 5.9293317794799805 79
1717430143901 5.5555338859558105 80
1717430146341 3.8923192024230957 81
1717430147231 9.013876914978027 82
1717430148133 7.167173862457275 83
1717430149038 5.387720584869385 84
1717430149897 5.060440540313721 85
1717430150722 6.633998870849609 86
1717430151557 5.372057914733887 87
1717430152569 7.2101335525512695 88
1717430153571 8.29661750793457 89
1717430154583 3.4627907276153564 90
1717430157502 3.4219260215759277 91
1717430158464 6.674069881439209 92
