1717355129363 0.7123232483863831 1
1717355129438 0.6991614103317261 2
1717355129500 0.6971430778503418 3
1717355129569 0.7009336352348328 4
1717355129662 0.7063264846801758 5
1717355129756 0.706434428691864 6
1717355129823 0.6956047415733337 7
1717355129866 0.694995105266571 8
1717355129960 0.6939433217048645 9
1717355130038 0.698074996471405 10
1717355133483 0.7002687454223633 11
1717355133546 0.7142331600189209 12
1717355133615 0.6935449242591858 13
1717355133711 0.6978000402450562 14
1717355133805 0.6979030966758728 15
1717355133899 0.699432909488678 16
1717355133977 0.705532968044281 17
1717355134071 0.6978182792663574 18
1717355134149 0.6943747401237488 19
1717355134211 0.6945570707321167 20
1717355137646 0.6950911283493042 21
1717355137729 0.6894962191581726 22
1717355137798 0.6949520707130432 23
1717355137894 0.6985795497894287 24
1717355138003 0.6945291757583618 25
1717355138113 0.6898357272148132 26
1717355138178 0.6905549764633179 27
1717355138312 0.6928306818008423 28
1717355138379 0.6980206966400146 29
1717355138479 0.6982147097587585 30
1717355138912 0.6968842148780823 31
1717355138968 0.6937408447265625 32
1717355139057 0.6944263577461243 33
1717355139130 0.695523202419281 34
1717355139223 0.690757155418396 35
1717355139288 0.6930618286132812 36
1717355139378 0.6907665729522705 37
1717355139478 0.6962670087814331 38
1717355139543 0.6938824653625488 39
1717355139639 0.6927645206451416 40
1717355143159 0.6930558085441589 41
1717355143225 0.6914775967597961 42
1717355143291 0.6936417818069458 43
1717355143375 0.7007735371589661 44
1717355143472 0.6920908093452454 45
1717355143583 0.6964587569236755 46
1717355143641 0.6997995376586914 47
1717355143708 0.6946315169334412 48
1717355143758 0.6943463683128357 49
1717355143823 0.6933687329292297 50
1717355144274 0.6939774751663208 51
1717355144338 0.6964501738548279 52
1717355144427 0.6913147568702698 53
1717355144515 0.6883466839790344 54
1717355144624 0.6982172131538391 55
1717355144691 0.69756680727005 56
1717355144786 0.6951308250427246 57
1717355144864 0.6926034092903137 58
1717355144958 0.6955079436302185 59
1717355145074 0.6949724555015564 60
1717355148503 0.6944164633750916 61
1717355148600 0.6930341124534607 62
1717355148653 0.6902250051498413 63
1717355148720 0.7000885009765625 64
1717355148803 0.6995466947555542 65
1717355148912 0.6945090889930725 66
1717355148987 0.6931552886962891 67
1717355149069 0.6962610483169556 68
1717355149136 0.696778416633606 69
1717355149202 0.6938782334327698 70
1717355149684 0.6942737698554993 71
1717355149752 0.6906243562698364 72
1717355149854 0.6910491585731506 73
1717355149966 0.6942930817604065 74
1717355150058 0.7098515033721924 75
1717355150165 0.7109261751174927 76
1717355150264 0.6943640112876892 77
1717355150360 0.6971197128295898 78
1717355150424 0.6956285238265991 79
1717355150486 0.698396623134613 80
1717355150969 0.6952895522117615 81
1717355151036 0.6933611035346985 82
1717355151122 0.688186764717102 83
1717355151184 0.6946715116500854 84
1717355151235 0.6994776129722595 85
1717355151302 0.6950339078903198 86
1717355151401 0.6961832046508789 87
1717355151469 0.693539023399353 88
1717355151552 0.694255530834198 89
1717355151634 0.6948171257972717 90
1717355152151 0.6922417283058167 91
1717355152218 0.6933301687240601 92
1717355152317 0.6942073702812195 93
1717355152384 0.69855797290802 94
1717355152468 0.6956260800361633 95
1717355152534 0.6900620460510254 96
1717355152601 0.6953831911087036 97
1717355152664 0.694023072719574 98
1717355152743 0.6959101557731628 99
1717355152837 0.6977027058601379 100
1717355153300 0.6936358213424683 101
1717355153367 0.6958576440811157 102
1717355153451 0.6946591138839722 103
1717355153544 0.6978397965431213 104
1717355153634 0.6986278295516968 105
1717355153732 0.6957111954689026 106
1717355153832 0.692950427532196 107
1717355153882 0.6968429088592529 108
1717355153950 0.6893251538276672 109
1717355154048 0.6986907720565796 110
1717355154527 0.6918689608573914 111
1717355154636 0.6947659850120544 112
1717355154745 0.6934911608695984 113
1717355154807 0.6970130205154419 114
1717355154917 0.6970445513725281 115
1717355154979 0.6906644701957703 116
1717355155042 0.6929633021354675 117
1717355155104 0.69346022605896 118
1717355155180 0.6927891373634338 119
1717355155294 0.6918245553970337 120
1717355155769 0.6966447234153748 121
1717355155847 0.6962893009185791 122
1717355155913 0.6917704939842224 123
1717355156011 0.6936281323432922 124
1717355156121 0.6924088001251221 125
1717355156183 0.6944026350975037 126
1717355156294 0.6932884454727173 127
1717355156387 0.695521891117096 128
1717355156497 0.6945194602012634 129
1717355156606 0.6897002458572388 130
1717355157098 0.6917541027069092 131
1717355157198 0.6936533451080322 132
1717355157293 0.7065050601959229 133
1717355157403 0.7002489566802979 134
1717355157466 0.6928982734680176 135
1717355157575 0.6982248425483704 136
1717355157669 0.6998360753059387 137
1717355157778 0.7090433239936829 138
1717355157872 0.6912668943405151 139
1717355157966 0.691981852054596 140
1717355158512 0.6927949786186218 141
1717355158614 0.6967713832855225 142
1717355158723 0.7087956070899963 143
1717355158833 0.689645528793335 144
1717355158925 0.693812906742096 145
1717355159035 0.6969690322875977 146
1717355159136 0.6943694353103638 147
1717355159196 0.6919571757316589 148
1717355159278 0.6949102282524109 149
1717355159362 0.6927348971366882 150
1717355162891 0.693935215473175 151
1717355162954 0.6940284371376038 152
1717355163017 0.69284987449646 153
1717355163075 0.6911435127258301 154
1717355163185 0.701968252658844 155
1717355163251 0.6984848976135254 156
1717355163352 0.6982999444007874 157
1717355163449 0.6950507760047913 158
1717355163513 0.7038519382476807 159
1717355163602 0.690432071685791 160
1717355164109 0.6974168419837952 161
1717355164209 0.6945471167564392 162
1717355164273 0.6969794631004333 163
1717355164351 0.694597601890564 164
1717355164445 0.6927046775817871 165
1717355164507 0.6952451467514038 166
1717355164570 0.6933298110961914 167
1717355164648 0.6939035654067993 168
1717355164758 0.6916540861129761 169
1717355164867 0.6940099596977234 170
1717355165291 0.6979259848594666 171
1717355165324 0.6938862204551697 172
1717355165358 0.6930822730064392 173
1717355165391 0.6931101679801941 174
1717355165424 0.692517101764679 175
1717355165473 0.6896312832832336 176
1717355165524 0.6956872344017029 177
1717355165592 0.6938665509223938 178
1717355165640 0.6954452991485596 179
1717355165673 0.6930059790611267 180
1717355166129 0.6955496668815613 181
1717355166191 0.6951790452003479 182
1717355166216 0.6981651782989502 183
1717355166240 0.6946741342544556 184
1717355166320 0.6905515789985657 185
1717355166390 0.6931598782539368 186
1717355166440 0.6994054913520813 187
1717355166495 0.6935486197471619 188
1717355166552 0.6936326622962952 189
1717355166637 0.6922965049743652 190
1717355167056 0.6919763684272766 191
1717355167104 0.6957964301109314 192
1717355167175 0.6914406418800354 193
1717355167207 0.6941297054290771 194
1717355167256 0.6943845152854919 195
1717355167323 0.69426429271698 196
1717355167374 0.6927762627601624 197
1717355167408 0.6980762481689453 198
1717355167439 0.6997079849243164 199
1717355167472 0.6939606666564941 200
1717355167889 0.6926418542861938 201
1717355167989 0.6926411986351013 202
1717355168056 0.7055163383483887 203
1717355168169 0.7010136246681213 204
1717355168252 0.6956973075866699 205
1717355168330 0.6891204118728638 206
1717355168430 0.6896169185638428 207
1717355168536 0.6985963582992554 208
1717355168622 0.6947439908981323 209
1717355168720 0.6940844655036926 210
1717355169161 0.6926130056381226 211
1717355169255 0.7010070085525513 212
1717355169321 0.6994991302490234 213
1717355169421 0.6969783902168274 214
1717355169520 0.6937187910079956 215
1717355169586 0.6899999976158142 216
1717355169696 0.709657609462738 217
1717355169787 0.6986979842185974 218
1717355169853 0.6990096569061279 219
1717355169937 0.6950444579124451 220
1717355170408 0.699408769607544 221
1717355170500 0.7104525566101074 222
1717355170569 0.6928107142448425 223
1717355170679 0.6919815540313721 224
1717355170785 0.6997857093811035 225
1717355170887 0.7052384614944458 226
1717355170969 0.701433539390564 227
1717355171036 0.6915334463119507 228
1717355171102 0.694101095199585 229
1717355171197 0.7031680345535278 230
1717355171942 0.6993204951286316 231
1717355172020 0.6910943984985352 232
1717355172078 0.692476749420166 233
1717355172163 0.6972105503082275 234
1717355172250 0.6930447816848755 235
1717355172360 0.6950406432151794 236
1717355172468 0.6923715472221375 237
1717355172551 0.6977427005767822 238
1717355172633 0.6902093887329102 239
1717355172732 0.6951311826705933 240
1717355173205 0.6920846700668335 241
1717355173265 0.6930063366889954 242
1717355173368 0.6904560923576355 243
1717355173466 0.6938812136650085 244
1717355173575 0.6983357667922974 245
1717355173685 0.6971485018730164 246
1717355173794 0.6944374442100525 247
1717355173856 0.693314790725708 248
1717355173919 0.6950299143791199 249
1717355174013 0.6968382596969604 250
1717355174483 0.6958937644958496 251
1717355174533 0.6953520178794861 252
1717355174599 0.6916677951812744 253
1717355174665 0.7000303268432617 254
1717355174775 0.6895015239715576 255
1717355174884 0.6923639178276062 256
1717355174982 0.6949666142463684 257
1717355175050 0.7019365429878235 258
1717355175133 0.699109673500061 259
1717355175231 0.6962779760360718 260
1717355175717 0.6938841938972473 261
1717355175831 0.6938813924789429 262
1717355175914 0.6925874352455139 263
1717355176007 0.6905789375305176 264
1717355176101 0.6945775151252747 265
1717355176198 0.6945284008979797 266
1717355176282 0.6973003149032593 267
1717355176363 0.6949080228805542 268
1717355176465 0.6991690993309021 269
1717355176531 0.6893315315246582 270
1717355176986 0.7069169282913208 271
1717355177046 0.6932656168937683 272
1717355177129 0.6923383474349976 273
1717355177180 0.6936178803443909 274
1717355177295 0.7023864984512329 275
1717355177394 0.6906313300132751 276
1717355177488 0.694771945476532 277
1717355177598 0.6981284618377686 278
1717355177660 0.6953170895576477 279
1717355177769 0.6940709948539734 280
1717355178245 0.6940093040466309 281
1717355178308 0.7012228965759277 282
1717355178370 0.6925055980682373 283
1717355178446 0.6991257071495056 284
1717355178509 0.6937332153320312 285
1717355178571 0.6914659142494202 286
1717355178665 0.6914286613464355 287
1717355178746 0.6962519884109497 288
1717355178846 0.6876723170280457 289
1717355178897 0.6932145953178406 290
1717355179346 0.6950169801712036 291
1717355179461 0.695730984210968 292
1717355179545 0.6914343237876892 293
1717355179624 0.691332221031189 294
1717355179723 0.6964689493179321 295
1717355179787 0.6971592903137207 296
1717355179879 0.6987372636795044 297
1717355179979 0.6930276155471802 298
1717355180029 0.6952228546142578 299
1717355180079 0.692990779876709 300
1717355180520 0.6951836943626404 301
1717355180611 0.6924368739128113 302
1717355180663 0.6933176517486572 303
1717355180744 0.6911457180976868 304
1717355180845 0.6912953853607178 305
1717355180928 0.7035102248191833 306
1717355180996 0.6930711269378662 307
1717355181060 0.6925744414329529 308
1717355181151 0.6915994882583618 309
1717355181246 0.6952810287475586 310
1717355181729 0.692717432975769 311
1717355181828 0.6932456493377686 312
1717355181884 0.6942141056060791 313
1717355181986 0.692449152469635 314
1717355182065 0.6943404674530029 315
1717355182158 0.6954213976860046 316
1717355182231 0.6947928667068481 317
1717355182327 0.696089506149292 318
1717355182424 0.693513810634613 319
1717355182477 0.6958720088005066 320
1717355182955 0.6993837356567383 321
1717355183065 0.6921256184577942 322
1717355183126 0.6933478116989136 323
1717355183200 0.694456934928894 324
1717355183257 0.6935960054397583 325
1717355183359 0.6953450441360474 326
1717355183426 0.6920763254165649 327
1717355183525 0.6979450583457947 328
1717355183592 0.6934427618980408 329
1717355183656 0.6963975429534912 330
1717355184107 0.6935469508171082 331
1717355184184 0.6952252388000488 332
1717355184243 0.6924951076507568 333
1717355184326 0.6955428123474121 334
1717355184437 0.6921952366828918 335
1717355184523 0.6936553716659546 336
1717355184590 0.6925949454307556 337
1717355184639 0.6898431777954102 338
1717355184749 0.6970401406288147 339
1717355184841 0.6951614618301392 340
1717355185291 0.6946399211883545 341
1717355185374 0.6958852410316467 342
1717355185457 0.6968135833740234 343
1717355185557 0.693360447883606 344
1717355185640 0.6895469427108765 345
1717355185737 0.7025994658470154 346
1717355185792 0.6974861025810242 347
1717355185857 0.6937291622161865 348
1717355185911 0.6993705630302429 349
1717355185975 0.696121871471405 350
1717355186402 0.6998950839042664 351
1717355186505 0.6976204514503479 352
1717355186607 0.6987564563751221 353
1717355186689 0.7003931403160095 354
1717355186782 0.697800874710083 355
1717355186885 0.6984182596206665 356
1717355186972 0.6959812641143799 357
1717355187039 0.7008726000785828 358
1717355187156 0.7049421668052673 359
1717355187251 0.7108510136604309 360
1717355187713 0.6953750848770142 361
1717355187807 0.6955673098564148 362
1717355187872 0.7042527794837952 363
1717355187955 0.7017812728881836 364
1717355188018 0.6964784264564514 365
1717355188089 0.696490466594696 366
1717355188182 0.6950747966766357 367
1717355188269 0.6925075650215149 368
1717355188371 0.6973262429237366 369
1717355188471 0.6927280426025391 370
1717355188888 0.6994714140892029 371
1717355188988 0.6969701647758484 372
1717355189076 0.6961937546730042 373
1717355189184 0.6991452574729919 374
1717355189269 0.7032058238983154 375
1717355189371 0.7038511633872986 376
1717355189444 0.6950311064720154 377
1717355189502 0.6985973119735718 378
1717355189602 0.698115348815918 379
1717355189704 0.6985276937484741 380
1717355190386 0.7004390358924866 381
1717355190486 0.691882312297821 382
1717355190538 0.6959903836250305 383
1717355190637 0.6986007690429688 384
1717355190702 0.6961560249328613 385
1717355190769 0.6941015720367432 386
1717355190861 0.702229380607605 387
1717355190919 0.6971242427825928 388
1717355190984 0.6917555332183838 389
1717355191034 0.6952599883079529 390
1717355191500 0.6919723153114319 391
1717355191602 0.6922821402549744 392
1717355191674 0.6987258195877075 393
1717355191735 0.6950963735580444 394
1717355191819 0.6923742294311523 395
1717355191916 0.7050727605819702 396
1717355192016 0.697645366191864 397
1717355192110 0.6936189532279968 398
1717355192204 0.6970081925392151 399
1717355192284 0.7003392577171326 400
1717355192734 0.6923162341117859 401
1717355192818 0.6902026534080505 402
1717355192920 0.6940324902534485 403
1717355193018 0.6918444037437439 404
1717355193098 0.7026896476745605 405
1717355193184 0.7005608677864075 406
1717355193250 0.6970945596694946 407
1717355193316 0.692923903465271 408
1717355193416 0.7123430371284485 409
1717355193517 0.6878538131713867 410
1717355194002 0.7011916637420654 411
1717355194065 0.6924824714660645 412
1717355194200 0.6940953135490417 413
1717355194265 0.6951125264167786 414
1717355194351 0.6922414898872375 415
1717355194416 0.6902182698249817 416
1717355194501 0.6929445862770081 417
1717355194584 0.6940958499908447 418
1717355194682 0.6942563056945801 419
1717355194760 0.6923730373382568 420
1717355195181 0.6930860280990601 421
1717355195249 0.6946092247962952 422
1717355195315 0.6917049884796143 423
1717355195381 0.6927387118339539 424
1717355195432 0.6932185292243958 425
1717355195480 0.693173885345459 426
1717355195549 0.6913431286811829 427
1717355195647 0.6926072239875793 428
1717355195710 0.6919233798980713 429
1717355195804 0.6924667358398438 430
1717355196280 0.6920337677001953 431
1717355196382 0.6933810710906982 432
1717355196456 0.7004266381263733 433
1717355196518 0.6993681788444519 434
1717355196612 0.6911525726318359 435
1717355196665 0.6918346881866455 436
1717355196774 0.6928352117538452 437
1717355196831 0.6975330710411072 438
1717355196929 0.6967645287513733 439
1717355197012 0.6937350034713745 440
1717355197447 0.6941290497779846 441
1717355197513 0.694718599319458 442
1717355197594 0.696997880935669 443
1717355197678 0.6933830976486206 444
1717355197747 0.7004225254058838 445
1717355197862 0.6927034258842468 446
1717355197924 0.6922686100006104 447
1717355198012 0.7000554800033569 448
1717355198080 0.7038096785545349 449
1717355198143 0.6965264081954956 450
1717355198610 0.6909143328666687 451
1717355198717 0.6934746503829956 452
1717355198848 0.6995587944984436 453
1717355198910 0.6897363066673279 454
1717355198988 0.7161734104156494 455
1717355199067 0.6981409192085266 456
1717355199146 0.6978582143783569 457
1717355199229 0.6931897401809692 458
1717355199329 0.7053334712982178 459
1717355199412 0.7039490342140198 460
1717355199872 0.6984187364578247 461
1717355199935 0.6936988234519958 462
1717355199997 0.6948869228363037 463
1717355200098 0.6951080560684204 464
1717355200157 0.6996971368789673 465
1717355200273 0.7003306746482849 466
1717355200324 0.6979256868362427 467
1717355200413 0.6929203867912292 468
1717355200496 0.6918427348136902 469
1717355200563 0.7015635967254639 470
1717355201012 0.7019474506378174 471
1717355201092 0.6944714188575745 472
1717355201204 0.692661702632904 473
1717355201292 0.7019957304000854 474
1717355201355 0.6995152831077576 475
1717355201445 0.694798469543457 476
1717355201520 0.6901514530181885 477
1717355201627 0.6936166882514954 478
1717355201692 0.6949337124824524 479
1717355201757 0.6853819489479065 480
1717355202245 0.702326238155365 481
1717355202327 0.6995214819908142 482
1717355202426 0.6946624517440796 483
1717355202477 0.6921825408935547 484
1717355202544 0.6957229971885681 485
1717355202627 0.6901444792747498 486
1717355202725 0.7005279660224915 487
1717355202804 0.698512613773346 488
1717355202898 0.6932573318481445 489
1717355202960 0.6908862590789795 490
1717355203445 0.6899223923683167 491
1717355203508 0.6938402056694031 492
1717355203599 0.6965203285217285 493
1717355203690 0.699775755405426 494
1717355203753 0.6936400532722473 495
1717355203824 0.69533371925354 496
1717355203926 0.6940277814865112 497
1717355204024 0.6949526071548462 498
1717355204109 0.6938687562942505 499
1717355204176 0.6959348320960999 500
1717355204658 0.6919922828674316 501
1717355204736 0.6939757466316223 502
1717355204825 0.6939924359321594 503
1717355204905 0.6893537044525146 504
1717355205007 0.6961331963539124 505
1717355205085 0.6943325400352478 506
1717355205179 0.7013221979141235 507
1717355205272 0.6952630281448364 508
1717355205335 0.6972219944000244 509
1717355205397 0.6942315697669983 510
1717355205854 0.6944980621337891 511
1717355205954 0.696999728679657 512
1717355206054 0.700808048248291 513
1717355206135 0.6908004283905029 514
1717355206224 0.6913568377494812 515
1717355206302 0.6933343410491943 516
1717355206412 0.6903830170631409 517
1717355206474 0.6908360719680786 518
1717355206537 0.7005869746208191 519
1717355206646 0.6923778057098389 520
1717355207125 0.6923915147781372 521
1717355207239 0.6960960626602173 522
1717355207321 0.695282518863678 523
1717355207384 0.694442629814148 524
1717355207488 0.6921002864837646 525
1717355207588 0.6931152939796448 526
1717355207681 0.6963362097740173 527
1717355207791 0.6992579102516174 528
1717355207885 0.6941996812820435 529
1717355207947 0.6913307309150696 530
1717355208420 0.6936606168746948 531
1717355208519 0.702284038066864 532
1717355208589 0.69896399974823 533
1717355208684 0.6970455646514893 534
1717355208778 0.6944068074226379 535
1717355208871 0.6924876570701599 536
1717355208981 0.704563319683075 537
1717355209071 0.7023909687995911 538
1717355209138 0.6965900659561157 539
1717355209188 0.6926212906837463 540
1717355209622 0.694197416305542 541
1717355209705 0.695679247379303 542
1717355209788 0.7040060758590698 543
1717355209905 0.6983084678649902 544
1717355209988 0.6929787993431091 545
1717355210099 0.6897403001785278 546
1717355210199 0.6988889575004578 547
1717355210288 0.7088695168495178 548
1717355210371 0.7035187482833862 549
1717355210466 0.6959536075592041 550
1717355210947 0.6935881972312927 551
1717355211004 0.6954247355461121 552
1717355211087 0.69916170835495 553
1717355211153 0.6973714232444763 554
1717355211250 0.6942390203475952 555
1717355211328 0.6917535066604614 556
1717355211422 0.6914811730384827 557
1717355211484 0.6884859204292297 558
1717355211585 0.6940736770629883 559
1717355211653 0.6980340480804443 560
1717355212130 0.6907811760902405 561
1717355212210 0.6953147649765015 562
1717355212303 0.6949855089187622 563
1717355212399 0.6928795576095581 564
1717355212451 0.6942845582962036 565
1717355212551 0.6938733458518982 566
1717355212652 0.6927434206008911 567
1717355212734 0.7069308757781982 568
1717355212816 0.6921521425247192 569
1717355212918 0.6930283308029175 570
