1717509788663 0.8606608510017395 1
1717509788764 0.8685148358345032 2
1717509789015 0.8654481172561646 3
1717509789116 0.8447383046150208 4
1717509789218 0.8623703122138977 5
1717509789320 0.8271666765213013 6
1717509789422 0.8933400511741638 7
1717509789527 0.8533493280410767 8
1717509789629 0.8601938486099243 9
1717509789716 0.8365088701248169 10
1717509794043 0.8298923969268799 11
1717509794124 0.8501129150390625 12
1717509794198 0.8398463726043701 13
1717509794284 0.8320872187614441 14
1717509794366 0.8308609127998352 15
1717509794450 0.8390571475028992 16
1717509794538 0.8298066258430481 17
1717509794779 0.8127530217170715 18
1717509794850 0.8100274205207825 19
1717509794949 0.8321358561515808 20
1717509795241 0.826888382434845 21
1717509795327 0.8233117461204529 22
1717509795408 0.8050513863563538 23
1717509795497 0.822698712348938 24
1717509795579 0.8188803195953369 25
1717509795669 0.7910336256027222 26
1717509795754 0.8172230124473572 27
1717509795843 0.7997745871543884 28
1717509795929 0.7970455884933472 29
1717509796021 0.7775371074676514 30
1717509796512 0.8024446368217468 31
1717509796620 0.7733632326126099 32
1717509796722 0.7942020893096924 33
1717509796810 0.7869296073913574 34
1717509796900 0.79511958360672 35
1717509797017 0.7816500067710876 36
1717509797122 0.8001905679702759 37
1717509797231 0.7907152771949768 38
1717509797334 0.7885867357254028 39
1717509797439 0.7692014575004578 40
1717509797970 0.7780260443687439 41
1717509798068 0.7717575430870056 42
1717509798169 0.7718509435653687 43
1717509798272 0.7732166051864624 44
1717509798375 0.7810394763946533 45
1717509798481 0.7726970911026001 46
1717509798589 0.7790560722351074 47
1717509798691 0.7524148225784302 48
1717509798799 0.7628852128982544 49
1717509798902 0.7731342315673828 50
1717509799225 0.7613051533699036 51
1717509799329 0.7647200226783752 52
1717509799581 0.759451150894165 53
1717509799666 0.759568452835083 54
1717509799766 0.745434582233429 55
1717509799869 0.7624002695083618 56
1717509799972 0.7621894478797913 57
1717509800073 0.7487090826034546 58
1717509800172 0.7508595585823059 59
1717509800275 0.7587670683860779 60
1717509800639 0.7443574070930481 61
1717509800742 0.7583655118942261 62
1717509800844 0.7429137229919434 63
1717509800934 0.7402240037918091 64
1717509801036 0.7412555813789368 65
1717509801142 0.7518397569656372 66
1717509801252 0.7406778931617737 67
1717509801361 0.7492499351501465 68
1717509801614 0.7430946826934814 69
1717509801697 0.7397984862327576 70
1717509801994 0.736811637878418 71
1717509802095 0.7445393800735474 72
1717509802198 0.7365195155143738 73
1717509802303 0.7459589242935181 74
1717509802417 0.7294357419013977 75
1717509802525 0.7401145100593567 76
1717509802637 0.7377212047576904 77
1717509802739 0.7324662208557129 78
1717509802828 0.7228492498397827 79
1717509802932 0.7231782078742981 80
1717509803470 0.7208820581436157 81
1717509803570 0.7266032695770264 82
1717509803659 0.7264435291290283 83
1717509803761 0.7311410903930664 84
1717509803853 0.7225915789604187 85
1717509803937 0.7276148200035095 86
1717509804039 0.7262235283851624 87
1717509804128 0.7316393852233887 88
1717509804231 0.7296270132064819 89
1717509804333 0.7184414863586426 90
1717509804873 0.7266550660133362 91
1717509804967 0.7157557606697083 92
1717509805063 0.7168448567390442 93
1717509805169 0.7241971492767334 94
1717509805271 0.7198141813278198 95
1717509805363 0.7222328782081604 96
1717509805466 0.7174286246299744 97
1717509805581 0.7162410616874695 98
1717509805695 0.7174059152603149 99
1717509805802 0.713347852230072 100
