1717600515708 0.6943079233169556 1
1717600516381 0.6993364095687866 2
1717600517072 0.6953182816505432 3
1717600517816 0.6941595077514648 4
1717600518457 0.6944912075996399 5
1717600519196 0.6925221085548401 6
1717600519971 0.6908317804336548 7
1717600520753 0.6947400569915771 8
1717600521461 0.6963353157043457 9
1717600522204 0.691498875617981 10
1717600533532 0.6844495534896851 11
1717600534241 0.6980943083763123 12
1717600534957 0.69825679063797 13
1717600535662 0.6984558701515198 14
1717600536412 0.6962306499481201 15
1717600537098 0.6907753348350525 16
1717600537770 0.6956097483634949 17
1717600538364 0.6970580220222473 18
1717600539006 0.6988400220870972 19
1717600539631 0.6928431987762451 20
1717600546328 0.6922510862350464 21
1717600546968 0.6909860372543335 22
1717600547602 0.6929906606674194 23
1717600548232 0.6925235390663147 24
1717600548885 0.6934390068054199 25
1717600549509 0.6934295892715454 26
1717600550137 0.6922124624252319 27
1717600550795 0.6944237351417542 28
1717600551445 0.6924167275428772 29
1717600552088 0.6899267435073853 30
1717600558816 0.6933197379112244 31
1717600559459 0.6951794028282166 32
1717600560096 0.6951119303703308 33
1717600560736 0.6967335343360901 34
1717600561395 0.6918861865997314 35
1717600562032 0.6952416300773621 36
1717600562687 0.6991291642189026 37
1717600563349 0.6992794871330261 38
1717600564015 0.6960767507553101 39
1717600564686 0.6913405060768127 40
1717600571393 0.6926928758621216 41
1717600572071 0.6948522329330444 42
1717600572743 0.6933766603469849 43
1717600573420 0.6944117546081543 44
1717600574085 0.6927091479301453 45
1717600574741 0.6937063336372375 46
1717600575424 0.6926089525222778 47
1717600576085 0.6923784017562866 48
1717600576755 0.692803144454956 49
1717600577423 0.6903303265571594 50
1717600588575 0.692406415939331 51
1717600589246 0.6896873116493225 52
1717600589916 0.6895503401756287 53
1717600590588 0.6943027973175049 54
1717600591277 0.6944400072097778 55
1717600591946 0.6998252868652344 56
1717600592620 0.6939104795455933 57
1717600593290 0.6917545795440674 58
1717600593975 0.6942760944366455 59
1717600594663 0.6931636333465576 60
1717600601429 0.6877683401107788 61
1717600602111 0.6973879933357239 62
1717600602797 0.6967629194259644 63
1717600603485 0.6920365691184998 64
1717600604157 0.6940493583679199 65
1717600604858 0.6908264756202698 66
1717600605554 0.6953645348548889 67
1717600606233 0.6944316029548645 68
1717600606919 0.6944358348846436 69
1717600607618 0.6908342242240906 70
1717600614368 0.691971480846405 71
1717600615054 0.6967928409576416 72
1717600615756 0.6896170973777771 73
1717600616475 0.6938141584396362 74
1717600617162 0.6937078237533569 75
1717600617865 0.6914268136024475 76
1717600618568 0.6945043802261353 77
1717600619255 0.6921619772911072 78
1717600619962 0.6941694021224976 79
1717600620659 0.6931127905845642 80
1717600631837 0.6915557384490967 81
1717600632538 0.6929410696029663 82
1717600633243 0.6954522728919983 83
1717600633927 0.6878461837768555 84
1717600634635 0.6943376660346985 85
1717600635320 0.6906282901763916 86
1717600636021 0.6935438513755798 87
1717600636708 0.6981817483901978 88
1717600637412 0.6906542778015137 89
1717600638085 0.6906424164772034 90
1717600644827 0.6922020316123962 91
1717600645516 0.6979565024375916 92
1717600646195 0.6953523755073547 93
1717600646888 0.6906762719154358 94
1717600647560 0.696132481098175 95
1717600648258 0.6945382952690125 96
1717600648949 0.6892877817153931 97
1717600649652 0.696469247341156 98
1717600650336 0.6932905316352844 99
1717600651026 0.6919613480567932 100
1717600657819 0.6895687580108643 101
1717600658494 0.6941236853599548 102
1717600659192 0.6984025835990906 103
1717600659894 0.693693220615387 104
1717600660579 0.6979413032531738 105
1717600661284 0.6902567148208618 106
1717600661955 0.6876402497291565 107
1717600662642 0.6823304295539856 108
1717600663330 0.6911531090736389 109
1717600663985 0.685767650604248 110
1717600670698 0.6886931657791138 111
1717600671331 0.7055211067199707 112
1717600671948 0.6882559657096863 113
1717600672575 0.6960285902023315 114
1717600673181 0.7091720104217529 115
1717600673837 0.7097880840301514 116
1717600674493 0.682477593421936 117
1717600675163 0.6816576719284058 118
1717600675819 0.6859613060951233 119
1717600676507 0.6977067589759827 120
1717600683293 0.6980290412902832 121
1717600683970 0.6876922845840454 122
1717600684656 0.6828898191452026 123
1717600685331 0.6969001293182373 124
1717600686015 0.6861079335212708 125
1717600686693 0.6930902600288391 126
1717600687364 0.6890339255332947 127
1717600688030 0.6988522410392761 128
1717600688704 0.6972715258598328 129
1717600689408 0.689470112323761 130
1717600700548 0.6912428736686707 131
1717600701231 0.697517454624176 132
1717600701908 0.6920849680900574 133
1717600702580 0.6943880319595337 134
1717600703262 0.693814218044281 135
1717600703955 0.6930461525917053 136
1717600704656 0.692188560962677 137
1717600705355 0.6949595808982849 138
1717600706047 0.6977891325950623 139
1717600706749 0.6949615478515625 140
1717600717881 0.6934096813201904 141
1717600718585 0.6931342482566833 142
1717600719273 0.686195433139801 143
1717600719958 0.698922336101532 144
1717600720675 0.6890896558761597 145
1717600721397 0.6926825642585754 146
1717600722096 0.6924588084220886 147
1717600722814 0.6912388205528259 148
1717600723508 0.6939161419868469 149
1717600724220 0.6959569454193115 150
1717600735423 0.6923114061355591 151
1717600736132 0.6946962475776672 152
1717600736851 0.6962446570396423 153
1717600737563 0.6872522830963135 154
1717600738286 0.6961918473243713 155
1717600738975 0.6948356628417969 156
1717600739691 0.6908913254737854 157
1717600740395 0.6911948323249817 158
1717600741093 0.694017231464386 159
1717600741800 0.6966996788978577 160
1717600748555 0.6900221109390259 161
1717600749247 0.6907819509506226 162
1717600749950 0.6932330131530762 163
1717600750636 0.6854230165481567 164
1717600751310 0.6902996897697449 165
1717600751995 0.6932586431503296 166
1717600752682 0.6911423206329346 167
1717600753358 0.6894475817680359 168
1717600754024 0.6831496357917786 169
1717600754712 0.6929315328598022 170
1717600761468 0.6909906268119812 171
1717600762176 0.6955546736717224 172
1717600762987 0.6871120929718018 173
1717600763845 0.6929664015769958 174
1717600764782 0.6952842473983765 175
1717600765640 0.697274386882782 176
1717600766640 0.6923725008964539 177
1717600767612 0.6994267702102661 178
1717600768638 0.6940075755119324 179
1717600769762 0.6900948882102966 180
1717600781317 0.6916009783744812 181
1717600782397 0.6935492753982544 182
1717600783614 0.689933180809021 183
1717600784845 0.6929507851600647 184
1717600785941 0.685952365398407 185
1717600787245 0.6844722628593445 186
1717600788379 0.6960516571998596 187
1717600789621 0.6827127933502197 188
1717600790762 0.7143345475196838 189
1717600791995 0.6828249096870422 190
1717600799287 0.67606520652771 191
1717600800446 0.6865665912628174 192
1717600801600 0.690355122089386 193
1717600802862 0.688675582408905 194
1717600804150 0.6944827437400818 195
1717600805377 0.7001333832740784 196
1717600806587 0.6796853542327881 197
1717600807749 0.6959156394004822 198
1717600809014 0.6860199570655823 199
1717600810142 0.6942598819732666 200
1717600821910 0.6748420596122742 201
1717600823160 0.677362322807312 202
1717600824237 0.669739305973053 203
1717600825298 0.6932827830314636 204
1717600826110 0.6987556219100952 205
1717600826937 0.6686862707138062 206
1717600827484 0.7146962881088257 207
1717600828249 0.6559345722198486 208
1717600829170 0.6654972434043884 209
1717600830044 0.6786947250366211 210
1717600836991 0.6831806302070618 211
1717600837930 0.7140817046165466 212
1717600838896 0.7060831189155579 213
1717600839975 0.6676725149154663 214
1717600841068 0.6793927550315857 215
1717600842177 0.7096022963523865 216
1717600843270 0.7041649222373962 217
1717600844642 0.683754026889801 218
1717600846002 0.6700974702835083 219
1717600847407 0.6971577405929565 220
1717600859103 0.7048564553260803 221
1717600860491 0.6838313341140747 222
1717600861801 0.6922330856323242 223
1717600863258 0.6879147291183472 224
1717600864614 0.6909042596817017 225
1717600865860 0.6830330491065979 226
1717600867101 0.6877633929252625 227
1717600868469 0.7011683583259583 228
1717600869570 0.6895161271095276 229
1717600870731 0.682011067867279 230
1717600882504 0.6983838081359863 231
1717600883675 0.699676513671875 232
1717600884879 0.6885048151016235 233
1717600885876 0.680601954460144 234
1717600887064 0.6789480447769165 235
1717600888062 0.6735749840736389 236
1717600889235 0.663998544216156 237
1717600890295 0.6951756477355957 238
1717600891414 0.6951773762702942 239
1717600892418 0.6851236820220947 240
1717600903799 0.6918707489967346 241
1717600904768 0.698652982711792 242
1717600905799 0.67702716588974 243
1717600906844 0.6886845231056213 244
1717600907938 0.6713802218437195 245
1717600908983 0.6797687411308289 246
1717600910024 0.6940515637397766 247
1717600911013 0.7021104693412781 248
1717600912106 0.6786282658576965 249
1717600913199 0.6827917695045471 250
1717600924799 0.6515341401100159 251
1717600925877 0.6953829526901245 252
1717600926923 0.6781437993049622 253
1717600927859 0.6793644428253174 254
1717600928844 0.6916219592094421 255
1717600929827 0.699604868888855 256
1717600930685 0.6547979116439819 257
1717600931233 0.6647785902023315 258
1717600931857 0.6526966691017151 259
1717600932404 0.6281731128692627 260
1717600943469 0.6807616353034973 261
1717600944023 0.6624877452850342 262
1717600944768 0.6585162281990051 263
1717600945534 0.6809819936752319 264
1717600946475 0.6663548946380615 265
1717600947361 0.6575695276260376 266
1717600948381 0.6640742421150208 267
1717600949359 0.6413182616233826 268
1717600950380 0.6670250296592712 269
1717600951358 0.7119494676589966 270
1717600952254 0.6995754837989807 271
1717600953153 0.645724892616272 272
1717600953910 0.6610758900642395 273
1717600954411 0.6504608988761902 274
1717600954729 0.7497522830963135 275
1717600955183 0.6838793754577637 276
1717600961808 0.6606231331825256 277
1717600962423 0.6257930397987366 278
1717600963021 0.6320926547050476 279
1717600963660 0.641005277633667 280
1717600964360 0.6434205770492554 281
1717600964988 0.6574918031692505 282
1717600965658 0.6607930064201355 283
1717600966375 0.6487321853637695 284
1717600966986 0.6931489109992981 285
1717600967673 0.6412614583969116 286
1717600978727 0.6797322034835815 287
1717600979274 0.6601292490959167 288
1717600979914 0.6642236709594727 289
1717600980481 0.6657080054283142 290
1717600981115 0.6367115378379822 291
1717600981662 0.5930104851722717 292
1717600982197 0.6725732088088989 293
1717600982643 0.6460742354393005 294
1717600982974 0.6390677690505981 295
1717600983396 0.6666586995124817 296
1717600994295 0.6000696420669556 297
1717600994917 0.7258724570274353 298
1717600995464 0.6057670712471008 299
1717600996089 0.6802242398262024 300
1717600996699 0.6509072184562683 301
1717600997291 0.6822083592414856 302
1717600997822 0.6686650514602661 303
1717600998374 0.6085940599441528 304
1717600998961 0.6442177295684814 305
1717600999414 0.658009946346283 306
1717601010557 0.6729226112365723 307
1717601011045 0.6568201184272766 308
1717601011514 0.5910922288894653 309
1717601011967 0.69170081615448 310
1717601012460 0.6052459478378296 311
1717601012935 0.6821520924568176 312
1717601013513 0.658683180809021 313
1717601014153 0.6787533164024353 314
1717601014886 0.662561297416687 315
1717601015714 0.6964473128318787 316
1717601022645 0.6976064443588257 317
1717601023567 0.7067157626152039 318
1717601024490 0.6829861402511597 319
1717601025425 0.6865049600601196 320
1717601026362 0.6587284803390503 321
1717601027316 0.6745789051055908 322
1717601028284 0.6704666614532471 323
1717601029214 0.6658996939659119 324
1717601030140 0.6642233729362488 325
1717601031061 0.6727277040481567 326
1717601038025 0.670684278011322 327
1717601038950 0.6688586473464966 328
1717601039898 0.6579970121383667 329
1717601040780 0.655364990234375 330
1717601041677 0.6879372000694275 331
1717601042599 0.6428691744804382 332
1717601043420 0.6959496140480042 333
1717601044223 0.6662896871566772 334
1717601044998 0.6313040852546692 335
1717601045799 0.6033151745796204 336
1717601056917 0.6605942845344543 337
1717601057604 0.627705454826355 338
1717601058339 0.7050825953483582 339
1717601059010 0.6872313618659973 340
1717601059526 0.647523045539856 341
1717601059993 0.660873532295227 342
1717601060415 0.6283060908317566 343
1717601060758 0.6671228408813477 344
1717601061073 0.6284879446029663 345
1717601061307 0.7031978964805603 346
1717601069581 0.7199344038963318 347
1717601069745 0.6430022120475769 348
1717601070012 0.6254359483718872 349
1717601070359 0.661286473274231 350
1717601070771 0.6609631776809692 351
1717601071290 0.6770374178886414 352
1717601071895 0.619285523891449 353
1717601072929 0.6184961199760437 354
1717601113450 0.6678526997566223 355
1717601114071 0.6581538319587708 356
1717601118079 0.6285713315010071 357
1717601118901 0.643937885761261 358
1717601119620 0.6827547550201416 359
1717601120153 0.6866183280944824 360
1717601120618 0.6603929400444031 361
1717601120929 0.6501060724258423 362
1717601121186 0.6130175590515137 363
1717601121387 0.6384072303771973 364
1717601121587 0.7237411141395569 365
1717601121766 0.6342470049858093 366
1717601127581 0.6463900804519653 367
1717601127740 0.5833647847175598 368
1717601128008 0.5873885750770569 369
1717601128205 0.6927850842475891 370
1717601128440 0.6005980968475342 371
1717601128734 0.6352643370628357 372
1717601129092 0.5863021612167358 373
1717601129531 0.6874433755874634 374
1717601129955 0.59552001953125 375
1717601130311 0.6149094700813293 376
1717601141400 0.6375693678855896 377
1717601141648 0.6141944527626038 378
1717601141822 0.6689733862876892 379
1717601141935 0.6555324196815491 380
1717601142110 0.6492767930030823 381
1717601142273 0.5240280628204346 382
1717601142409 0.6444839239120483 383
1717601142565 0.7354986071586609 384
1717601142685 0.6466748118400574 385
1717601142846 0.6227961778640747 386
1717601148748 0.8150904178619385 387
1717601148936 0.7074640393257141 388
1717601149209 0.6867114901542664 389
1717601149679 0.6610934734344482 390
1717601150508 0.6712376475334167 391
1717601151608 0.6837520003318787 392
1717601152692 0.6963070631027222 393
1717601153624 0.670362114906311 394
1717601154688 0.6617016196250916 395
1717601155907 0.6702861785888672 396
1717601162792 0.6913743615150452 397
1717601163935 0.6862434148788452 398
1717601165114 0.6792226433753967 399
1717601166247 0.6499612331390381 400
1717601167581 0.6515129804611206 401
1717601168810 0.6662391424179077 402
1717601169996 0.6687978506088257 403
1717601171126 0.6371736526489258 404
1717601172352 0.66367506980896 405
1717601173391 0.6603931784629822 406
1717601179968 0.6625467538833618 407
1717601180901 0.6457785964012146 408
1717601181917 0.6470388770103455 409
1717601182917 0.6670758128166199 410
1717601184049 0.6309188008308411 411
1717601185114 0.6334942579269409 412
1717601186105 0.6481186151504517 413
1717601187381 0.6668283343315125 414
1717601188511 0.6758968830108643 415
1717601189566 0.650275468826294 416
1717601196073 0.6932352781295776 417
1717601197197 0.7095736265182495 418
1717601198302 0.6478801369667053 419
1717601199362 0.6521953344345093 420
1717601200468 0.6747322678565979 421
1717601201688 0.6142273545265198 422
1717601203005 0.6143977642059326 423
1717601204271 0.6597869992256165 424
1717601205570 0.6593595743179321 425
1717601206781 0.6580235362052917 426
1717601213539 0.6301256418228149 427
1717601214725 0.6210223436355591 428
1717601215773 0.6359162330627441 429
1717601216722 0.6346845626831055 430
1717601217948 0.6931228041648865 431
1717601219201 0.646740198135376 432
1717601220220 0.6485102772712708 433
1717601221382 0.6313066482543945 434
1717601222548 0.6788564324378967 435
1717601223656 0.6387954950332642 436
1717601230428 0.6323797106742859 437
1717601231543 0.6554828882217407 438
1717601232601 0.6134501695632935 439
1717601233703 0.6554772257804871 440
1717601234790 0.6366333961486816 441
1717601235559 0.63957679271698 442
1717601236168 0.648262619972229 443
1717601236634 0.6053165197372437 444
1717601237034 0.6527426242828369 445
1717601237336 0.6700882315635681 446
1717601243201 0.6648687124252319 447
1717601243512 0.6447121500968933 448
1717601243890 0.6383119225502014 449
1717601244257 0.552937388420105 450
1717601244610 0.6318890452384949 451
1717601245054 0.6103562116622925 452
1717601245557 0.6349836587905884 453
1717601245982 0.6139957904815674 454
1717601246446 0.649497389793396 455
1717601246973 0.5919643640518188 456
1717601257753 0.6636682748794556 457
1717601258177 0.6300769448280334 458
1717601258572 0.6188380718231201 459
1717601258888 0.6157054305076599 460
1717601259155 0.6225625872612 461
1717601259478 0.6252962946891785 462
1717601259783 0.6259782910346985 463
1717601260050 0.5907058119773865 464
1717601260253 0.6171228289604187 465
1717601260468 0.6082862615585327 466
1717601270762 0.626196026802063 467
1717601270966 0.6463420391082764 468
1717601271117 0.6599521040916443 469
1717601271276 0.6651039719581604 470
1717601271526 0.628479540348053 471
1717601271776 0.6756060719490051 472
1717601272135 0.6602045297622681 473
1717601272511 0.6277254223823547 474
1717601272870 0.6470656991004944 475
1717601273308 0.645294189453125 476
1717601279319 0.6538582444190979 477
1717601279564 0.6128336787223816 478
1717601279770 0.6238181591033936 479
1717601279986 0.6198737621307373 480
1717601280186 0.5979166030883789 481
1717601280357 0.6543704271316528 482
1717601280519 0.6120918989181519 483
1717601280669 0.5723695755004883 484
1717601280835 0.6894813179969788 485
1717601281006 0.6139651536941528 486
1717601291344 0.5874131917953491 487
1717601291519 0.6449772715568542 488
1717601291737 0.5400925874710083 489
1717601291924 0.6017102003097534 490
1717601292127 0.5915750861167908 491
1717601292330 0.5741432309150696 492
1717601292549 0.6500627398490906 493
1717601292752 0.5509753823280334 494
1717601292955 0.5531096458435059 495
1717601293127 0.593139111995697 496
1717601303681 0.5565903782844543 497
1717601303878 0.6706417202949524 498
1717601304081 0.6136517524719238 499
1717601304284 0.6818850040435791 500
1717601304471 0.6645587086677551 501
1717601304679 0.606856107711792 502
1717601304976 0.6352356672286987 503
1717601305242 0.6702675223350525 504
1717601305555 0.7119095921516418 505
1717601305946 0.5848954916000366 506
1717601312371 0.6813170313835144 507
1717601312815 0.6349151134490967 508
1717601313221 0.6676124930381775 509
1717601313673 0.670654833316803 510
1717601314064 0.6425790190696716 511
1717601314470 0.6073535084724426 512
1717601314876 0.647958517074585 513
1717601315251 0.5984947681427002 514
1717601315569 0.5597686171531677 515
1717601315865 0.5873252749443054 516
1717601322183 0.6114926338195801 517
1717601322371 0.6386536359786987 518
1717601322543 0.6759195327758789 519
1717601322712 0.6308739185333252 520
1717601322884 0.659104585647583 521
1717601323072 0.7001274824142456 522
1717601323259 0.6996756792068481 523
1717601323431 0.6365589499473572 524
1717601323589 0.576930820941925 525
1717601323806 0.585084855556488 526
1717601330113 0.5589193105697632 527
1717601330332 0.6181528568267822 528
1717601330583 0.6204215288162231 529
1717601330879 0.5810263156890869 530
1717601331176 0.6488497853279114 531
1717601331457 0.6224005222320557 532
1717601331831 0.6215628385543823 533
1717601332135 0.6353874802589417 534
1717601332511 0.5464892983436584 535
1717601332861 0.5782670378684998 536
1717601333190 0.6414070129394531 537
1717601333533 0.5762152671813965 538
1717601333751 0.5788193941116333 539
1717601333970 0.6171801686286926 540
1717601334198 0.6384140253067017 541
1717601334401 0.583281397819519 542
1717601340683 0.5596741437911987 543
1717601340894 0.6275203227996826 544
1717601341066 0.5584779977798462 545
1717601341238 0.6045504808425903 546
1717601341426 0.6633116006851196 547
1717601341598 0.533088743686676 548
1717601341792 0.6310471296310425 549
1717601341948 0.5884931683540344 550
1717601342120 0.6077211499214172 551
1717601342308 0.5913832783699036 552
1717601353113 0.595203697681427 553
1717601353301 0.5859828591346741 554
1717601353505 0.5763397216796875 555
1717601353673 0.6469990611076355 556
1717601353852 0.49846506118774414 557
1717601354039 0.5122615694999695 558
1717601354227 0.6213506460189819 559
1717601354416 0.5608510971069336 560
1717601354603 0.6293021440505981 561
1717601354798 0.4412660300731659 562
1717601365495 0.6181938648223877 563
1717601365650 0.4693233370780945 564
1717601365775 0.5728363394737244 565
1717601365927 0.617012083530426 566
1717601366052 0.518101155757904 567
1717601366239 0.5418448448181152 568
1717601366411 0.5505827069282532 569
1717601366568 0.5479282736778259 570
1717601366742 0.6534673571586609 571
1717601366882 0.5283836722373962 572
1717601372721 0.6449408531188965 573
1717601372872 0.5309875011444092 574
1717601373044 0.5480931997299194 575
1717601373241 0.507563054561615 576
1717601373403 0.5250884294509888 577
1717601373591 0.6575962901115417 578
1717601373751 0.5474059581756592 579
1717601373905 0.6003198623657227 580
1717601374065 0.5682997107505798 581
1717601374206 0.5993595719337463 582
1717601380471 0.6047065258026123 583
1717601380616 0.6158151626586914 584
1717601380777 0.5982065796852112 585
1717601380949 0.5603695511817932 586
1717601381136 0.6125884056091309 587
1717601381261 0.6388205885887146 588
1717601381449 0.5613551139831543 589
1717601381650 0.596891462802887 590
1717601381793 0.6255863904953003 591
1717601381975 0.5947262644767761 592
1717601388242 0.5219976305961609 593
1717601388423 0.5838791728019714 594
1717601388622 0.6100972890853882 595
1717601388789 0.5285634398460388 596
1717601388977 0.5952814221382141 597
1717601389164 0.5859894156455994 598
1717601389336 0.5283105969429016 599
1717601389508 0.5832034349441528 600
1717601389661 0.6202739477157593 601
1717601389817 0.5430123209953308 602
1717601396031 0.6283811330795288 603
1717601396205 0.5136668086051941 604
1717601396345 0.6118268370628357 605
1717601396533 0.5767908096313477 606
1717601396718 0.5368019938468933 607
1717601396906 0.6385557651519775 608
1717601397078 0.6332181096076965 609
1717601397265 0.5196220874786377 610
1717601397453 0.5827538371086121 611
1717601397615 0.5501546859741211 612
1717601408431 0.5502482056617737 613
1717601408562 0.5868210196495056 614
1717601408708 0.6255326271057129 615
1717601408896 0.5821107029914856 616
1717601409037 0.6410695314407349 617
1717601409209 0.641245424747467 618
1717601409396 0.5546777248382568 619
1717601409584 0.5879518389701843 620
1717601409755 0.5276904106140137 621
1717601409942 0.461121141910553 622
1717601420652 0.5585092902183533 623
1717601420799 0.5372903347015381 624
1717601420971 0.5722788572311401 625
1717601421159 0.4740900993347168 626
1717601421330 0.6031265258789062 627
1717601421518 0.49948927760124207 628
1717601421683 0.5298072099685669 629
1717601421855 0.49542272090911865 630
1717601422027 0.5826398730278015 631
1717601422168 0.508693516254425 632
1717601432846 0.5537344813346863 633
1717601433006 0.5273215770721436 634
1717601433177 0.565260112285614 635
1717601433365 0.5496528148651123 636
1717601433552 0.506401002407074 637
1717601433706 0.6100450754165649 638
1717601433893 0.5344997644424438 639
1717601434065 0.5319579243659973 640
1717601434237 0.5615105032920837 641
1717601434423 0.5327487587928772 642
1717601440637 0.4927036166191101 643
1717601440818 0.6430463790893555 644
1717601440960 0.485569030046463 645
1717601441131 0.4932974874973297 646
1717601441319 0.5537986755371094 647
1717601441506 0.5952094793319702 648
1717601441699 0.49907517433166504 649
1717601441887 0.540769636631012 650
1717601442043 0.6126769185066223 651
1717601442200 0.636426568031311 652
1717601448503 0.5790794491767883 653
1717601448678 0.4472348093986511 654
1717601448834 0.5307931900024414 655
1717601449006 0.5577279925346375 656
1717601449162 0.5518635511398315 657
1717601449319 0.6146882772445679 658
1717601449506 0.5339057445526123 659
1717601449647 0.5716085433959961 660
1717601449834 0.5575896501541138 661
1717601450006 0.562654972076416 662
1717601460856 0.5968774557113647 663
1717601461015 0.46319276094436646 664
1717601461171 0.5510629415512085 665
1717601461343 0.5661420226097107 666
1717601461531 0.5160681009292603 667
1717601461699 0.5318495035171509 668
1717601461887 0.5477606058120728 669
1717601462059 0.5481219291687012 670
1717601462199 0.6313599348068237 671
1717601462340 0.5325747132301331 672
1717601472958 0.5362387895584106 673
1717601473093 0.5404777526855469 674
1717601473265 0.5571232438087463 675
1717601473437 0.6361532807350159 676
1717601473609 0.5933162569999695 677
1717601473801 0.5493881702423096 678
1717601473941 0.5570656657218933 679
1717601474133 0.5496047735214233 680
1717601474301 0.5026827454566956 681
1717601474458 0.560691237449646 682
1717601480732 0.5565716624259949 683
1717601480913 0.5370453596115112 684
1717601481070 0.5722579956054688 685
1717601481210 0.48611918091773987 686
1717601481351 0.45160138607025146 687
1717601481539 0.5890763401985168 688
1717601481717 0.6452962756156921 689
1717601481874 0.6570304036140442 690
1717601482030 0.5851818323135376 691
1717601482186 0.6870338916778564 692
1717601488648 0.5737125873565674 693
1717601488778 0.6036478877067566 694
1717601488950 0.6353524923324585 695
1717601489106 0.6374136805534363 696
1717601489294 0.6279544234275818 697
1717601489466 0.6158826351165771 698
1717601489621 0.5468317270278931 699
1717601489787 0.6064964532852173 700
1717601489974 0.5440877676010132 701
1717601490146 0.6168057322502136 702
1717601496549 0.5524033308029175 703
1717601496688 0.579262375831604 704
1717601496836 0.5923231244087219 705
1717601497008 0.5553465485572815 706
1717601497155 0.5438071489334106 707
1717601497306 0.5535422563552856 708
1717601497478 0.6049150228500366 709
1717601497656 0.642920732498169 710
1717601497828 0.5912228226661682 711
1717601498000 0.49969568848609924 712
1717601504403 0.5059776902198792 713
1717601504565 0.6156714558601379 714
1717601504745 0.5546250939369202 715
1717601504913 0.5236366391181946 716
1717601505069 0.6839496493339539 717
1717601505256 0.575575590133667 718
1717601505397 0.5598206520080566 719
1717601505554 0.5113576650619507 720
1717601505682 0.5538026094436646 721
1717601505885 0.5140092372894287 722
1717601516844 0.6211166381835938 723
1717601517019 0.5255153775215149 724
1717601517159 0.5477920770645142 725
1717601517331 0.5255717039108276 726
1717601517503 0.469974547624588 727
1717601517671 0.5451605916023254 728
1717601517843 0.50152188539505 729
1717601518031 0.4049072563648224 730
1717601518187 0.513453483581543 731
1717601518343 0.4842788279056549 732
1717601529419 0.45409920811653137 733
1717601529573 0.5058165788650513 734
1717601529741 0.5224607586860657 735
1717601529922 0.5735380053520203 736
1717601530070 0.4902787208557129 737
1717601530242 0.48511311411857605 738
1717601530382 0.5042478442192078 739
1717601530571 0.551551342010498 740
1717601530740 0.5616279244422913 741
1717601530896 0.4605064392089844 742
1717601537327 0.5762319564819336 743
1717601537469 0.6453164219856262 744
1717601537641 0.45363569259643555 745
1717601537828 0.5534569025039673 746
1717601538000 0.6065707802772522 747
1717601538172 0.47721245884895325 748
1717601538344 0.5007821917533875 749
1717601538485 0.5624881386756897 750
1717601538671 0.5857819318771362 751
1717601538828 0.47401925921440125 752
1717601545242 0.483886182308197 753
1717601545410 0.5216501355171204 754
1717601545566 0.5564470291137695 755
1717601545728 0.6355136036872864 756
1717601545916 0.5493004322052002 757
1717601546088 0.43024370074272156 758
1717601546259 0.5516899228096008 759
1717601546447 0.48531556129455566 760
1717601546588 0.4160047769546509 761
1717601546775 0.5106521844863892 762
1717601553160 0.5575868487358093 763
1717601553293 0.656419575214386 764
1717601553465 0.5711633563041687 765
1717601553643 0.5225856304168701 766
1717601553815 0.5402809977531433 767
1717601553987 0.5104482769966125 768
1717601554127 0.5540066361427307 769
1717601554299 0.5127946734428406 770
1717601554456 0.5403845906257629 771
1717601554597 0.5782892107963562 772
1717601561033 0.47003915905952454 773
1717601561185 0.5326014161109924 774
1717601561313 0.5465567708015442 775
1717601561485 0.5546315908432007 776
1717601561654 0.5284026861190796 777
1717601561794 0.5766626000404358 778
1717601561950 0.5052512288093567 779
1717601562091 0.536340594291687 780
1717601562279 0.5016505718231201 781
1717601562451 0.46626192331314087 782
1717601573371 0.44978660345077515 783
1717601573507 0.5422760844230652 784
1717601573692 0.46904608607292175 785
1717601573880 0.5658019781112671 786
1717601574020 0.5091986060142517 787
1717601574176 0.41757336258888245 788
1717601574348 0.5797301530838013 789
1717601574520 0.5310825705528259 790
1717601574666 0.4246431589126587 791
1717601574847 0.42480000853538513 792
1717601585729 0.4530821740627289 793
1717601585880 0.45654091238975525 794
1717601586053 0.6030582785606384 795
1717601586209 0.5481249690055847 796
1717601586397 0.5198471546173096 797
1717601586522 0.5380367636680603 798
1717601586713 0.520953357219696 799
1717601586885 0.5062820911407471 800
1717601587042 0.4530643820762634 801
1717601587229 0.46620550751686096 802
1717601587382 0.5232408046722412 803
1717601587554 0.5964257121086121 804
1717601587727 0.4238075613975525 805
1717601587899 0.4873485565185547 806
1717601588055 0.40140220522880554 807
1717601588227 0.40018364787101746 808
1717601599330 0.4640190303325653 809
1717601599472 0.4451963007450104 810
1717601599640 0.4912649095058441 811
1717601599796 0.4837580621242523 812
1717601599937 0.4832644760608673 813
1717601600077 0.49051758646965027 814
1717601600218 0.5701948404312134 815
1717601600390 0.4830248951911926 816
1717601600578 0.5274162888526917 817
1717601600717 0.5781329274177551 818
1717601607143 0.5842466354370117 819
1717601607325 0.4830164313316345 820
1717601607500 0.5313878059387207 821
1717601607680 0.5043553113937378 822
1717601607868 0.5309895277023315 823
1717601608040 0.5204648375511169 824
1717601608227 0.5904685854911804 825
1717601608415 0.507625162601471 826
1717601608620 0.4502166211605072 827
1717601608774 0.5484759211540222 828
1717601615160 0.4723242223262787 829
1717601615306 0.47488197684288025 830
1717601615493 0.6383863687515259 831
1717601615658 0.6070398092269897 832
1717601615798 0.5442481637001038 833
1717601615955 0.5469872355461121 834
1717601616126 0.42054852843284607 835
1717601616298 0.47957727313041687 836
1717601616439 0.5550504922866821 837
1717601616626 0.4775142967700958 838
1717601623070 0.4968254864215851 839
1717601623244 0.5432717204093933 840
1717601623432 0.5442899465560913 841
1717601623573 0.5198425650596619 842
1717601623747 0.34652796387672424 843
1717601623888 0.49288544058799744 844
1717601624075 0.5777547955513 845
1717601624247 0.5358133912086487 846
1717601624435 0.5006059408187866 847
1717601624591 0.5663278102874756 848
1717601631014 0.7289033532142639 849
1717601631190 0.6550801992416382 850
1717601631346 0.7159960865974426 851
1717601631518 0.6410706639289856 852
1717601631679 0.4653833210468292 853
1717601631820 0.6359954476356506 854
1717601631976 0.5525668263435364 855
1717601632133 0.6093708872795105 856
1717601632305 0.706646203994751 857
1717601632445 0.6422394514083862 858
1717601638864 0.6138302087783813 859
1717601639049 0.6154246926307678 860
1717601639252 0.5946734547615051 861
1717601639471 0.6336841583251953 862
1717601639687 0.5957381725311279 863
1717601639913 0.5848564505577087 864
1717601640132 0.6150012612342834 865
1717601640335 0.6410894393920898 866
1717601640585 0.59776771068573 867
1717601640780 0.589366614818573 868
1717601647285 0.6168368458747864 869
1717601647488 0.5734564661979675 870
1717601647665 0.6182257533073425 871
1717601647864 0.5610755085945129 872
1717601648036 0.5709020495414734 873
1717601648208 0.606191873550415 874
1717601648380 0.604181706905365 875
1717601648552 0.580797553062439 876
1717601648744 0.5672289729118347 877
1717601648932 0.5558111071586609 878
1717601655379 0.6039817333221436 879
1717601655553 0.6229842305183411 880
1717601655738 0.6120556592941284 881
1717601655877 0.6163456439971924 882
1717601656049 0.6117225885391235 883
1717601656205 0.5442966818809509 884
1717601656393 0.6304399371147156 885
1717601656549 0.5587954521179199 886
1717601656714 0.5857092142105103 887
1717601656878 0.5309931635856628 888
1717601663279 0.5453489422798157 889
1717601663416 0.5785887837409973 890
1717601663556 0.5844215750694275 891
1717601663749 0.5176268219947815 892
1717601663937 0.5809498429298401 893
1717601664093 0.5703073740005493 894
1717601664265 0.5007336735725403 895
1717601664406 0.57171630859375 896
1717601664563 0.5119878649711609 897
1717601664698 0.472307413816452 898
1717601671085 0.5060902237892151 899
1717601671243 0.5659059286117554 900
1717601671384 0.4903223514556885 901
1717601671540 0.4375612735748291 902
1717601671726 0.5602003335952759 903
1717601671897 0.5346957445144653 904
1717601672085 0.4898677170276642 905
1717601672245 0.5180251598358154 906
1717601672417 0.5276577472686768 907
1717601672558 0.5323058366775513 908
