1717619437378 0.6924062967300415 1
1717619447657 0.7295860648155212 2
1717619455898 0.6924985647201538 3
1717619463514 0.6904708743095398 4
1717619472598 0.6942896842956543 5
1717619480249 0.6922582983970642 6
1717619487695 0.6892011761665344 7
1717619494551 0.6835551857948303 8
1717619500488 0.6892485618591309 9
1717619506315 0.6811494827270508 10
1717619525718 0.6720102429389954 11
1717619532453 0.6719080209732056 12
1717619540151 0.651732325553894 13
1717619547593 0.6542028188705444 14
1717619556868 0.6334112882614136 15
1717619563994 0.637900173664093 16
1717619571511 0.615169107913971 17
1717619577819 0.6254369020462036 18
1717619584695 0.6222348809242249 19
1717619591064 0.5981375575065613 20
1717619611340 0.6075660586357117 21
1717619618265 0.5890014171600342 22
1717619625096 0.5877755880355835 23
1717619631657 0.5254197716712952 24
1717619637106 0.588947057723999 25
1717619642666 0.5509182214736938 26
1717619649079 0.5926216840744019 27
1717619651639 0.5585504770278931 28
1717619657887 0.5169371962547302 29
1717619664272 0.5104623436927795 30
1717619670854 0.4842524230480194 31
1717619676830 0.5134146809577942 32
1717619682113 0.4764062464237213 33
1717619688577 0.4874885082244873 34
1717619694308 0.5607904195785522 35
1717619700156 0.5024080276489258 36
1717619705934 0.5209426283836365 37
1717619712278 0.5083563923835754 38
1717619733654 0.49676913022994995 39
1717619739055 0.4648025631904602 40
1717619745732 0.46954843401908875 41
1717619753878 0.4332938492298126 42
1717619761338 0.4619048833847046 43
1717619769074 0.4050676226615906 44
1717619775797 0.5065880417823792 45
1717619782911 0.48230698704719543 46
1717619790450 0.4519723057746887 47
1717619798329 0.4585888087749481 48
1717619818345 0.4726686477661133 49
1717619826504 0.4963746666908264 50
1717619834656 0.4681573510169983 51
1717619841717 0.46873611211776733 52
1717619849191 0.4820285141468048 53
1717619857035 0.47628122568130493 54
1717619864912 0.4435669481754303 55
1717619868490 0.44815361499786377 56
1717619875568 0.3561760187149048 57
1717619882019 0.41135627031326294 58
