1717613426638 0.701707124710083 1
1717613431188 0.7044464945793152 2
1717613435575 0.6965507864952087 3
1717613440966 0.6937005519866943 4
1717613445925 0.6950125098228455 5
1717613450743 0.6910924315452576 6
1717613454621 0.6910858154296875 7
1717613458301 0.6865533590316772 8
1717613462598 0.6761425733566284 9
1717613466703 0.6525512337684631 10
1717613479193 0.6491711139678955 11
1717613484030 0.6974325776100159 12
1717613487940 0.6262688040733337 13
1717613491614 0.6612936854362488 14
1717613496292 0.6366479396820068 15
1717613501801 0.6387414932250977 16
1717613506956 0.6185163855552673 17
1717613511367 0.6267295479774475 18
1717613516066 0.6266670227050781 19
1717613521013 0.6019994616508484 20
1717613534079 0.5925863981246948 21
1717613538967 0.5889127850532532 22
1717613544123 0.561226487159729 23
1717613548838 0.5362432599067688 24
1717613553120 0.741569995880127 25
1717613557713 0.5079721808433533 26
1717613560336 0.7370206117630005 27
1717613563595 0.5997834801673889 28
1717613569338 0.5838389992713928 29
1717613575387 0.5493077635765076 30
1717613581428 0.5276634097099304 31
1717613587079 0.5334975719451904 32
1717613591723 0.5328764915466309 33
1717613597286 0.5259890556335449 34
1717613603887 0.522088885307312 35
1717613612272 0.502471387386322 36
1717613618867 0.4930279552936554 37
1717613624543 0.4773979187011719 38
1717613629509 0.4949743449687958 39
1717613642847 0.48739486932754517 40
1717613648082 0.4447181820869446 41
1717613654095 0.46734389662742615 42
1717613659682 0.48750847578048706 43
1717613664627 0.46386489272117615 44
1717613669266 0.4624844491481781 45
1717613673601 0.4423639178276062 46
1717613677303 0.44797295331954956 47
1717613679094 0.4254353642463684 48
1717613680362 0.4440183937549591 49
1717613690075 0.43204405903816223 50
1717613691266 0.4181748032569885 51
1717613694788 0.37276458740234375 52
1717613698551 0.4647749066352844 53
1717613701665 0.393606573343277 54
1717613703587 0.40411612391471863 55
1717613704883 0.40434008836746216 56
1717613706160 0.4661504924297333 57
1717613706901 0.4496549367904663 58
1717613707666 0.3832434117794037 59
1717613708471 0.4599279761314392 60
1717613709258 0.3651871681213379 61
1717613710080 0.4279944896697998 62
1717613710855 0.43111273646354675 63
1717613711629 0.4042419493198395 64
1717613712371 0.3670363128185272 65
1717613713181 0.4053843915462494 66
1717613713950 0.40983593463897705 67
1717613714713 0.3837020993232727 68
1717613719057 0.4057507812976837 69
1717613719852 0.35927554965019226 70
1717613720675 0.34055954217910767 71
1717613721467 0.37737712264060974 72
1717613722291 0.36352160573005676 73
1717613723054 0.4184500277042389 74
1717613723814 0.35358530282974243 75
1717613724649 0.3890254497528076 76
1717613725465 0.37997740507125854 77
1717613726215 0.33793124556541443 78
1717613730262 0.3901120126247406 79
1717613731001 0.40594106912612915 80
1717613731824 0.3495064079761505 81
1717613734253 0.3575575351715088 82
1717613736434 0.38579243421554565 83
1717613739912 0.3607741892337799 84
1717613744618 0.39738088846206665 85
1717613747814 0.3538489043712616 86
1717613750494 0.411367803812027 87
1717613753368 0.33083388209342957 88
1717613756571 0.30639100074768066 89
1717613760029 0.2915065884590149 90
1717613763033 0.28878533840179443 91
1717613766386 0.2754693329334259 92
1717613770875 0.3079007565975189 93
1717613773983 0.29737067222595215 94
1717613776518 0.2861559987068176 95
1717613777770 0.3457639515399933 96
1717613778816 0.3033623993396759 97
1717613787980 0.26551076769828796 98
1717613788704 0.2982305884361267 99
1717613789406 0.2983316481113434 100
1717613790215 0.3173125088214874 101
1717613791000 0.32670149207115173 102
1717613791791 0.3302440047264099 103
1717613793141 0.28511500358581543 104
1717613795215 0.32019078731536865 105
1717613798226 0.29500776529312134 106
1717613801516 0.2838234007358551 107
1717613812544 0.28491872549057007 108
1717613815399 0.2831132411956787 109
1717613817650 0.2906471788883209 110
1717613819995 0.30922284722328186 111
1717613822124 0.2703646421432495 112
1717613823924 0.31096938252449036 113
1717613825611 0.3191054165363312 114
1717613827392 0.28459885716438293 115
1717613828973 0.30662664771080017 116
1717613830291 0.2522805631160736 117
1717613831651 0.24796755611896515 118
1717613833294 0.23958256840705872 119
1717613835164 0.25690779089927673 120
1717613837760 0.27299103140830994 121
1717613840943 0.228532612323761 122
1717613844008 0.22429795563220978 123
1717613847084 0.2636025547981262 124
1717613850598 0.2347605675458908 125
1717613854521 0.25493913888931274 126
1717613866345 0.2781185805797577 127
1717613870899 0.24495305120944977 128
1717613874979 0.29817336797714233 129
1717613878568 0.2577781081199646 130
1717613880965 0.2496425062417984 131
1717613883085 0.2516293525695801 132
1717613885264 0.29237449169158936 133
1717613887548 0.24806830286979675 134
1717613889420 0.2417110651731491 135
1717613891257 0.2742423415184021 136
1717613901185 0.23381003737449646 137
1717613902713 0.24857844412326813 138
1717613904358 0.18524669110774994 139
1717613906112 0.22288081049919128 140
1717613907923 0.27093595266342163 141
1717613909588 0.24482890963554382 142
1717613911358 0.21657925844192505 143
1717613912790 0.2503294050693512 144
1717613914731 0.24838069081306458 145
1717613916713 0.20915628969669342 146
1717613918542 0.1991024613380432 147
1717613920298 0.19570128619670868 148
1717613922364 0.20085614919662476 149
1717613924444 0.1886725276708603 150
1717613926341 0.20347361266613007 151
1717613928409 0.18453414738178253 152
1717613930114 0.19546815752983093 153
1717613931660 0.15624500811100006 154
1717613933715 0.21474964916706085 155
1717613943172 0.18742036819458008 156
1717613945263 0.1805630475282669 157
1717613947252 0.2013673633337021 158
1717613949238 0.2174088954925537 159
1717613951418 0.182016521692276 160
1717613953494 0.25201451778411865 161
1717613955590 0.23034460842609406 162
1717613957763 0.19675014913082123 163
1717613959587 0.22157137095928192 164
1717613961525 0.19738492369651794 165
1717613967165 0.19964493811130524 166
1717613969284 0.1854744553565979 167
1717613971354 0.22149159014225006 168
1717613973499 0.22481192648410797 169
1717613975306 0.1726345419883728 170
1717613977313 0.22061675786972046 171
1717613979401 0.2641589641571045 172
1717613981282 0.2172984629869461 173
1717613982995 0.20812690258026123 174
1717613985027 0.17940393090248108 175
1717613986726 0.17296764254570007 176
1717613988718 0.19287049770355225 177
1717613990437 0.16819526255130768 178
1717613992193 0.18116417527198792 179
1717613993873 0.14624422788619995 180
1717613995564 0.1327081322669983 181
1717613997339 0.15748997032642365 182
1717613998989 0.18131546676158905 183
1717614000616 0.15474840998649597 184
1717614010234 0.14516709744930267 185
1717614011930 0.17783641815185547 186
1717614013860 0.1713651716709137 187
1717614015733 0.17067067325115204 188
1717614017461 0.1855287104845047 189
1717614019235 0.1742153912782669 190
1717614021461 0.17323124408721924 191
1717614023329 0.17920085787773132 192
1717614025161 0.16794350743293762 193
1717614026992 0.15711620450019836 194
1717614032427 0.1653440147638321 195
1717614034146 0.1720266342163086 196
1717614036054 0.17888160049915314 197
1717614037789 0.18777818977832794 198
1717614039888 0.1447097808122635 199
1717614041876 0.1808958649635315 200
1717614043782 0.20931988954544067 201
1717614045760 0.1754964292049408 202
1717614047248 0.19484733045101166 203
1717614049124 0.13485658168792725 204
1717614050960 0.12989215552806854 205
1717614053122 0.12796951830387115 206
1717614055060 0.11878594011068344 207
1717614057005 0.11085917800664902 208
1717614058937 0.09947587549686432 209
1717614061018 0.08960270136594772 210
1717614063186 0.11329277604818344 211
1717614065143 0.12500505149364471 212
1717614067301 0.12154596298933029 213
1717614077452 0.11547914147377014 214
1717614079631 0.1435648798942566 215
1717614081615 0.09644821286201477 216
1717614083842 0.15222378075122833 217
1717614086235 0.12862169742584229 218
1717614088001 0.11370876431465149 219
1717614089728 0.1883515566587448 220
1717614091379 0.1373029351234436 221
1717614092862 0.1041986271739006 222
1717614093981 0.1365961730480194 223
1717614098545 0.12268896400928497 224
1717614099654 0.13611368834972382 225
1717614100533 0.1293129175901413 226
1717614101384 0.12057550251483917 227
1717614102173 0.1148836612701416 228
1717614102990 0.1214219480752945 229
1717614103737 0.13319091498851776 230
1717614104487 0.14350172877311707 231
1717614105151 0.13888013362884521 232
1717614105955 0.07852000743150711 233
1717614106719 0.07018809765577316 234
1717614107563 0.0825679674744606 235
1717614108441 0.08104913681745529 236
1717614109262 0.07188549637794495 237
1717614110049 0.08317704498767853 238
1717614110831 0.10492174327373505 239
1717614111595 0.09087615460157394 240
1717614112358 0.08776532113552094 241
1717614113139 0.11349684745073318 242
1717614117350 0.08417974412441254 243
1717614118164 0.08412057906389236 244
1717614118969 0.11108694225549698 245
1717614119749 0.11027176678180695 246
1717614120540 0.08937831968069077 247
1717614121336 0.09524233639240265 248
1717614122151 0.08697053045034409 249
1717614123006 0.09099499136209488 250
1717614123818 0.10703297704458237 251
1717614124590 0.09101208299398422 252
1717614128869 0.10092270374298096 253
1717614129630 0.12136263400316238 254
1717614130401 0.10400894284248352 255
1717614131176 0.08129257708787918 256
1717614131981 0.0915909931063652 257
1717614132730 0.09410600364208221 258
1717614133479 0.10581715404987335 259
1717614134264 0.09189387410879135 260
1717614134973 0.1280025690793991 261
1717614135739 0.07970236986875534 262
1717614136509 0.07079337537288666 263
1717614137285 0.04764679819345474 264
1717614138118 0.06127214804291725 265
1717614138923 0.0676434189081192 266
1717614139708 0.03499062731862068 267
1717614140532 0.05092503875494003 268
1717614141380 0.05524419993162155 269
1717614142200 0.0706053227186203 270
1717614143013 0.06351176649332047 271
1717614152050 0.0513685867190361 272
1717614152712 0.07286273688077927 273
1717614153391 0.06707468628883362 274
1717614154117 0.06629534065723419 275
1717614154965 0.058906059712171555 276
1717614155737 0.06122205778956413 277
1717614156516 0.07751596719026566 278
1717614157351 0.07011961191892624 279
1717614158193 0.08500790596008301 280
1717614159023 0.07932855188846588 281
1717614163373 0.05790001526474953 282
1717614164188 0.05751481279730797 283
1717614165038 0.07743419706821442 284
1717614165814 0.07301509380340576 285
1717614166618 0.06979724764823914 286
1717614167432 0.04086478427052498 287
1717614168306 0.072042316198349 288
1717614169139 0.07377272099256516 289
1717614169828 0.11247427761554718 290
1717614170659 0.04199521988630295 291
1717614171448 0.033912576735019684 292
1717614172264 0.0543566569685936 293
1717614173072 0.03725670278072357 294
1717614173875 0.04597049951553345 295
1717614174657 0.04615569859743118 296
1717614175453 0.043491631746292114 297
1717614176259 0.050842009484767914 298
1717614177075 0.03551854193210602 299
1717614177894 0.058144956827163696 300
1717614182252 0.04270827770233154 301
1717614183064 0.06751342862844467 302
1717614183868 0.0485653430223465 303
1717614184645 0.06494732946157455 304
1717614185454 0.05771013721823692 305
1717614186261 0.06571604311466217 306
1717614187126 0.07680835574865341 307
1717614187972 0.06054508313536644 308
1717614188787 0.09093961864709854 309
1717614189610 0.07950454205274582 310
1717614193931 0.05741051584482193 311
1717614194719 0.0802370011806488 312
1717614195516 0.09177318960428238 313
1717614196330 0.0530124232172966 314
1717614197154 0.08163370937108994 315
1717614197968 0.05606011301279068 316
1717614198801 0.06547723710536957 317
1717614199791 0.09603554755449295 318
1717614200501 0.0465758740901947 319
1717614201304 0.05454479902982712 320
1717614202118 0.02893066219985485 321
1717614202940 0.043772853910923004 322
1717614203739 0.050227683037519455 323
1717614204522 0.05155002325773239 324
1717614205339 0.04206927865743637 325
1717614206149 0.05137057974934578 326
1717614206977 0.033112894743680954 327
1717614207799 0.03208475187420845 328
1717614208620 0.05209745466709137 329
1717614212949 0.058638740330934525 330
1717614213754 0.061533309519290924 331
1717614214548 0.09808970987796783 332
1717614215370 0.047683048993349075 333
1717614216163 0.07338627427816391 334
1717614216980 0.07400814443826675 335
1717614217804 0.05529855936765671 336
1717614218637 0.0692107081413269 337
1717614219438 0.10104255378246307 338
1717614220211 0.05050002783536911 339
1717614224636 0.09354700148105621 340
1717614225436 0.09476812183856964 341
1717614226236 0.07664243131875992 342
1717614227060 0.09155314415693283 343
1717614227901 0.05497726798057556 344
1717614228750 0.07738815248012543 345
1717614229602 0.09804808348417282 346
1717614230426 0.07076852768659592 347
1717614231153 0.10281562060117722 348
1717614232029 0.04805184528231621 349
1717614232827 0.03304702416062355 350
1717614233627 0.036852285265922546 351
1717614234470 0.04637116566300392 352
1717614235282 0.07715865969657898 353
1717614236149 0.044922541826963425 354
1717614237005 0.05276239663362503 355
1717614237838 0.07074319571256638 356
1717614238655 0.057746075093746185 357
1717614239492 0.12417909502983093 358
1717614243843 0.07686355710029602 359
1717614244692 0.07452910393476486 360
1717614245513 0.10446573048830032 361
1717614246353 0.08170349895954132 362
1717614247206 0.07877370715141296 363
1717614248034 0.1207294836640358 364
1717614248882 0.09568589180707932 365
1717614249709 0.08220680803060532 366
1717614250521 0.09083465486764908 367
1717614251344 0.08760473132133484 368
1717614255662 0.071400485932827 369
1717614256501 0.09755455702543259 370
1717614257357 0.08095201849937439 371
1717614258201 0.08186901360750198 372
1717614259076 0.07535652071237564 373
1717614259904 0.078908771276474 374
1717614260757 0.08421872556209564 375
1717614261603 0.09742088615894318 376
1717614262351 0.05296340584754944 377
1717614263175 0.06675446033477783 378
1717614264038 0.053302839398384094 379
1717614264879 0.034637078642845154 380
1717614265697 0.05948696285486221 381
1717614266541 0.06582031399011612 382
1717614267378 0.059542566537857056 383
1717614268227 0.07401949167251587 384
1717614269069 0.0370975062251091 385
1717614269929 0.03781308978796005 386
1717614270780 0.04021916538476944 387
1717614279853 0.04315610229969025 388
1717614280579 0.058912042528390884 389
1717614281315 0.05700797960162163 390
1717614282066 0.0471174418926239 391
1717614282895 0.05262282118201256 392
1717614283722 0.04506899416446686 393
1717614284571 0.06278526782989502 394
1717614285411 0.043989408761262894 395
1717614286259 0.06705354899168015 396
1717614287105 0.07869697362184525 397
1717614291666 0.06248220056295395 398
1717614292525 0.0682758316397667 399
1717614293370 0.08666009455919266 400
1717614294229 0.07320760935544968 401
1717614295076 0.08292343467473984 402
1717614295973 0.10019244998693466 403
1717614296845 0.06351763755083084 404
1717614297702 0.10991735011339188 405
1717614298474 0.11893822997808456 406
1717614299336 0.03274694085121155 407
1717614300206 0.055890318006277084 408
1717614301061 0.09431764483451843 409
1717614301917 0.04183498024940491 410
1717614302776 0.046761926263570786 411
1717614303625 0.07883423566818237 412
1717614304492 0.03889603540301323 413
1717614305339 0.033044397830963135 414
1717614306159 0.0526752769947052 415
1717614307086 0.05163488909602165 416
1717614311647 0.04901772737503052 417
1717614312504 0.046936340630054474 418
1717614313346 0.05800052359700203 419
1717614314211 0.04372391849756241 420
1717614315086 0.02933519147336483 421
1717614315949 0.0378381721675396 422
1717614316797 0.053450025618076324 423
1717614317638 0.03509250283241272 424
1717614318492 0.0453270860016346 425
1717614319353 0.05218172073364258 426
1717614323951 0.05728362128138542 427
1717614324792 0.05163445696234703 428
1717614325644 0.03768036887049675 429
1717614326459 0.07046186923980713 430
1717614327321 0.04234746843576431 431
1717614328184 0.06685282289981842 432
1717614329046 0.057678889483213425 433
1717614329893 0.06724132597446442 434
1717614330657 0.09162935614585876 435
1717614331520 0.025705015286803246 436
1717614332381 0.020050048828125 437
1717614333229 0.024652041494846344 438
1717614334090 0.044314175844192505 439
1717614334932 0.03722275048494339 440
1717614335804 0.03111117333173752 441
1717614336660 0.024806324392557144 442
1717614337513 0.025884246453642845 443
1717614338357 0.03677045926451683 444
1717614339237 0.02858889289200306 445
1717614348462 0.03849242255091667 446
1717614349175 0.029443025588989258 447
1717614349941 0.03992855176329613 448
1717614350761 0.03885640576481819 449
1717614351640 0.03705113008618355 450
1717614352510 0.033494509756565094 451
1717614353368 0.01805145852267742 452
1717614354224 0.05642487481236458 453
1717614355088 0.03313285857439041 454
1717614355958 0.046786192804574966 455
1717614360454 0.017754899337887764 456
1717614361339 0.03690718114376068 457
1717614362199 0.043840192258358 458
1717614363054 0.04490094631910324 459
1717614363913 0.056119464337825775 460
1717614364760 0.05501433461904526 461
1717614365666 0.06287132203578949 462
1717614366602 0.04118235409259796 463
1717614367374 0.03309888020157814 464
1717614368241 0.03361121192574501 465
1717614369093 0.03958221524953842 466
1717614369963 0.017379797995090485 467
1717614370822 0.032918840646743774 468
1717614371687 0.024581804871559143 469
1717614372549 0.033114828169345856 470
1717614373411 0.029047923162579536 471
1717614374298 0.03927936404943466 472
1717614375144 0.06837081164121628 473
1717614376005 0.033401936292648315 474
1717614380502 0.03183716908097267 475
1717614381394 0.08600137382745743 476
1717614382234 0.0403023436665535 477
1717614383091 0.030337709933519363 478
1717614383949 0.05576750636100769 479
1717614384801 0.054370682686567307 480
1717614385666 0.0372476726770401 481
1717614386543 0.03597525507211685 482
1717614387421 0.03991244360804558 483
1717614388276 0.03628681227564812 484
1717614392720 0.030506698414683342 485
1717614393593 0.042877014726400375 486
1717614394484 0.027740810066461563 487
1717614395362 0.028013689443469048 488
1717614396236 0.044945694506168365 489
1717614397121 0.03388262167572975 490
1717614397985 0.06855554133653641 491
1717614398862 0.03954186663031578 492
1717614399621 0.06651432067155838 493
1717614400514 0.019383452832698822 494
1717614401377 0.01972883567214012 495
1717614402235 0.024544937536120415 496
1717614403102 0.020448967814445496 497
1717614403967 0.03666788712143898 498
1717614404826 0.03136226162314415 499
1717614405696 0.020278550684452057 500
1717614406568 0.03904850408434868 501
1717614407435 0.03327828645706177 502
1717614408341 0.012493851594626904 503
1717614412801 0.04880019277334213 504
1717614413658 0.019538667052984238 505
1717614414525 0.04439971596002579 506
1717614415408 0.045075614005327225 507
1717614416276 0.03411483392119408 508
1717614417164 0.07361005246639252 509
1717614418050 0.03633582964539528 510
1717614418942 0.044697657227516174 511
1717614419803 0.04399013891816139 512
1717614420684 0.061722517013549805 513
1717614425339 0.055958859622478485 514
1717614426222 0.03356756642460823 515
1717614427153 0.0793091282248497 516
1717614428062 0.04493742808699608 517
1717614428924 0.05620656907558441 518
1717614429785 0.03255704045295715 519
1717614430651 0.05691570043563843 520
1717614431530 0.06227680668234825 521
1717614432298 0.05634176358580589 522
1717614433203 0.031088756397366524 523
1717614434104 0.020465457811951637 524
1717614434987 0.016528146341443062 525
1717614435862 0.030072422698140144 526
1717614436749 0.03155000880360603 527
1717614437598 0.029932420700788498 528
1717614438492 0.023980051279067993 529
1717614439384 0.017156509682536125 530
1717614440286 0.022916844114661217 531
1717614441148 0.02612202987074852 532
1717614445623 0.053863875567913055 533
1717614446508 0.011254255659878254 534
1717614447400 0.03515429422259331 535
1717614448310 0.04702339693903923 536
1717614449180 0.0398578904569149 537
1717614450051 0.061148516833782196 538
1717614450923 0.02689705416560173 539
1717614451797 0.039173878729343414 540
1717614452689 0.06294703483581543 541
1717614453657 0.06317481398582458 542
1717614458234 0.029932456091046333 543
1717614459098 0.04048733413219452 544
1717614459957 0.072202168405056 545
1717614460853 0.05329630523920059 546
1717614461748 0.07417987287044525 547
1717614462649 0.03806835785508156 548
1717614463538 0.04862646386027336 549
1717614464437 0.0435107946395874 550
1717614465195 0.043589089065790176 551
1717614466114 0.027611002326011658 552
1717614466990 0.02242405340075493 553
1717614467914 0.01790786162018776 554
1717614468810 0.030546464025974274 555
1717614469661 0.01944800093770027 556
1717614470539 0.05345863848924637 557
1717614471442 0.01976858265697956 558
1717614472356 0.02346927486360073 559
1717614473254 0.027975307777523994 560
1717614474160 0.0188597422093153 561
1717614478715 0.030281055718660355 562
1717614479605 0.024127179756760597 563
1717614480510 0.018953001126646996 564
1717614481372 0.019257668405771255 565
1717614482242 0.026253145188093185 566
1717614483122 0.037194736301898956 567
1717614484033 0.022518355399370193 568
1717614484918 0.026109198108315468 569
1717614485813 0.029995126649737358 570
1717614486754 0.038340531289577484 571
1717614491359 0.03692064806818962 572
1717614492287 0.05129500478506088 573
1717614493158 0.024849172681570053 574
1717614494100 0.028716612607240677 575
1717614495045 0.036996521055698395 576
1717614496028 0.03337835520505905 577
1717614497264 0.03639237955212593 578
1717614498462 0.029509052634239197 579
1717614499997 0.03026014380156994 580
1717614502142 0.008470305241644382 581
1717614504291 0.011310829780995846 582
1717614506490 0.022540148347616196 583
1717614508652 0.022145124152302742 584
1717614511123 0.015014715492725372 585
1717614513325 0.021629968658089638 586
1717614515644 0.036918774247169495 587
1717614517921 0.021907063201069832 588
1717614519986 0.016355469822883606 589
1717614522392 0.012030452489852905 590
