1717509647531 0.6932516694068909 1
1717509648968 0.694244921207428 2
1717509650536 0.6959524750709534 3
1717509652250 0.6953179240226746 4
1717509653663 0.694237232208252 5
1717509655138 0.6948890686035156 6
1717509656563 0.6946889758110046 7
1717509658006 0.6944889426231384 8
1717509659385 0.695810079574585 9
1717509660938 0.6948200464248657 10
1717509669061 0.6909473538398743 11
1717509670788 0.6901696920394897 12
1717509672652 0.6920489072799683 13
1717509674288 0.6908795237541199 14
1717509675842 0.6913162469863892 15
1717509677497 0.6889917254447937 16
1717509679143 0.692158043384552 17
1717509680722 0.691032886505127 18
1717509682398 0.6914652585983276 19
1717509684000 0.6901694536209106 20
1717509691546 0.6888357400894165 21
1717509693180 0.6854314208030701 22
1717509694985 0.6882469058036804 23
1717509696625 0.6886892914772034 24
1717509698406 0.6904129981994629 25
1717509700130 0.689020037651062 26
1717509701667 0.6883873343467712 27
1717509703377 0.6861249208450317 28
1717509705208 0.6863235831260681 29
1717509706837 0.690949559211731 30
1717509714640 0.6826311945915222 31
1717509716216 0.6842576861381531 32
1717509717955 0.6850554347038269 33
1717509719625 0.6843625903129578 34
