1717345050183 0.6926923990249634 1
1717345050258 0.7160241007804871 2
1717345050336 0.7088035941123962 3
1717345050430 0.7138255834579468 4
1717345050523 0.6983895897865295 5
1717345050601 0.7130668759346008 6
1717345050680 0.7010602355003357 7
1717345050792 0.6944166421890259 8
1717345050889 0.6957542896270752 9
1717345050958 0.699749767780304 10
1717345054429 0.696331262588501 11
1717345054543 0.6992205381393433 12
1717345054649 0.6951045393943787 13
1717345054711 0.6965086460113525 14
1717345054821 0.69504314661026 15
1717345054930 0.6951213479042053 16
1717345055022 0.6928445100784302 17
1717345055085 0.7008799314498901 18
1717345055179 0.6973789930343628 19
1717345055267 0.6983588933944702 20
1717345055785 0.6967461109161377 21
1717345055895 0.6903710961341858 22
1717345055968 0.6953346729278564 23
1717345056065 0.6933683753013611 24
1717345056174 0.692527711391449 25
1717345056284 0.6928950548171997 26
1717345056378 0.6932028532028198 27
1717345056471 0.6930506825447083 28
1717345056534 0.6935471296310425 29
1717345056643 0.6945589184761047 30
1717345060149 0.6945431232452393 31
1717345060267 0.6927180886268616 32
1717345060366 0.6934513449668884 33
1717345060434 0.6975892186164856 34
1717345060532 0.6929721832275391 35
1717345060597 0.6939153671264648 36
1717345060696 0.691714346408844 37
1717345060801 0.6928263902664185 38
1717345060867 0.6931118369102478 39
1717345060981 0.6950889825820923 40
1717345064518 0.6979405283927917 41
1717345064629 0.6969722509384155 42
1717345064743 0.6916910409927368 43
1717345064857 0.6917358040809631 44
1717345064931 0.6936367154121399 45
1717345064993 0.6949530839920044 46
1717345065095 0.6938481330871582 47
1717345065178 0.6903591752052307 48
1717345065279 0.6912443041801453 49
1717345065394 0.6930306553840637 50
