1717361330680 0.8655733466148376 1
1717361334146 0.749525785446167 2
1717361337403 0.718519926071167 3
1717361340624 0.7126306891441345 4
1717361343813 0.6936373710632324 5
1717361347261 0.6973252892494202 6
1717361350812 0.6997964978218079 7
1717361354279 0.7000331282615662 8
1717361357800 0.700320839881897 9
1717361361304 0.6949636340141296 10
1717361378240 0.6987062096595764 11
1717361381615 0.6949418783187866 12
1717361384874 0.6936585307121277 13
1717361388178 0.6927372217178345 14
1717361391646 0.6933586597442627 15
1717361395225 0.6935278177261353 16
1717361398521 0.693163275718689 17
1717361402024 0.6931483149528503 18
1717361405263 0.6934074759483337 19
1717361408601 0.6931696534156799 20
1717361421939 0.6913275122642517 21
1717361425289 0.691552460193634 22
1717361428711 0.6940476298332214 23
1717361432030 0.6971994042396545 24
1717361435413 0.693822979927063 25
1717361438716 0.6942954063415527 26
1717361441945 0.6907501220703125 27
1717361445263 0.6942827701568604 28
1717361448687 0.6930269002914429 29
1717361451934 0.6932082176208496 30
1717361468554 0.6935360431671143 31
1717361472005 0.6916658878326416 32
1717361475502 0.6959401965141296 33
1717361479173 0.6939534544944763 34
1717361482589 0.6914961338043213 35
1717361485928 0.6980286240577698 36
1717361489263 0.692092776298523 37
1717361492626 0.6933940649032593 38
1717361496095 0.692920982837677 39
1717361499533 0.6928733587265015 40
1717361513129 0.6949779391288757 41
1717361516679 0.6900591254234314 42
1717361519739 0.6986500024795532 43
1717361523127 0.6920508742332458 44
1717361526493 0.6956280469894409 45
1717361529856 0.6937729716300964 46
1717361533429 0.6949588060379028 47
1717361536942 0.6931242346763611 48
1717361540454 0.6925987005233765 49
1717361543966 0.6928993463516235 50
1717361557146 0.6934765577316284 51
1717361560486 0.6938121318817139 52
1717361563572 0.6944020390510559 53
1717361567113 0.6882520318031311 54
1717361570660 0.6986075639724731 55
1717361574258 0.6939018368721008 56
1717361577724 0.6936678886413574 57
1717361581285 0.694836437702179 58
1717361584753 0.6922642588615417 59
1717361588306 0.6971033811569214 60
1717361601893 0.6907919645309448 61
1717361605395 0.7014442086219788 62
1717361608903 0.694444477558136 63
1717361612319 0.6922069787979126 64
1717361615803 0.6949198246002197 65
1717361619170 0.6924465894699097 66
1717361622532 0.69590824842453 67
1717361625811 0.6948891282081604 68
1717361629231 0.6935171484947205 69
1717361632728 0.6930283308029175 70
1717361646209 0.6961023211479187 71
1717361649663 0.6908584237098694 72
1717361653198 0.6986021995544434 73
1717361656679 0.6921918392181396 74
1717361660177 0.7030158042907715 75
1717361663689 0.6916832327842712 76
1717361667304 0.6913748979568481 77
1717361670839 0.6952700614929199 78
1717361674373 0.6931167840957642 79
1717361677863 0.6927405595779419 80
1717361691433 0.6930593252182007 81
1717361694899 0.6977938413619995 82
1717361698427 0.6962352395057678 83
1717361701938 0.6926714777946472 84
1717361705378 0.6966094970703125 85
1717361708867 0.6926030516624451 86
1717361712333 0.6935272812843323 87
1717361715851 0.6928287148475647 88
1717361719334 0.6928732395172119 89
1717361722988 0.6943989396095276 90
1717361736397 0.7003152966499329 91
1717361739833 0.6952468156814575 92
1717361743346 0.6900374293327332 93
1717361746814 0.6909229755401611 94
1717361750276 0.6931349635124207 95
1717361753776 0.6936483979225159 96
1717361757236 0.6931337714195251 97
1717361760177 0.6898648142814636 98
1717361763722 0.6934552192687988 99
1717361767175 0.6929650902748108 100
1717361771637 0.6939049959182739 101
1717361775998 0.6926789283752441 102
1717361780206 0.6923889517784119 103
1717361783658 0.6896845102310181 104
1717361787134 0.6958184838294983 105
1717361790528 0.6968317031860352 106
1717361793902 0.6954213380813599 107
1717361797297 0.6934257745742798 108
1717361810834 0.6931820511817932 109
1717361814293 0.6923078298568726 110
1717361817777 0.6889397501945496 111
1717361821302 0.6973958611488342 112
1717361824799 0.696312427520752 113
1717361828262 0.7013717889785767 114
1717361831715 0.6970617771148682 115
1717361835175 0.6984003186225891 116
1717361838678 0.6924110054969788 117
1717361842011 0.6930310726165771 118
1717361855494 0.693160891532898 119
1717361858954 0.6938419938087463 120
1717361862473 0.69169020652771 121
1717361865944 0.6890407800674438 122
1717361869421 0.6958472728729248 123
1717361872856 0.6912103295326233 124
1717361876334 0.6990259289741516 125
1717361879866 0.6929888725280762 126
1717361883373 0.702001690864563 127
1717361886876 0.7001516222953796 128
1717361900600 0.6939849257469177 129
1717361904081 0.6928743720054626 130
1717361907564 0.6904656887054443 131
1717361911077 0.6912015676498413 132
1717361914558 0.6976499557495117 133
1717361918068 0.6977392435073853 134
1717361921568 0.7014418840408325 135
1717361925075 0.7048513889312744 136
1717361928672 0.7141294479370117 137
1717361932237 0.6986346244812012 138
1717361945722 0.6929474472999573 139
1717361949166 0.6931479573249817 140
1717361952684 0.6938307881355286 141
1717361956147 0.6912194490432739 142
1717361959581 0.6919366717338562 143
1717361963037 0.7124865055084229 144
1717361966549 0.7098158001899719 145
1717361970063 0.6925374865531921 146
1717361973543 0.6953891515731812 147
1717361977057 0.6923848390579224 148
1717361990611 0.6933120489120483 149
1717361994075 0.6931048631668091 150
1717361997759 0.694054901599884 151
1717362001204 0.696351170539856 152
1717362004672 0.6949700117111206 153
1717362008139 0.6955910325050354 154
1717362011656 0.6948314309120178 155
1717362015193 0.6919382810592651 156
1717362018665 0.6938309669494629 157
1717362022168 0.6931167840957642 158
1717362035512 0.6932499408721924 159
1717362038588 0.6930940747261047 160
1717362042023 0.6925716400146484 161
1717362045394 0.6933969855308533 162
1717362048846 0.6927010416984558 163
1717362052286 0.6933276653289795 164
1717362055757 0.6916453838348389 165
1717362058978 0.693286657333374 166
1717362062428 0.6966710090637207 167
1717362065801 0.6926767826080322 168
1717362079369 0.6934176087379456 169
1717362082772 0.6947035193443298 170
1717362086298 0.6913248896598816 171
1717362089742 0.6928160190582275 172
1717362093242 0.6924786567687988 173
1717362096528 0.6953782439231873 174
1717362099865 0.6936857104301453 175
1717362103289 0.6931157112121582 176
1717362106738 0.6920481324195862 177
1717362110003 0.6938868165016174 178
1717362123413 0.6948099136352539 179
1717362126598 0.6972154378890991 180
1717362129890 0.6920493841171265 181
1717362133296 0.6916878819465637 182
1717362136747 0.6913509368896484 183
1717362140281 0.698722243309021 184
1717362143773 0.6926609873771667 185
1717362147311 0.6926945447921753 186
1717362150469 0.6925917863845825 187
1717362154780 0.6923143863677979 188
1717362170225 0.6940012574195862 189
1717362173687 0.693448543548584 190
1717362177177 0.6931309700012207 191
1717362180728 0.6928778290748596 192
1717362184137 0.6923844814300537 193
1717362187751 0.6926597952842712 194
1717362191254 0.6947509050369263 195
1717362194231 0.6954230666160583 196
1717362197793 0.6952850222587585 197
1717362201330 0.6926869750022888 198
1717362204851 0.6924118399620056 199
1717362208307 0.6940829157829285 200
1717362211842 0.693025529384613 201
1717362215361 0.6939831376075745 202
1717362218863 0.6937351226806641 203
1717362222353 0.694989025592804 204
1717362225850 0.6911776661872864 205
1717362229357 0.6973497867584229 206
1717362242765 0.6935639977455139 207
1717362246241 0.6927628517150879 208
1717362249723 0.6935123205184937 209
1717362253221 0.6936264038085938 210
1717362256701 0.6935932040214539 211
1717362260195 0.6928927898406982 212
1717362263711 0.6959862112998962 213
1717362267218 0.6961944103240967 214
1717362270768 0.6919196844100952 215
1717362274334 0.6933506727218628 216
1717362287756 0.693260669708252 217
1717362291199 0.6932779550552368 218
1717362294656 0.6931682825088501 219
1717362298112 0.6931179761886597 220
1717362301583 0.694051206111908 221
1717362305024 0.6933982372283936 222
1717362308521 0.693172037601471 223
1717362312002 0.6930069327354431 224
1717362315530 0.6928184032440186 225
1717362319015 0.6937592625617981 226
1717362332297 0.6921440362930298 227
1717362335687 0.6912466883659363 228
1717362339131 0.6901779770851135 229
1717362342634 0.6971445083618164 230
1717362346091 0.6912036538124084 231
1717362349610 0.7008388042449951 232
1717362353111 0.6985677480697632 233
1717362356561 0.6962043046951294 234
1717362360060 0.6920104026794434 235
1717362363541 0.6933515071868896 236
1717362377140 0.6927022933959961 237
1717362380558 0.6916294693946838 238
1717362384041 0.694386899471283 239
1717362387491 0.6966502070426941 240
1717362390966 0.694516658782959 241
1717362394516 0.6992226243019104 242
1717362397995 0.6950383186340332 243
1717362401449 0.6924068927764893 244
1717362404986 0.6929670572280884 245
1717362408412 0.6933048367500305 246
1717362421789 0.6931180357933044 247
1717362425119 0.6935924291610718 248
1717362428537 0.6930251717567444 249
1717362431770 0.6928934454917908 250
1717362435242 0.6943356990814209 251
1717362438780 0.6925939917564392 252
1717362442236 0.6933202743530273 253
1717362445739 0.6933362483978271 254
1717362449195 0.6935756206512451 255
1717362452706 0.6933736801147461 256
1717362466076 0.693954348564148 257
1717362469506 0.6947625279426575 258
1717362472956 0.6924297213554382 259
1717362476484 0.6943585276603699 260
1717362479953 0.6929922699928284 261
1717362483495 0.6931516528129578 262
1717362486930 0.6935063600540161 263
1717362490411 0.6931340098381042 264
1717362493859 0.6932758688926697 265
1717362497407 0.6930267214775085 266
1717362510899 0.6947361826896667 267
1717362514424 0.6935895085334778 268
1717362517793 0.6915110945701599 269
1717362521154 0.6942943930625916 270
1717362524367 0.6957413554191589 271
1717362527718 0.6933684349060059 272
1717362531140 0.6933382153511047 273
1717362534472 0.6933782696723938 274
1717362537973 0.6917039752006531 275
1717362541419 0.6940078139305115 276
1717362554934 0.6939141154289246 277
1717362558389 0.6904922723770142 278
1717362561888 0.6941989660263062 279
1717362565383 0.6946198344230652 280
1717362568898 0.6905047297477722 281
1717362572489 0.6965181827545166 282
1717362575892 0.6923848390579224 283
1717362579405 0.6919822096824646 284
1717362582825 0.6923264861106873 285
1717362586267 0.693035900592804 286
1717362599734 0.6930261254310608 287
1717362603178 0.6923651099205017 288
1717362606713 0.6933928728103638 289
1717362610154 0.692790150642395 290
1717362613641 0.6932735443115234 291
1717362617158 0.6944558024406433 292
1717362620650 0.6923184990882874 293
1717362623559 0.6942248940467834 294
1717362627019 0.6932358145713806 295
1717362630476 0.6934343576431274 296
1717362633960 0.69291752576828 297
1717362637424 0.690841794013977 298
1717362640843 0.6934818029403687 299
1717362644241 0.6992009878158569 300
1717362647525 0.6927148103713989 301
1717362650980 0.694721519947052 302
1717362654239 0.6939747929573059 303
1717362657580 0.6927815079689026 304
1717362670914 0.6936203241348267 305
1717362674237 0.6925505995750427 306
1717362677455 0.6928920745849609 307
1717362680915 0.693865954875946 308
1717362684353 0.6993933916091919 309
1717362687636 0.693421483039856 310
1717362691070 0.6936918497085571 311
1717362694598 0.6934530138969421 312
1717362698062 0.6909943222999573 313
1717362701532 0.6936357021331787 314
1717362715006 0.6936365962028503 315
1717362718470 0.6924243569374084 316
1717362721919 0.6942979097366333 317
1717362725403 0.6926892995834351 318
1717362728893 0.6937538981437683 319
1717362732330 0.6971523761749268 320
1717362735848 0.6958514451980591 321
1717362739408 0.6945626139640808 322
1717362742889 0.695421040058136 323
1717362746377 0.6967009902000427 324
1717362759532 0.6935408115386963 325
1717362762796 0.6931950449943542 326
1717362766149 0.6926952004432678 327
1717362769494 0.6923843622207642 328
1717362772757 0.6963754892349243 329
1717362775892 0.697381854057312 330
1717362779133 0.6912068128585815 331
1717362782404 0.6891000270843506 332
1717362785794 0.700425386428833 333
1717362789090 0.6957907676696777 334
1717362802468 0.6949912309646606 335
1717362805916 0.6931532025337219 336
1717362809417 0.6931788325309753 337
1717362812726 0.6962112784385681 338
1717362816115 0.688967764377594 339
1717362819471 0.6973217725753784 340
1717362822875 0.6908236742019653 341
1717362826300 0.6938285231590271 342
1717362829741 0.6920770406723022 343
1717362833275 0.6949504017829895 344
1717362846794 0.6916919350624084 345
1717362850297 0.6908172965049744 346
1717362853803 0.695396900177002 347
1717362857289 0.6938357353210449 348
1717362860839 0.6919897794723511 349
1717362864340 0.6923828125 350
1717362867824 0.6928181052207947 351
1717362871073 0.6936013698577881 352
1717362874538 0.6930302381515503 353
1717362877908 0.6930374503135681 354
1717362891431 0.6941608190536499 355
1717362894914 0.6931878924369812 356
1717362898369 0.6933403015136719 357
1717362901841 0.6929150819778442 358
1717362905392 0.6939371824264526 359
1717362908864 0.6939342021942139 360
1717362912365 0.6927984952926636 361
1717362915884 0.6933097243309021 362
1717362919364 0.6918735504150391 363
1717362922829 0.6984933614730835 364
1717362936258 0.6930729746818542 365
1717362939774 0.6941052675247192 366
1717362943237 0.6933885216712952 367
1717362946717 0.693362295627594 368
1717362950286 0.6937271952629089 369
1717362953805 0.6928214430809021 370
1717362957233 0.6940392255783081 371
1717362960737 0.6934216618537903 372
1717362964241 0.6904914379119873 373
1717362967869 0.6968997716903687 374
1717362981408 0.6978393197059631 375
1717362984860 0.6957815289497375 376
1717362988330 0.6926661729812622 377
1717362991788 0.6937595009803772 378
1717362995229 0.6933128237724304 379
1717362998552 0.6937653422355652 380
1717363002019 0.6930461525917053 381
1717363005452 0.6945796608924866 382
1717363008935 0.6944838166236877 383
1717363012416 0.6937519907951355 384
1717363025782 0.6931167244911194 385
1717363029209 0.6931573152542114 386
1717363032708 0.6930482387542725 387
1717363036216 0.6943008303642273 388
1717363039720 0.6943845152854919 389
1717363043208 0.6934655904769897 390
1717363047008 0.6934990882873535 391
1717363049978 0.6929978728294373 392
1717363053415 0.6928502321243286 393
1717363056866 0.6927558779716492 394
1717363060394 0.6917615532875061 395
1717363063780 0.6918706893920898 396
1717363067220 0.6955466866493225 397
1717363070715 0.696140468120575 398
1717363074151 0.6950246095657349 399
1717363077616 0.6894911527633667 400
1717363081129 0.6931390762329102 401
1717363084564 0.6942423582077026 402
1717363098038 0.6930480599403381 403
1717363101472 0.6938960552215576 404
1717363104908 0.6933925747871399 405
1717363108482 0.6932703852653503 406
1717363111680 0.6950415968894958 407
1717363114963 0.6941038966178894 408
1717363118301 0.6930294036865234 409
1717363121608 0.6929107308387756 410
1717363124964 0.6935029029846191 411
1717363128219 0.6928690671920776 412
1717363141658 0.6931991577148438 413
1717363145127 0.6931913495063782 414
1717363148687 0.6931378841400146 415
1717363152123 0.6929082274436951 416
1717363155635 0.691806972026825 417
1717363159085 0.6940187215805054 418
1717363162597 0.693605899810791 419
1717363166123 0.697003185749054 420
1717363169608 0.6971552968025208 421
1717363172880 0.6924774646759033 422
1717363186211 0.6934320330619812 423
1717363189620 0.693155825138092 424
1717363193118 0.6931290626525879 425
1717363196572 0.6923356056213379 426
1717363200116 0.6945384740829468 427
1717363203598 0.6893315315246582 428
1717363207021 0.6956262588500977 429
1717363210483 0.7005581259727478 430
1717363213946 0.6937003135681152 431
1717363217308 0.6915841102600098 432
1717363230701 0.6934710741043091 433
1717363234111 0.6931817531585693 434
1717363237548 0.6930578947067261 435
1717363240788 0.6920596957206726 436
1717363244282 0.6916128396987915 437
1717363247766 0.6932979226112366 438
1717363251212 0.6948684453964233 439
1717363254730 0.6959109306335449 440
1717363258202 0.701652467250824 441
1717363261877 0.6930458545684814 442
1717363275495 0.6930659413337708 443
1717363278977 0.6924590468406677 444
1717363282521 0.6932359337806702 445
1717363285995 0.6931434869766235 446
1717363289454 0.6937379837036133 447
1717363292944 0.6934437155723572 448
1717363296415 0.6914767622947693 449
1717363299852 0.6939246654510498 450
1717363303350 0.690337061882019 451
1717363306861 0.6944980621337891 452
1717363320164 0.692499041557312 453
1717363323521 0.6912223696708679 454
1717363326957 0.6951606869697571 455
1717363330469 0.6920571327209473 456
1717363333962 0.6971026659011841 457
1717363337448 0.6924142241477966 458
1717363340938 0.6927385330200195 459
1717363344457 0.6926555037498474 460
1717363347953 0.6931921243667603 461
1717363351328 0.6931471824645996 462
1717363364708 0.6924466490745544 463
1717363367902 0.6928724646568298 464
1717363371196 0.6908335089683533 465
1717363374512 0.695767879486084 466
1717363377934 0.693871021270752 467
1717363381304 0.7014514803886414 468
1717363384702 0.6907082796096802 469
1717363388090 0.6962348222732544 470
1717363391547 0.691802442073822 471
1717363394865 0.693833589553833 472
1717363408321 0.6929736137390137 473
1717363411747 0.6932795643806458 474
1717363415186 0.6925521492958069 475
1717363418713 0.691848874092102 476
1717363422196 0.69498211145401 477
1717363425709 0.696505606174469 478
1717363429194 0.6914358139038086 479
1717363432686 0.6945511698722839 480
1717363436197 0.6955374479293823 481
1717363439682 0.6891013979911804 482
1717363453062 0.6918603181838989 483
1717363456512 0.6943324208259583 484
1717363459975 0.6896322965621948 485
1717363463475 0.7001219987869263 486
1717363466967 0.6887632608413696 487
1717363470391 0.6968498229980469 488
1717363473882 0.6918429732322693 489
1717363476793 0.6946134567260742 490
1717363480031 0.692889928817749 491
1717363483460 0.6939495801925659 492
1717363486973 0.6938624382019043 493
1717363490424 0.6914422512054443 494
1717363493983 0.6984682083129883 495
1717363497480 0.6959790587425232 496
1717363500963 0.6935642957687378 497
1717363504491 0.6920651197433472 498
1717363507970 0.6936153173446655 499
1717363511485 0.6930102109909058 500
1717363525132 0.6931475400924683 501
1717363528597 0.69266676902771 502
1717363532060 0.6938599944114685 503
1717363535577 0.6936441659927368 504
1717363539114 0.6907135248184204 505
1717363542574 0.6900314688682556 506
1717363546043 0.6953622698783875 507
1717363549559 0.6986640095710754 508
1717363553044 0.6954641938209534 509
1717363556561 0.6930546760559082 510
1717363570118 0.6945443749427795 511
1717363573453 0.6927216649055481 512
1717363576960 0.6931260228157043 513
1717363580478 0.6932958364486694 514
1717363584071 0.6931653022766113 515
1717363587536 0.6924543380737305 516
1717363591019 0.6939412951469421 517
1717363594437 0.6935329437255859 518
1717363597931 0.694046676158905 519
1717363601432 0.6937159895896912 520
1717363614845 0.6925480961799622 521
1717363618316 0.6952071785926819 522
1717363621662 0.693133533000946 523
1717363625710 0.6935676336288452 524
1717363629186 0.6940858960151672 525
1717363632689 0.6902875304222107 526
1717363636177 0.6969627737998962 527
1717363639711 0.6907889246940613 528
1717363643182 0.6914659738540649 529
1717363646779 0.6870333552360535 530
1717363660268 0.6995011568069458 531
1717363663724 0.7028244137763977 532
1717363667211 0.6985828280448914 533
1717363670722 0.6918290257453918 534
1717363674196 0.6931922435760498 535
1717363677638 0.6918461322784424 536
1717363680996 0.6927053332328796 537
1717363684293 0.6868513822555542 538
1717363687846 0.7024167776107788 539
1717363691303 0.703741192817688 540
1717363704805 0.7032889723777771 541
1717363708230 0.6964204907417297 542
1717363711672 0.6923841834068298 543
1717363715222 0.6923380494117737 544
1717363718550 0.6934839487075806 545
1717363722058 0.692794680595398 546
1717363725586 0.6940639615058899 547
1717363729100 0.6934523582458496 548
1717363732690 0.6924960017204285 549
1717363736138 0.6912679076194763 550
1717363749568 0.6947072148323059 551
1717363752972 0.6953970789909363 552
1717363756453 0.695525050163269 553
1717363759915 0.6925231218338013 554
1717363763372 0.6931323409080505 555
1717363766860 0.6930408477783203 556
1717363770334 0.6929227113723755 557
1717363773815 0.6933872103691101 558
1717363777320 0.6948109269142151 559
1717363780748 0.6934676170349121 560
1717363794179 0.6948394775390625 561
1717363797572 0.6937623620033264 562
1717363800982 0.6938726902008057 563
1717363804432 0.6948196887969971 564
1717363807899 0.692054271697998 565
1717363811352 0.691886842250824 566
1717363814824 0.6959788799285889 567
1717363818306 0.6924301981925964 568
1717363821778 0.6943826079368591 569
1717363825261 0.6933475732803345 570
1717363838624 0.693390429019928 571
1717363842053 0.6931958198547363 572
1717363845526 0.6935341954231262 573
1717363849023 0.6951087713241577 574
1717363852536 0.6928766369819641 575
1717363856046 0.6930323243141174 576
1717363859546 0.6920384168624878 577
1717363862990 0.6944169402122498 578
1717363866431 0.6928833723068237 579
1717363870011 0.6957048177719116 580
1717363883403 0.6931757926940918 581
1717363886782 0.6931531429290771 582
1717363890289 0.6886295080184937 583
1717363893535 0.6954172849655151 584
1717363896846 0.6960864663124084 585
1717363900068 0.6954394578933716 586
1717363903318 0.6936354637145996 587
1717363906141 0.6830092072486877 588
1717363909445 0.6967071890830994 589
1717363912880 0.6959086656570435 590
1717363916374 0.6957550048828125 591
1717363919860 0.6939765810966492 592
1717363923286 0.6948585510253906 593
1717363926760 0.6937638521194458 594
1717363930310 0.694128692150116 595
1717363933704 0.6973559856414795 596
1717363937302 0.6963067650794983 597
1717363940868 0.6956368088722229 598
1717363954582 0.6938463449478149 599
1717363957935 0.694842517375946 600
1717363961205 0.6928675174713135 601
1717363964715 0.6943560242652893 602
1717363968232 0.6927980184555054 603
1717363971937 0.6911932826042175 604
1717363975488 0.6912574768066406 605
1717363978970 0.6953614950180054 606
1717363982467 0.6968832612037659 607
1717363986079 0.6982558369636536 608
1717363999557 0.7013240456581116 609
1717364003013 0.6979568004608154 610
1717364006464 0.6935701966285706 611
1717364009946 0.6945225596427917 612
1717364013443 0.6920761466026306 613
1717364016863 0.69405198097229 614
1717364020437 0.6914060711860657 615
1717364023853 0.6958915591239929 616
1717364027373 0.700182318687439 617
1717364030844 0.697567343711853 618
1717364044300 0.6926026344299316 619
1717364047710 0.6936424374580383 620
1717364051245 0.6927298307418823 621
1717364054761 0.6931993365287781 622
1717364058317 0.6941201090812683 623
1717364061828 0.6928852200508118 624
1717364065363 0.6977161169052124 625
1717364068839 0.6942039132118225 626
1717364072348 0.6925012469291687 627
1717364075864 0.692893385887146 628
1717364089260 0.6928538084030151 629
1717364092711 0.693712592124939 630
1717364096126 0.693024754524231 631
1717364099596 0.6957200765609741 632
1717364103289 0.6949442625045776 633
1717364106821 0.6916775703430176 634
1717364110359 0.6928746700286865 635
1717364113769 0.6948825716972351 636
1717364117241 0.6939534544944763 637
1717364120736 0.6934787631034851 638
1717364134261 0.692564070224762 639
1717364137798 0.6951999664306641 640
1717364141300 0.6932951211929321 641
1717364144804 0.6941598057746887 642
1717364148340 0.6898831725120544 643
1717364151806 0.7013794779777527 644
1717364155320 0.6923840045928955 645
1717364158831 0.6935306787490845 646
1717364162358 0.6933702230453491 647
1717364165855 0.6932564377784729 648
1717364179592 0.6951733231544495 649
1717364183031 0.6920861005783081 650
1717364186513 0.696471095085144 651
1717364189964 0.6933531165122986 652
1717364193367 0.6878344416618347 653
1717364196755 0.686432421207428 654
1717364199879 0.6970973014831543 655
1717364203223 0.6986536979675293 656
1717364206748 0.6934463381767273 657
1717364210273 0.6911946535110474 658
1717364223688 0.6940675973892212 659
1717364227185 0.6936019062995911 660
1717364230683 0.6921005845069885 661
1717364234208 0.6937190294265747 662
1717364237688 0.6931153535842896 663
1717364241183 0.6930501461029053 664
1717364244688 0.6953004598617554 665
1717364248206 0.6930258274078369 666
1717364251709 0.69294673204422 667
1717364255244 0.6938633918762207 668
1717364268653 0.693130373954773 669
1717364272062 0.6931479573249817 670
1717364275580 0.6932117342948914 671
1717364279083 0.6931958794593811 672
1717364282658 0.6929705739021301 673
1717364286156 0.6934280395507812 674
1717364289652 0.6945711970329285 675
1717364293119 0.691821277141571 676
1717364296585 0.6919909715652466 677
1717364300111 0.6911033987998962 678
1717364313713 0.687057614326477 679
1717364317094 0.6912034749984741 680
1717364320472 0.6984790563583374 681
1717364323763 0.697192907333374 682
1717364327251 0.6925739049911499 683
1717364330751 0.7069685459136963 684
1717364334213 0.6978234052658081 685
1717364337229 0.6958501935005188 686
1717364340707 0.6931559443473816 687
1717364344132 0.6922160983085632 688
1717364347620 0.6968026757240295 689
1717364351117 0.6937992572784424 690
1717364354618 0.6880314350128174 691
1717364358147 0.6936851739883423 692
1717364361629 0.6983180046081543 693
1717364365079 0.7060583829879761 694
1717364368608 0.701256275177002 695
1717364372148 0.6964880228042603 696
1717364385603 0.6924933791160583 697
1717364389045 0.6932832598686218 698
1717364392589 0.6966610550880432 699
1717364396077 0.6980937123298645 700
1717364399568 0.6955369114875793 701
1717364403106 0.6954735517501831 702
1717364406562 0.6904296278953552 703
1717364410050 0.6935921311378479 704
1717364413647 0.6915265917778015 705
1717364417244 0.6912895441055298 706
1717364430841 0.6933018565177917 707
1717364434282 0.6948564648628235 708
1717364437815 0.6913392543792725 709
1717364441083 0.6947938799858093 710
1717364444550 0.695269763469696 711
1717364448047 0.6930317878723145 712
1717364451589 0.6931521892547607 713
1717364455082 0.6957301497459412 714
1717364458601 0.696163535118103 715
1717364462064 0.6924871206283569 716
1717364475556 0.6932986974716187 717
1717364479038 0.6932340860366821 718
1717364482457 0.6931202411651611 719
1717364485936 0.6928781867027283 720
1717364489451 0.6930289268493652 721
1717364493005 0.6944270133972168 722
1717364496509 0.6945147514343262 723
1717364499264 0.6931493282318115 724
1717364502629 0.6927458047866821 725
1717364505991 0.693424642086029 726
1717364519616 0.6939873099327087 727
1717364522951 0.6966727375984192 728
1717364526193 0.6931828260421753 729
1717364529389 0.6924641728401184 730
1717364532793 0.6913719177246094 731
1717364536062 0.6923138499259949 732
1717364539460 0.6957575082778931 733
1717364542864 0.6961378455162048 734
1717364546219 0.6930994987487793 735
1717364549547 0.6950588226318359 736
1717364562881 0.6931344270706177 737
1717364566165 0.6935461163520813 738
1717364569516 0.6936243772506714 739
1717364572903 0.6931045055389404 740
1717364576273 0.6936330199241638 741
1717364579617 0.692264199256897 742
1717364582999 0.6913864612579346 743
1717364586269 0.6940841674804688 744
1717364589609 0.6963105201721191 745
1717364592903 0.694506049156189 746
1717364606235 0.6926913261413574 747
1717364609563 0.6916132569313049 748
1717364613022 0.6914433836936951 749
1717364616542 0.6947050094604492 750
1717364619997 0.6944131851196289 751
1717364623458 0.6926061511039734 752
1717364626957 0.6928632259368896 753
1717364630468 0.6930122375488281 754
1717364633997 0.6932615041732788 755
1717364637479 0.6931607127189636 756
1717364651004 0.6931490898132324 757
1717364654433 0.6934424042701721 758
1717364657916 0.6937918066978455 759
1717364661366 0.6915513873100281 760
1717364664849 0.694098711013794 761
1717364668305 0.6922027468681335 762
1717364671948 0.690807044506073 763
1717364675418 0.6910440921783447 764
1717364678697 0.6870026588439941 765
1717364682307 0.6991567611694336 766
1717364695758 0.6919026970863342 767
1717364699215 0.7000201940536499 768
1717364702729 0.6863533854484558 769
1717364706238 0.6932634711265564 770
1717364709751 0.7024344801902771 771
1717364713554 0.695813000202179 772
1717364717009 0.6928570866584778 773
1717364720477 0.6934084296226501 774
1717364723990 0.6921221017837524 775
1717364727456 0.6908336877822876 776
1717364740955 0.6950602531433105 777
1717364744361 0.703860342502594 778
1717364747956 0.6923662424087524 779
1717364751390 0.6911926865577698 780
1717364754810 0.6983973979949951 781
1717364758266 0.6918618083000183 782
1717364761723 0.6930288672447205 783
1717364764693 0.6927428841590881 784
1717364768243 0.6931783556938171 785
1717364771812 0.6938011050224304 786
1717364775319 0.6931185722351074 787
1717364778855 0.6931598782539368 788
1717364782373 0.6931067109107971 789
1717364785939 0.6933367252349854 790
1717364789455 0.6927495002746582 791
1717364793056 0.693233072757721 792
1717364796606 0.6921186447143555 793
1717364800109 0.6952120065689087 794
1717364813516 0.6941410303115845 795
1717364816975 0.6932805776596069 796
1717364820493 0.6931837797164917 797
1717364823963 0.6931642293930054 798
1717364827490 0.6926408410072327 799
1717364830970 0.6923470497131348 800
1717364834467 0.6935481429100037 801
1717364837997 0.6946521997451782 802
1717364841494 0.6916560530662537 803
1717364844913 0.6968502998352051 804
1717364858335 0.6932169198989868 805
1717364861744 0.6884551644325256 806
1717364865219 0.6917100548744202 807
1717364868694 0.6964235305786133 808
1717364872210 0.694260835647583 809
1717364875714 0.694036602973938 810
1717364879168 0.6939839720726013 811
1717364882682 0.693205714225769 812
1717364886163 0.6914498209953308 813
1717364889659 0.6933227777481079 814
1717364903148 0.7019223570823669 815
1717364906600 0.69464111328125 816
1717364910113 0.6916801333427429 817
1717364913672 0.6971950531005859 818
1717364917241 0.6936203837394714 819
1717364920495 0.6934579014778137 820
1717364924004 0.6927585601806641 821
1717364927536 0.6987560987472534 822
1717364930997 0.6953637003898621 823
1717364934421 0.6980605125427246 824
1717364947737 0.694298505783081 825
1717364951159 0.6931304931640625 826
1717364954484 0.6910300254821777 827
1717364957851 0.6936190724372864 828
1717364961239 0.689017653465271 829
1717364964493 0.6958898901939392 830
1717364967912 0.7032260894775391 831
1717364971457 0.6972041726112366 832
1717364974890 0.7081706523895264 833
1717364978191 0.6908232569694519 834
1717364991612 0.6958582997322083 835
1717364995048 0.693716824054718 836
1717364998561 0.6932757496833801 837
1717365002011 0.6996751427650452 838
1717365005602 0.6922478675842285 839
1717365009077 0.6862377524375916 840
1717365012487 0.6882057785987854 841
1717365015922 0.7023069262504578 842
1717365019327 0.6982735395431519 843
1717365022792 0.6929572820663452 844
1717365036048 0.7032738924026489 845
1717365039466 0.6950583457946777 846
1717365042885 0.6922671794891357 847
1717365046202 0.6956026554107666 848
1717365049578 0.6987800598144531 849
1717365052940 0.7045599222183228 850
1717365056323 0.6957611441612244 851
1717365059764 0.6979873180389404 852
1717365063098 0.6952891945838928 853
1717365066477 0.6953110098838806 854
1717365079776 0.6916601657867432 855
1717365083125 0.6936939358711243 856
1717365086239 0.6947846412658691 857
1717365089600 0.6961935758590698 858
1717365093028 0.6969085335731506 859
1717365096357 0.6952341794967651 860
1717365099919 0.6928785443305969 861
1717365103401 0.6939511895179749 862
1717365106953 0.6935824155807495 863
1717365110396 0.6932628154754639 864
1717365123808 0.6935269832611084 865
1717365127326 0.6931066513061523 866
1717365130818 0.6927770972251892 867
1717365134281 0.6930252313613892 868
1717365137782 0.6943490505218506 869
1717365141232 0.690707802772522 870
1717365144729 0.6923859715461731 871
1717365148216 0.6920523047447205 872
1717365151752 0.7015106678009033 873
1717365155255 0.6972410678863525 874
1717365168820 0.6906864643096924 875
1717365172246 0.6942719221115112 876
1717365175749 0.693159282207489 877
1717365179236 0.6941296458244324 878
1717365182786 0.6945012807846069 879
1717365186304 0.6936458349227905 880
1717365189773 0.6936179399490356 881
1717365192755 0.6921957731246948 882
1717365196244 0.6941887140274048 883
1717365199730 0.6933701038360596 884
1717365203264 0.6930391192436218 885
1717365206783 0.6930524110794067 886
1717365210297 0.693652331829071 887
1717365213993 0.692814826965332 888
1717365217487 0.6925733685493469 889
1717365220968 0.6926056742668152 890
1717365224449 0.6913308501243591 891
1717365227915 0.6890661716461182 892
1717365241312 0.6926556825637817 893
1717365244793 0.6998517513275146 894
1717365248366 0.6888408064842224 895
1717365251959 0.6927134394645691 896
1717365255409 0.6939877271652222 897
1717365258892 0.6925124526023865 898
1717365262404 0.6955680251121521 899
1717365265867 0.6890315413475037 900
1717365269322 0.6961687207221985 901
1717365272827 0.6954468488693237 902
1717365286032 0.6939098238945007 903
1717365289399 0.6956519484519958 904
1717365292881 0.6895750164985657 905
1717365296267 0.6935641765594482 906
1717365299720 0.6911932229995728 907
1717365303112 0.6961137056350708 908
1717365306401 0.6945744752883911 909
1717365309868 0.703942060470581 910
1717365313266 0.7014927864074707 911
1717365316628 0.6965556144714355 912
1717365329899 0.6930463314056396 913
1717365333202 0.6938466429710388 914
1717365336597 0.7036867737770081 915
1717365340069 0.6994556188583374 916
1717365343570 0.6939989328384399 917
1717365347058 0.6936637163162231 918
1717365350586 0.6958116888999939 919
1717365354110 0.6978161931037903 920
1717365357581 0.6946769952774048 921
1717365361078 0.6927523612976074 922
1717365374568 0.694573163986206 923
1717365377970 0.6946812272071838 924
1717365381453 0.6957083940505981 925
1717365384950 0.6983380317687988 926
1717365388448 0.7006886601448059 927
1717365391942 0.6923040151596069 928
1717365395411 0.6929140686988831 929
1717365398707 0.6941474080085754 930
1717365402234 0.6915743947029114 931
1717365405731 0.6937280893325806 932
1717365419159 0.6925687789916992 933
1717365422547 0.695124626159668 934
1717365425982 0.6926987171173096 935
1717365429479 0.693218469619751 936
1717365432950 0.6951435804367065 937
1717365436442 0.6929476857185364 938
1717365439952 0.6871398091316223 939
1717365443421 0.6994150876998901 940
1717365446912 0.7027546167373657 941
1717365450366 0.6904820799827576 942
1717365463855 0.6933202743530273 943
1717365467281 0.6929526329040527 944
1717365470783 0.6941541433334351 945
1717365474363 0.6936930418014526 946
1717365477849 0.6920828223228455 947
1717365481347 0.6948221921920776 948
1717365484859 0.6937652826309204 949
1717365488402 0.6908228397369385 950
1717365491932 0.6964592933654785 951
1717365495396 0.6921822428703308 952
1717365508793 0.6934213042259216 953
1717365512334 0.6944126486778259 954
1717365515803 0.6931488513946533 955
1717365519294 0.6931548714637756 956
1717365522829 0.6922077536582947 957
1717365526430 0.6976331472396851 958
1717365529921 0.6959460973739624 959
1717365533386 0.694947361946106 960
1717365536842 0.693027138710022 961
1717365540393 0.6933854818344116 962
1717365553770 0.6921771168708801 963
1717365557211 0.6921101212501526 964
1717365560738 0.6956464052200317 965
1717365564220 0.6944380402565002 966
1717365567715 0.6930125951766968 967
1717365571166 0.6900941133499146 968
1717365574726 0.6955912709236145 969
1717365578221 0.70381760597229 970
1717365581722 0.6908571124076843 971
1717365585212 0.691620409488678 972
1717365598614 0.6920995116233826 973
1717365602031 0.6934061646461487 974
1717365605484 0.6929795742034912 975
1717365609030 0.6931146383285522 976
1717365612524 0.6932585835456848 977
1717365616013 0.6937931180000305 978
1717365619520 0.6929602026939392 979
1717365622470 0.6947432160377502 980
1717365625902 0.6939319968223572 981
1717365629481 0.691735565662384 982
1717365633049 0.6963549256324768 983
1717365636506 0.692565381526947 984
1717365639553 0.6925010085105896 985
1717365642924 0.6926496028900146 986
1717365646209 0.6939883232116699 987
1717365649697 0.692130982875824 988
1717365653200 0.6966754198074341 989
1717365656747 0.6938896775245667 990
1717365670347 0.6942099332809448 991
1717365673829 0.6929374933242798 992
1717365677306 0.6946814656257629 993
1717365680794 0.6912230253219604 994
1717365684240 0.6950380802154541 995
1717365687702 0.6921575665473938 996
1717365691184 0.6949758529663086 997
1717365694665 0.6970983743667603 998
1717365698159 0.696823000907898 999
1717365701644 0.6944141983985901 1000
1717365714993 0.694294273853302 1001
1717365718538 0.6981431245803833 1002
1717365722033 0.6996381878852844 1003
1717365725533 0.6886485815048218 1004
1717365729007 0.6899614930152893 1005
1717365732402 0.6932282447814941 1006
1717365736030 0.6961737871170044 1007
1717365739562 0.6949776411056519 1008
1717365743081 0.6951847672462463 1009
1717365746579 0.6922997236251831 1010
1717365759945 0.6927495002746582 1011
1717365763247 0.6931673288345337 1012
1717365766594 0.6935325860977173 1013
1717365769886 0.6928757429122925 1014
1717365773216 0.6930464506149292 1015
1717365776446 0.6924653649330139 1016
1717365779725 0.6914401650428772 1017
1717365783027 0.6995426416397095 1018
1717365786268 0.6931375861167908 1019
1717365789716 0.6939873695373535 1020
1717365803082 0.6931307911872864 1021
1717365806517 0.6930093765258789 1022
1717365810014 0.6931782364845276 1023
1717365813542 0.6934480667114258 1024
1717365817009 0.6931359171867371 1025
1717365820474 0.6932229399681091 1026
1717365823938 0.693084180355072 1027
1717365827423 0.6934283375740051 1028
1717365830960 0.693118155002594 1029
1717365834479 0.6935424208641052 1030
1717365847916 0.6929318904876709 1031
1717365851404 0.6937029957771301 1032
1717365854863 0.6931582689285278 1033
1717365858338 0.693291187286377 1034
1717365861818 0.6931315064430237 1035
1717365865347 0.6930479407310486 1036
1717365868875 0.6932684183120728 1037
1717365872606 0.6944401860237122 1038
1717365876073 0.6931585669517517 1039
1717365879376 0.6918873190879822 1040
1717365892857 0.69499272108078 1041
1717365896300 0.6949831247329712 1042
1717365899804 0.6980806589126587 1043
1717365903312 0.6941090226173401 1044
1717365906831 0.6930251717567444 1045
1717365910271 0.6932306289672852 1046
1717365913868 0.6926937103271484 1047
1717365917309 0.690951406955719 1048
1717365920828 0.6973226070404053 1049
1717365924317 0.6911959648132324 1050
1717365937897 0.69173663854599 1051
1717365941352 0.6987215280532837 1052
1717365944842 0.7018104791641235 1053
1717365948439 0.6902004480361938 1054
1717365951936 0.696467399597168 1055
1717365955464 0.692442774772644 1056
1717365958974 0.6927357912063599 1057
1717365962490 0.6882176995277405 1058
1717365965988 0.6976906657218933 1059
1717365969704 0.7051509022712708 1060
1717365983053 0.6957970857620239 1061
1717365986487 0.7012071013450623 1062
1717365990016 0.6916514039039612 1063
1717365993559 0.6900107264518738 1064
1717365997026 0.69354647397995 1065
1717366000492 0.6936830282211304 1066
1717366003939 0.693172037601471 1067
1717366007365 0.6913135647773743 1068
1717366010837 0.6920825839042664 1069
1717366014354 0.7007274627685547 1070
1717366027687 0.698663592338562 1071
1717366031016 0.6956188678741455 1072
1717366034498 0.6964592933654785 1073
1717366037981 0.692402184009552 1074
1717366041508 0.6950010061264038 1075
1717366044990 0.6937551498413086 1076
1717366048486 0.6943163275718689 1077
1717366051485 0.6906070709228516 1078
1717366055014 0.6961280107498169 1079
1717366058479 0.6970192193984985 1080
1717366061930 0.6931424736976624 1081
1717366065458 0.6944596767425537 1082
1717366068956 0.6924711465835571 1083
1717366072499 0.6930919885635376 1084
1717366075977 0.6951504349708557 1085
1717366079510 0.6939759850502014 1086
1717366082984 0.693263053894043 1087
1717366086457 0.690910279750824 1088
1717366099928 0.691652774810791 1089
1717366103429 0.6994932889938354 1090
1717366106906 0.7018833160400391 1091
1717366110391 0.6923424601554871 1092
1717366113972 0.7030801177024841 1093
1717366117497 0.6896129250526428 1094
1717366120572 0.6928832530975342 1095
1717366123754 0.6929566860198975 1096
1717366127226 0.6951459646224976 1097
1717366130550 0.693207323551178 1098
1717366143742 0.69672030210495 1099
1717366147083 0.6959079504013062 1100
1717366150549 0.690670907497406 1101
1717366153965 0.6925347447395325 1102
1717366157312 0.6961421966552734 1103
1717366160750 0.6928737759590149 1104
1717366164133 0.6938042044639587 1105
1717366167537 0.6932896971702576 1106
1717366171002 0.6932005882263184 1107
1717366174437 0.6942169070243835 1108
1717366187733 0.6926897168159485 1109
1717366191136 0.6923152208328247 1110
1717366194546 0.6930333375930786 1111
1717366198002 0.6928818821907043 1112
1717366201447 0.6948293447494507 1113
1717366204898 0.6961758136749268 1114
1717366208313 0.6963308453559875 1115
1717366211815 0.693097710609436 1116
1717366215290 0.6922782063484192 1117
1717366218559 0.6921003460884094 1118
1717366231905 0.6991342306137085 1119
1717366235300 0.7012479901313782 1120
1717366238753 0.6928412318229675 1121
1717366242183 0.6929894089698792 1122
1717366245507 0.6926686763763428 1123
1717366248804 0.6949590444564819 1124
1717366252227 0.6933698654174805 1125
1717366255555 0.6934190988540649 1126
1717366258965 0.6951131820678711 1127
1717366262447 0.6934847831726074 1128
1717366276021 0.6950741410255432 1129
1717366279496 0.6937065124511719 1130
1717366283039 0.693071722984314 1131
1717366286491 0.6914279460906982 1132
1717366289989 0.6927061080932617 1133
1717366293579 0.6963702440261841 1134
1717366297054 0.6895862817764282 1135
1717366300496 0.7000423669815063 1136
1717366303959 0.6996718645095825 1137
1717366307444 0.687786340713501 1138
1717394096059 0.6912245750427246 1139
1717394099391 0.6984776854515076 1140
1717394102935 0.6912465691566467 1141
1717394106494 0.6945964097976685 1142
1717394109866 0.6931278705596924 1143
1717394113351 0.6942957639694214 1144
1717394116566 0.6916833519935608 1145
1717394120395 0.6923967599868774 1146
1717394124277 0.6864680051803589 1147
1717394127795 0.6987910866737366 1148
1717394143952 0.6982620358467102 1149
1717394149307 0.6978369951248169 1150
1717394154685 0.7015383243560791 1151
1717394159377 0.688764214515686 1152
1717394163027 0.6940231919288635 1153
1717394167719 0.6930413246154785 1154
1717394171107 0.6923278570175171 1155
1717394176232 0.6933397054672241 1156
1717394179802 0.6937668919563293 1157
1717394183158 0.6971287727355957 1158
1717394196316 0.6949925422668457 1159
1717394199696 0.6931553483009338 1160
1717394203179 0.6957686543464661 1161
1717394208152 0.6940056681632996 1162
1717394213231 0.6928389072418213 1163
1717394218013 0.6935277581214905 1164
1717394223933 0.6936634182929993 1165
1717394230021 0.6938296556472778 1166
1717394235213 0.693180501461029 1167
1717394240514 0.6928141713142395 1168
1717394255816 0.6938315033912659 1169
