1717616394102 0.6928172707557678 1
1717616396140 0.7739934921264648 2
1717616398366 0.6852693557739258 3
1717616400274 0.7107912302017212 4
1717616402028 0.6948343515396118 5
1717616403821 0.6912093162536621 6
1717616405617 0.6848494410514832 7
1717616407372 0.6870896220207214 8
1717616409020 0.6828217506408691 9
1717616410774 0.683199942111969 10
1717616420031 0.6709081530570984 11
1717616421792 0.6679538488388062 12
1717616423979 0.6698986291885376 13
1717616426402 0.6567995548248291 14
1717616428833 0.6293396353721619 15
1717616430954 0.6110392808914185 16
1717616432735 0.6476647257804871 17
1717616434634 0.6345275640487671 18
1717616435970 0.6073124408721924 19
1717616436721 0.6046165227890015 20
1717616444746 0.5721889138221741 21
1717616445478 0.6045349836349487 22
1717616446186 0.5994821786880493 23
1717616446725 0.5910758376121521 24
1717616447140 0.560761570930481 25
1717616447460 0.5904621481895447 26
1717616448078 0.593127429485321 27
1717616448982 0.6100947856903076 28
1717616449746 0.5481350421905518 29
1717616450278 0.5405587553977966 30
1717616458361 0.585368812084198 31
1717616458685 0.6178041696548462 32
1717616459161 0.6254619359970093 33
1717616459734 0.5721526741981506 34
1717616460862 0.5736221671104431 35
1717616461914 0.5776800513267517 36
1717616462873 0.5876588821411133 37
1717616463375 0.5527732968330383 38
1717616463716 0.56503826379776 39
1717616463995 0.5504701733589172 40
1717616471869 0.5521449446678162 41
1717616472057 0.5246441960334778 42
1717616472486 0.46397972106933594 43
1717616472757 0.4871009886264801 44
1717616472966 0.41314497590065 45
1717616473194 0.3953213691711426 46
1717616473402 0.41439664363861084 47
1717616473648 0.3937394618988037 48
1717616474195 0.40718287229537964 49
1717616474488 0.3612353801727295 50
1717616474785 0.4208298921585083 51
1717616475087 0.42175042629241943 52
1717616475388 0.3863270878791809 53
1717616483328 0.41641223430633545 54
1717616483540 0.4342759847640991 55
1717616483772 0.45683321356773376 56
1717616483983 0.3882918655872345 57
1717616484221 0.3977029025554657 58
1717616484434 0.36597442626953125 59
1717616484677 0.35732507705688477 60
1717616484942 0.3760850131511688 61
1717616485255 0.3367609977722168 62
1717616485558 0.38624656200408936 63
1717616493547 0.48748114705085754 64
1717616493773 0.4265812933444977 65
1717616493996 0.38451823592185974 66
1717616494219 0.38956761360168457 67
1717616494444 0.40662920475006104 68
1717616494679 0.4143565595149994 69
1717616494914 0.3711182177066803 70
1717616495205 0.3665558397769928 71
1717616495502 0.36862921714782715 72
1717616495790 0.40295854210853577 73
1717616503669 0.344400018453598 74
1717616503864 0.383211612701416 75
1717616504094 0.3680689036846161 76
1717616504314 0.417542040348053 77
1717616504558 0.44921591877937317 78
1717616504777 0.4076782763004303 79
1717616505018 0.4006376564502716 80
1717616505295 0.3850955367088318 81
1717616505586 0.3988816738128662 82
1717616505922 0.41713589429855347 83
1717616514183 0.3557409346103668 84
1717616514442 0.37421298027038574 85
1717616514913 0.38920819759368896 86
1717616515229 0.3737233877182007 87
1717616515528 0.3645080029964447 88
1717616515854 0.337752103805542 89
1717616516165 0.33947134017944336 90
1717616516474 0.3535793125629425 91
1717616516781 0.3532542586326599 92
1717616517076 0.38453084230422974 93
1717616517386 0.3469662666320801 94
1717616517697 0.7086464762687683 95
1717616518036 0.42987868189811707 96
1717616521491 0.47798943519592285 97
1717616521965 0.48050954937934875 98
1717616522517 0.3859584331512451 99
1717616522861 0.4218587875366211 100
1717616523171 0.4212089478969574 101
1717616523486 0.4247864782810211 102
1717616523803 0.41149255633354187 103
1717616524116 0.42478546500205994 104
1717616524432 0.3927718698978424 105
1717616524762 0.4032745063304901 106
1717616528846 0.4124477207660675 107
1717616529306 0.42256632447242737 108
1717616529772 0.34990644454956055 109
1717616530194 0.4082671105861664 110
1717616530612 0.38647690415382385 111
1717616531055 0.4028841555118561 112
1717616531551 0.36412495374679565 113
1717616532035 0.39713054895401 114
1717616532505 0.3498397171497345 115
1717616532921 0.32777056097984314 116
1717616536664 0.37456056475639343 117
1717616537009 0.3787647783756256 118
1717616537357 0.41062718629837036 119
1717616537714 0.39407652616500854 120
1717616538072 0.34250083565711975 121
1717616538422 0.3382534086704254 122
1717616538737 0.4078695774078369 123
1717616539034 0.3666190505027771 124
1717616539388 0.37120234966278076 125
1717616539722 0.36337709426879883 126
1717616543480 0.3361121714115143 127
1717616543921 0.3647170662879944 128
1717616544639 0.3493342399597168 129
1717616545129 0.2890203595161438 130
1717616545599 0.2814111113548279 131
1717616546047 0.28969988226890564 132
1717616546482 0.31947943568229675 133
1717616546930 0.28703275322914124 134
1717616547390 0.28844454884529114 135
1717616547865 0.26211997866630554 136
1717616548306 0.2723381221294403 137
1717616548745 0.2564277648925781 138
1717616549190 0.2963683307170868 139
1717616552870 0.34113961458206177 140
1717616553223 0.2695543169975281 141
1717616553558 0.29221218824386597 142
1717616553882 0.2923376262187958 143
1717616554281 0.30610889196395874 144
1717616554802 0.26523110270500183 145
1717616555210 0.266916960477829 146
1717616555684 0.2993588149547577 147
1717616556159 0.2702729105949402 148
1717616556638 0.357231467962265 149
1717616566624 0.275240421295166 150
1717616567013 0.33297809958457947 151
1717616567540 0.2815481424331665 152
1717616568096 0.24621246755123138 153
1717616568542 0.28551235795021057 154
1717616568974 0.3115347623825073 155
1717616569422 0.274884968996048 156
1717616569876 0.2873019576072693 157
1717616570354 0.26004278659820557 158
1717616570782 0.24159495532512665 159
1717616574802 0.2982344925403595 160
1717616575251 0.27602481842041016 161
1717616575655 0.3024379014968872 162
1717616576100 0.2692910134792328 163
1717616576509 0.25248926877975464 164
1717616576958 0.2608605921268463 165
1717616577424 0.337561696767807 166
1717616577899 0.3117276430130005 167
1717616578366 0.29383543133735657 168
1717616578802 0.2639034688472748 169
1717616582525 0.3045889437198639 170
1717616582868 0.25429585576057434 171
1717616583527 0.26478704810142517 172
1717616583955 0.24545395374298096 173
1717616584367 0.2714545428752899 174
1717616584795 0.24462765455245972 175
1717616585243 0.1976221352815628 176
1717616585670 0.2096722275018692 177
1717616586070 0.25313714146614075 178
1717616586594 0.29539260268211365 179
1717616587060 0.20090876519680023 180
1717616587541 0.23733603954315186 181
1717616588006 0.26982948184013367 182
1717616597362 0.22651655972003937 183
1717616597615 0.22184887528419495 184
1717616597877 0.23707683384418488 185
1717616598237 0.1806831955909729 186
1717616598629 0.2465636283159256 187
1717616599126 0.23359782993793488 188
1717616599584 0.20993834733963013 189
1717616600074 0.22456669807434082 190
1717616600534 0.19508123397827148 191
1717616601035 0.22872258722782135 192
1717616612189 0.2057100236415863 193
1717616612672 0.2184182107448578 194
1717616613109 0.2135704904794693 195
1717616613558 0.19038662314414978 196
1717616613980 0.2116020768880844 197
1717616614406 0.2223518043756485 198
1717616614841 0.22218477725982666 199
1717616615269 0.24136072397232056 200
1717616615739 0.2448105365037918 201
1717616616212 0.22143074870109558 202
1717616620271 0.22161783277988434 203
1717616620684 0.26112666726112366 204
1717616621119 0.1822866052389145 205
1717616621569 0.20780155062675476 206
1717616621975 0.22931022942066193 207
1717616622428 0.20221802592277527 208
1717616622832 0.2814948558807373 209
1717616623312 0.20941540598869324 210
1717616623786 0.23252564668655396 211
1717616624164 0.21825753152370453 212
1717616634867 0.23856540024280548 213
1717616635315 0.21634143590927124 214
1717616636105 0.2431238889694214 215
1717616636605 0.1789218932390213 216
1717616637052 0.17268547415733337 217
1717616637521 0.17803843319416046 218
1717616637978 0.16002923250198364 219
1717616638437 0.15798696875572205 220
1717616638845 0.19614002108573914 221
1717616639276 0.17720386385917664 222
1717616639716 0.19042713940143585 223
1717616640154 0.16777202486991882 224
1717616640503 0.16914544999599457 225
1717616651838 0.15533645451068878 226
1717616652292 0.20135852694511414 227
1717616652715 0.1967623382806778 228
1717616653134 0.18288873136043549 229
1717616653607 0.1945762038230896 230
1717616654000 0.17995521426200867 231
1717616654419 0.18755680322647095 232
1717616654821 0.1947048157453537 233
1717616655261 0.20621730387210846 234
1717616655707 0.19353584945201874 235
1717616666823 0.14303237199783325 236
1717616667325 0.183848038315773 237
1717616667800 0.1585317850112915 238
1717616668242 0.17816799879074097 239
1717616668708 0.20792271196842194 240
1717616669175 0.17706280946731567 241
1717616669588 0.24528661370277405 242
1717616670056 0.1881604641675949 243
1717616670490 0.1743898093700409 244
1717616670945 0.19176217913627625 245
1717616674905 0.17264002561569214 246
1717616675394 0.16850076615810394 247
1717616675801 0.1829443871974945 248
1717616676245 0.2322934865951538 249
1717616676827 0.19538865983486176 250
1717616677381 0.1586979478597641 251
1717616677762 0.15429015457630157 252
1717616678194 0.1903170496225357 253
1717616678620 0.19947458803653717 254
1717616679057 0.15543445944786072 255
1717616683400 0.18116934597492218 256
1717616683900 0.19214725494384766 257
1717616684643 0.14429134130477905 258
1717616685157 0.13127069175243378 259
1717616685604 0.10712407529354095 260
1717616686063 0.14711886644363403 261
1717616686514 0.1048440933227539 262
1717616686952 0.1740378737449646 263
1717616687415 0.14673420786857605 264
1717616687890 0.16573774814605713 265
1717616688357 0.1839366853237152 266
1717616688793 0.10905098170042038 267
1717616689264 0.1267385482788086 268
1717616694076 0.19606314599514008 269
1717616694532 0.17804984748363495 270
1717616695015 0.1559995859861374 271
1717616695457 0.1474320888519287 272
1717616695991 0.15291717648506165 273
1717616696463 0.17500300705432892 274
1717616697167 0.16318407654762268 275
1717616697674 0.1635812520980835 276
1717616698120 0.16956119239330292 277
1717616698777 0.16384784877300262 278
1717616711840 0.10748831927776337 279
1717616712367 0.12803351879119873 280
1717616712795 0.1357795000076294 281
1717616713277 0.13869567215442657 282
1717616713695 0.15243925154209137 283
1717616714262 0.13379085063934326 284
1717616714870 0.2156660109758377 285
1717616715352 0.1445322036743164 286
1717616715769 0.1466849148273468 287
1717616716274 0.18723958730697632 288
1717616720780 0.1132340207695961 289
1717616721274 0.15692085027694702 290
1717616721752 0.16772910952568054 291
1717616722264 0.175839364528656 292
1717616722716 0.1480177789926529 293
1717616723137 0.14791928231716156 294
1717616723618 0.21025632321834564 295
1717616724090 0.127487450838089 296
1717616724559 0.15257060527801514 297
1717616724977 0.12507112324237823 298
1717616729464 0.1968848556280136 299
1717616730007 0.14603860676288605 300
1717616730829 0.1821487694978714 301
1717616731338 0.10728135704994202 302
1717616731854 0.11160038411617279 303
1717616732322 0.10505460947751999 304
1717616732797 0.09104408323764801 305
1717616733278 0.1120254397392273 306
1717616733768 0.10996474325656891 307
1717616734264 0.1360841542482376 308
1717616734798 0.1395268440246582 309
1717616735278 0.12609191238880157 310
1717616735766 0.10419656336307526 311
1717616740150 0.13613195717334747 312
1717616740630 0.16826379299163818 313
1717616741105 0.12197665870189667 314
1717616741539 0.12467741221189499 315
1717616742019 0.12354627251625061 316
1717616742486 0.10676231235265732 317
1717616742978 0.12657001614570618 318
1717616743478 0.1344231516122818 319
1717616743952 0.08659706264734268 320
1717616744454 0.13905742764472961 321
1717616757017 0.10872377455234528 322
1717616757556 0.13218633830547333 323
1717616758064 0.16820856928825378 324
1717616758543 0.15749499201774597 325
1717616759039 0.1383061707019806 326
1717616759565 0.11546772718429565 327
1717616760132 0.11285355687141418 328
1717616760682 0.14983971416950226 329
1717616761319 0.1277453899383545 330
1717616761959 0.1115768551826477 331
1717616766067 0.13921388983726501 332
1717616766554 0.11778205633163452 333
1717616767032 0.14290973544120789 334
1717616767502 0.1366748809814453 335
1717616768000 0.13069917261600494 336
1717616768478 0.1318448781967163 337
1717616768916 0.1832999736070633 338
1717616769385 0.18357239663600922 339
1717616769862 0.16456301510334015 340
1717616770329 0.1841750144958496 341
1717616774168 0.1396166831254959 342
1717616774531 0.17450638115406036 343
1717616775324 0.15094321966171265 344
1717616775889 0.07810235768556595 345
1717616776382 0.1208975613117218 346
1717616776830 0.12090662121772766 347
1717616777260 0.09228122234344482 348
1717616777736 0.09673328697681427 349
1717616778187 0.13454583287239075 350
1717616778679 0.09646039456129074 351
1717616779164 0.12210823595523834 352
1717616779607 0.10073420405387878 353
1717616780431 0.12521150708198547 354
1717616784490 0.10943511873483658 355
1717616784965 0.10418317466974258 356
1717616785410 0.13364985585212708 357
1717616785884 0.08130289614200592 358
1717616786352 0.10545217990875244 359
1717616786776 0.07481231540441513 360
1717616787252 0.08075196295976639 361
1717616787673 0.08407564461231232 362
1717616788150 0.10870900005102158 363
1717616788596 0.11087317019701004 364
1717616792628 0.10304062813520432 365
1717616793085 0.1291331648826599 366
1717616793496 0.10154729336500168 367
1717616794109 0.08339058607816696 368
1717616794583 0.11582144349813461 369
1717616795036 0.10890407115221024 370
1717616795462 0.10395962744951248 371
1717616795905 0.10156675428152084 372
1717616796339 0.1183386743068695 373
1717616796774 0.11450110375881195 374
1717616807507 0.158418670296669 375
1717616807986 0.13569027185440063 376
1717616808452 0.10493876039981842 377
1717616808852 0.12650306522846222 378
1717616809401 0.10432098060846329 379
1717616809873 0.06021612882614136 380
1717616810362 0.1175590232014656 381
1717616810824 0.11294355243444443 382
1717616811264 0.10426098853349686 383
1717616811726 0.10878267139196396 384
1717616816236 0.12603960931301117 385
1717616816796 0.1162804663181305 386
1717616817593 0.15627498924732208 387
1717616818157 0.06162247061729431 388
1717616818642 0.11158132553100586 389
1717616819119 0.08732784539461136 390
1717616819585 0.09727844595909119 391
1717616820144 0.0898539125919342 392
1717616820639 0.07148849964141846 393
1717616821098 0.08093026280403137 394
1717616821521 0.09986809641122818 395
1717616821960 0.07863802462816238 396
1717616822416 0.07493459433317184 397
1717616827212 0.07232657819986343 398
1717616827803 0.07690288871526718 399
1717616828407 0.13037168979644775 400
1717616828947 0.05696750804781914 401
1717616829458 0.07456440478563309 402
1717616829935 0.09230112284421921 403
1717616830429 0.06201096624135971 404
1717616830891 0.07123871147632599 405
1717616831320 0.09939920902252197 406
1717616831744 0.11937732994556427 407
1717616843790 0.08064911514520645 408
1717616844298 0.07179807871580124 409
1717616844754 0.13939186930656433 410
1717616845356 0.0815051794052124 411
1717616845831 0.10572654753923416 412
1717616846314 0.12699775397777557 413
1717616846732 0.07806281000375748 414
1717616847209 0.13971684873104095 415
1717616847685 0.08468109369277954 416
1717616848209 0.1000075414776802 417
1717616853203 0.13333964347839355 418
1717616853670 0.08496640622615814 419
1717616854158 0.12895992398262024 420
1717616854584 0.17927370965480804 421
1717616855045 0.07894600182771683 422
1717616855519 0.18417656421661377 423
1717616855971 0.14395172894001007 424
1717616856428 0.10566966980695724 425
1717616856862 0.13388383388519287 426
1717616857331 0.1314561665058136 427
1717616861720 0.07206487655639648 428
1717616862191 0.13316470384597778 429
1717616862907 0.1525716781616211 430
1717616863495 0.1029343381524086 431
1717616863984 0.0832114890217781 432
1717616864484 0.079253189265728 433
1717616864986 0.10066740214824677 434
1717616865482 0.06382669508457184 435
1717616865887 0.11074823886156082 436
1717616866370 0.09649629145860672 437
1717616866789 0.05680679902434349 438
1717616867313 0.08209831267595291 439
1717616867802 0.05886336788535118 440
1717616871986 0.07181970775127411 441
1717616872467 0.10082364827394485 442
1717616872889 0.10742733627557755 443
1717616873381 0.06891457736492157 444
1717616873808 0.07282007485628128 445
1717616874320 0.05845550447702408 446
1717616874770 0.06827766448259354 447
1717616875282 0.09725938737392426 448
1717616875688 0.08120283484458923 449
1717616876152 0.07216647267341614 450
1717616880322 0.08541541546583176 451
1717616880791 0.07050514221191406 452
1717616881304 0.10697733610868454 453
1717616881763 0.09798037260770798 454
1717616882219 0.09913455694913864 455
1717616882651 0.09560136497020721 456
1717616883131 0.08497491478919983 457
1717616883566 0.11503839492797852 458
1717616884023 0.157500222325325 459
1717616884470 0.10015767812728882 460
1717616889453 0.09060395509004593 461
1717616889960 0.09173755347728729 462
1717616890498 0.13751648366451263 463
1717616891209 0.10932259261608124 464
1717616891716 0.15665431320667267 465
1717616892211 0.1184047982096672 466
1717616892725 0.0935264378786087 467
1717616893233 0.09606433659791946 468
1717616893693 0.09995846450328827 469
1717616894166 0.1014489009976387 470
1717616898614 0.09795285761356354 471
1717616899104 0.1018679291009903 472
1717616899845 0.11363215744495392 473
1717616900385 0.08549149334430695 474
1717616900884 0.08236894756555557 475
1717616901379 0.06320783495903015 476
1717616901849 0.05552512779831886 477
1717616902302 0.07540309429168701 478
1717616902801 0.04598235338926315 479
1717616903279 0.05616449564695358 480
1717616903734 0.09078443050384521 481
1717616904186 0.05599866062402725 482
1717616904646 0.07302578538656235 483
1717616908888 0.05947141349315643 484
1717616909360 0.10823667794466019 485
1717616909809 0.06228555738925934 486
1717616910245 0.077793650329113 487
1717616910707 0.10097115486860275 488
1717616911139 0.09722183644771576 489
1717616911577 0.0854484811425209 490
1717616912047 0.06697864830493927 491
1717616912555 0.11418604105710983 492
1717616913058 0.09885811060667038 493
1717616917692 0.08659706264734268 494
1717616918171 0.08408553898334503 495
1717616918727 0.12979355454444885 496
1717616919376 0.09924612939357758 497
1717616919878 0.09014175832271576 498
1717616920450 0.06952635198831558 499
1717616921091 0.11720060557126999 500
1717616921642 0.0800618827342987 501
1717616922176 0.05273722484707832 502
1717616922711 0.07184316217899323 503
1717616927536 0.13620848953723907 504
1717616928038 0.10549470037221909 505
1717616928589 0.09991354495286942 506
1717616929105 0.07059068232774734 507
1717616929637 0.12129535526037216 508
1717616930177 0.1344241052865982 509
1717616930781 0.12472391128540039 510
1717616931354 0.10687804222106934 511
1717616931937 0.0957641527056694 512
1717616932537 0.11988338828086853 513
