1717608268583 0.692058801651001 1
1717608298239 0.6911410689353943 2
1717608329932 0.718024730682373 3
1717608357072 0.6916605830192566 4
1717608382911 0.7002396583557129 5
1717608409248 0.6875201463699341 6
1717608434397 0.6901306509971619 7
1717608461659 0.6765259504318237 8
1717608488856 0.6742581129074097 9
1717608513097 0.6580023765563965 10
1717608560084 0.6547816395759583 11
1717608590798 0.6267686486244202 12
1717608606780 0.6970542669296265 13
1717608633065 0.6686580777168274 14
1717608656406 0.6725055575370789 15
1717608680142 0.6671091914176941 16
1717608704830 0.6650503277778625 17
1717608729435 0.6561461091041565 18
1717608755809 0.6446710824966431 19
1717608782403 0.6270655393600464 20
1717608831509 0.6196638941764832 21
1717608867862 0.5980206727981567 22
1717608907166 0.6219620108604431 23
1717608936515 0.5863275527954102 24
1717608962641 0.5849241018295288 25
1717608986984 0.6021574139595032 26
1717609011827 0.5977398753166199 27
1717609030886 0.564214825630188 28
1717609048957 0.5850494503974915 29
1717609061918 0.5664710402488708 30
1717609091274 0.8935156464576721 31
1717609103998 0.5592454671859741 32
1717609111691 0.5844510793685913 33
1717609116480 0.6720967292785645 34
1717609120686 0.6546300649642944 35
1717609128662 0.5994505286216736 36
1717609140075 0.6055795550346375 37
1717609156035 0.5817939639091492 38
1717609173870 0.5679450035095215 39
1717609195015 0.5248187184333801 40
1717609218102 0.5096962451934814 41
1717609237669 0.52759850025177 42
1717609251517 0.4929327964782715 43
1717609262022 0.4801584482192993 44
1717609268664 0.5278558135032654 45
1717609295200 0.47706976532936096 46
1717609299435 0.46326395869255066 47
1717609302781 0.44564107060432434 48
1717609306220 0.4370073080062866 49
1717609309691 0.4532736837863922 50
1717609313144 0.41956597566604614 51
1717609317990 0.4187706410884857 52
1717609322116 0.42557570338249207 53
1717609326227 0.4111063778400421 54
1717609330292 0.4631690979003906 55
1717609354142 0.4006761908531189 56
1717609357706 0.37895268201828003 57
1717609361160 0.38671061396598816 58
1717609364724 0.4133089780807495 59
1717609368163 0.39073508977890015 60
1717609371634 0.4084227681159973 61
1717609375012 0.46313297748565674 62
1717609378419 0.43122661113739014 63
1717609381937 0.3612304627895355 64
1717609385438 0.39848560094833374 65
1717609408957 0.36229056119918823 66
1717609412317 0.356295645236969 67
1717609415725 0.36085236072540283 68
1717609419180 0.36676669120788574 69
1717609421930 0.3571120798587799 70
1717609425543 0.3030618131160736 71
1717609429012 0.30020493268966675 72
1717609432551 0.32631537318229675 73
1717609435985 0.33458200097084045 74
1717609439487 0.3421989977359772 75
1717609443488 0.3246574401855469 76
1717609446787 0.3274955153465271 77
1717609450181 0.2678554654121399 78
1717609453648 0.25591662526130676 79
1717609457135 0.28533387184143066 80
1717609479683 0.30598440766334534 81
1717609482733 0.31516170501708984 82
1717609485931 0.28331226110458374 83
1717609488946 0.2874697744846344 84
1717609492077 0.27529069781303406 85
1717609495073 0.29941582679748535 86
1717609498128 0.32298776507377625 87
1717609501187 0.29356521368026733 88
1717609504298 0.2739883363246918 89
1717609507306 0.2896268367767334 90
1717609524564 0.2581077814102173 91
1717609527521 0.2827439308166504 92
1717609530594 0.3105860948562622 93
1717609533727 0.33746999502182007 94
1717609536704 0.2905508875846863 95
1717609539739 0.22286497056484222 96
1717609542749 0.24908402562141418 97
1717609546169 0.30274698138237 98
1717609549942 0.3270847201347351 99
1717609552919 0.2990313172340393 100
1717609575119 0.2890107035636902 101
1717609578144 0.347596138715744 102
1717609581198 0.34442853927612305 103
1717609584547 0.30058184266090393 104
1717609587080 0.27087119221687317 105
1717609590213 0.2486877590417862 106
1717609593309 0.26619890332221985 107
1717609596587 0.22336189448833466 108
1717609599739 0.22134964168071747 109
1717609603068 0.25403428077697754 110
1717609606609 0.21211189031600952 111
1717609610773 0.23029114305973053 112
1717609614725 0.22818732261657715 113
1717609618764 0.29141321778297424 114
1717609623923 0.2819332182407379 115
1717609648204 0.25032103061676025 116
1717609652343 0.24292831122875214 117
1717609656607 0.2575784921646118 118
1717609660354 0.2424042671918869 119
1717609663965 0.1979285627603531 120
1717609667593 0.23259387910366058 121
1717609671126 0.2476540058851242 122
1717609674687 0.24404272437095642 123
1717609678006 0.25016656517982483 124
1717609681605 0.25133562088012695 125
1717609700678 0.2672370374202728 126
1717609704208 0.24489454925060272 127
1717609707663 0.25398850440979004 128
1717609711179 0.19117628037929535 129
1717609714665 0.22353510558605194 130
1717609718087 0.1988348364830017 131
1717609721454 0.24294404685497284 132
1717609724431 0.23904767632484436 133
1717609727661 0.2705254852771759 134
1717609730996 0.20459449291229248 135
1717609752719 0.25583934783935547 136
1717609755676 0.2451133280992508 137
1717609758851 0.2481953203678131 138
1717609761916 0.27777183055877686 139
1717609764407 0.26407086849212646 140
1717609767593 0.21318991482257843 141
1717609770681 0.2196306437253952 142
1717609773737 0.19820578396320343 143
1717609776907 0.19723105430603027 144
1717609780011 0.1628672033548355 145
1717609783138 0.17433224618434906 146
1717609786249 0.1735185980796814 147
1717609789206 0.1516994684934616 148
1717609792344 0.19384010136127472 149
1717609795624 0.1885882318019867 150
1717609818154 0.20684649050235748 151
1717609821923 0.20714171230793 152
1717609825749 0.1734507977962494 153
1717609829403 0.23357468843460083 154
1717609832778 0.2831163704395294 155
1717609836110 0.17339570820331573 156
1717609839356 0.226161926984787 157
1717609842879 0.20294709503650665 158
1717609846685 0.2001952975988388 159
1717609850305 0.21721772849559784 160
1717609868466 0.2430758774280548 161
1717609872007 0.21497566998004913 162
1717609876175 0.17671851813793182 163
1717609880938 0.17439955472946167 164
1717609886133 0.1720283329486847 165
1717609891561 0.2249193638563156 166
1717609896718 0.20014189183712006 167
1717609901580 0.24329252541065216 168
1717609906072 0.25991716980934143 169
1717609910818 0.22167718410491943 170
1717609931451 0.19680975377559662 171
1717609933343 0.1969752013683319 172
1717609935203 0.22924748063087463 173
1717609936533 0.24731288850307465 174
1717609937486 0.25803613662719727 175
1717609938768 0.17846888303756714 176
1717609940050 0.20577731728553772 177
1717609941332 0.22809642553329468 178
1717609942615 0.22985245287418365 179
1717609943960 0.19550885260105133 180
1717609945461 0.15405763685703278 181
1717609947071 0.19956113398075104 182
1717609949041 0.1731524020433426 183
1717609951416 0.16174988448619843 184
1717609953339 0.14421480894088745 185
1717609962450 0.22090394794940948 186
1717609964405 0.17769424617290497 187
1717609966428 0.18358135223388672 188
1717609968812 0.21924559772014618 189
1717609970834 0.19093619287014008 190
1717609972467 0.20243854820728302 191
1717609974213 0.18199193477630615 192
1717609975718 0.2067934274673462 193
1717609977178 0.20550136268138885 194
1717609978709 0.1580130010843277 195
1717609987820 0.16248780488967896 196
1717609989401 0.23880715668201447 197
1717609991368 0.17147180438041687 198
1717609993601 0.1828116923570633 199
1717609995280 0.3752039968967438 200
1717609997045 0.2956019639968872 201
1717609998741 0.17696933448314667 202
1717610000653 0.29580458998680115 203
1717610002814 0.44321581721305847 204
1717610004769 0.3001782298088074 205
1717610015517 0.20320171117782593 206
1717610017273 0.19955183565616608 207
1717610019224 0.18209652602672577 208
1717610022223 0.21758757531642914 209
1717610026256 0.2126462608575821 210
1717610032233 0.18724825978279114 211
1717610037260 0.2148410975933075 212
1717610042753 0.1911882609128952 213
1717610047101 0.17825882136821747 214
1717610051223 0.15271352231502533 215
1717610055715 0.18308912217617035 216
1717610060211 0.19864487648010254 217
1717610064350 0.1893608123064041 218
1717610068348 0.19576549530029297 219
1717610072274 0.1768101006746292 220
1717610088582 0.17875009775161743 221
1717610092698 0.16343159973621368 222
1717610097013 0.17642703652381897 223
1717610101333 0.15002846717834473 224
1717610105996 0.18782053887844086 225
1717610111429 0.18523603677749634 226
1717610116036 0.159356027841568 227
1717610121268 0.1825658529996872 228
1717610125911 0.16179801523685455 229
1717610130248 0.17938438057899475 230
1717610140090 0.18092486262321472 231
1717610142134 0.17512303590774536 232
1717610144050 0.19108882546424866 233
1717610145864 0.21118710935115814 234
1717610147743 0.1625516414642334 235
1717610149535 0.17857475578784943 236
1717610151185 0.17858131229877472 237
1717610152761 0.16384823620319366 238
1717610154369 0.1742568463087082 239
1717610155944 0.18683136999607086 240
1717610165052 0.14473368227481842 241
1717610166885 0.17780467867851257 242
1717610168674 0.2097417116165161 243
1717610170306 0.17004990577697754 244
1717610171517 0.18498043715953827 245
1717610173172 0.13069014251232147 246
1717610174839 0.18507616221904755 247
1717610176408 0.14874643087387085 248
1717610178176 0.1337672621011734 249
1717610180150 0.14804628491401672 250
1717610182229 0.14678505063056946 251
1717610184650 0.12639430165290833 252
1717610187105 0.14255264401435852 253
1717610189876 0.14482446014881134 254
1717610192399 0.1711796522140503 255
1717610202106 0.14458532631397247 256
1717610204466 0.15168040990829468 257
1717610207074 0.14982488751411438 258
1717610210074 0.13033419847488403 259
1717610213141 0.13655632734298706 260
1717610216126 0.1528371423482895 261
1717610219490 0.16961771249771118 262
1717610222457 0.13698193430900574 263
1717610225825 0.14247162640094757 264
1717610228755 0.13917528092861176 265
1717610239151 0.131389319896698 266
1717610242248 0.1236593946814537 267
1717610245146 0.11423751711845398 268
1717610248107 0.15132036805152893 269
1717610251093 0.1444683074951172 270
1717610253715 0.13804219663143158 271
1717610256776 0.16284877061843872 272
1717610259657 0.13806024193763733 273
1717610263175 0.17805415391921997 274
1717610266689 0.15516185760498047 275
1717610278865 0.1392429918050766 276
1717610283148 0.14278443157672882 277
1717610287344 0.140412837266922 278
1717610290903 0.16066686809062958 279
1717610294245 0.13886219263076782 280
1717610297728 0.1343669295310974 281
1717610301458 0.11452524363994598 282
1717610304909 0.1433984637260437 283
1717610308483 0.13443021476268768 284
1717610311890 0.1164829209446907 285
1717610315166 0.11027152091264725 286
1717610318636 0.13749152421951294 287
1717610322262 0.17597989737987518 288
1717610325760 0.12855415046215057 289
1717610329318 0.07416872680187225 290
1717610339838 0.12042005360126495 291
1717610343118 0.12369145452976227 292
1717610346497 0.09795334935188293 293
1717610349165 0.0881272554397583 294
1717610352373 0.08204968273639679 295
1717610355326 0.15572509169578552 296
1717610358817 0.14259719848632812 297
1717610361831 0.0939365029335022 298
1717610364749 0.090090312063694 299
1717610367887 0.11216165870428085 300
1717610378240 0.12134753912687302 301
1717610381667 0.1303192377090454 302
1717610385074 0.087950199842453 303
1717610388631 0.11434376984834671 304
1717610391821 0.1315271109342575 305
1717610395171 0.12942269444465637 306
1717610398159 0.12482720613479614 307
1717610401687 0.11022171378135681 308
1717610405193 0.11784950643777847 309
1717610408331 0.09704745560884476 310
1717610423953 0.10863855481147766 311
1717610427207 0.08964285254478455 312
1717610430948 0.1104017123579979 313
1717610434811 0.1285535991191864 314
1717610437778 0.08836095780134201 315
1717610441328 0.1023746207356453 316
1717610444761 0.09697746485471725 317
1717610448395 0.08614516258239746 318
1717610451956 0.10822345316410065 319
1717610455525 0.08165249973535538 320
1717610459140 0.059188421815633774 321
1717610462741 0.08205714821815491 322
1717610466394 0.0768580287694931 323
1717610470054 0.07132994383573532 324
1717610473407 0.08731352537870407 325
1717610484018 0.09074204415082932 326
1717610487244 0.07757318764925003 327
1717610490530 0.09168566763401031 328
1717610493753 0.08889369666576385 329
1717610497022 0.10340461879968643 330
1717610500634 0.09062226861715317 331
1717610503970 0.09392081946134567 332
1717610507243 0.07480747997760773 333
1717610510900 0.09521336853504181 334
1717610514223 0.06004383787512779 335
1717610524984 0.0880088359117508 336
1717610528239 0.08871299028396606 337
1717610531642 0.10349233448505402 338
1717610534797 0.10653001815080643 339
1717610538064 0.08527203649282455 340
1717610541753 0.09331649541854858 341
1717610545057 0.10133109986782074 342
1717610548379 0.08321351557970047 343
1717610551408 0.07635581493377686 344
1717610554332 0.07046095281839371 345
1717610564796 0.09554025530815125 346
1717610568052 0.09481176733970642 347
1717610571252 0.08629921078681946 348
1717610574741 0.10092492401599884 349
1717610577515 0.08716976642608643 350
1717610580816 0.06464046239852905 351
1717610583752 0.11261438578367233 352
1717610586967 0.0564156174659729 353
1717610589738 0.11370722204446793 354
1717610592538 0.09592720866203308 355
1717610596120 0.08132480084896088 356
1717610599446 0.07945727556943893 357
1717610602103 0.09449248015880585 358
1717610604864 0.06962661445140839 359
1717610607710 0.05420289188623428 360
1717610617929 0.07380245625972748 361
1717610620826 0.08193127810955048 362
1717610623546 0.0921977311372757 363
1717610625961 0.057851873338222504 364
1717610628114 0.09281531721353531 365
1717610630156 0.05756575986742973 366
1717610632163 0.08560565114021301 367
1717610634271 0.09646210819482803 368
1717610636461 0.10838202387094498 369
1717610638788 0.09476406127214432 370
1717610648684 0.10476361960172653 371
1717610651381 0.09065940231084824 372
1717610654384 0.09024500101804733 373
1717610657688 0.10528512299060822 374
1717610662071 0.1376160979270935 375
1717610666408 0.11830548942089081 376
1717610670890 0.0668352022767067 377
1717610675433 0.09394494444131851 378
1717610680234 0.09255251288414001 379
1717610684839 0.0803164467215538 380
1717610701713 0.1105494573712349 381
1717610706362 0.11020055413246155 382
1717610711506 0.08062675595283508 383
1717610715952 0.11121547967195511 384
1717610719754 0.10346129536628723 385
1717610724073 0.10131017118692398 386
1717610728610 0.0830824077129364 387
1717610732886 0.07304120063781738 388
1717610737247 0.14122411608695984 389
1717610742096 0.09050757437944412 390
1717610746567 0.08431211858987808 391
1717610752109 0.06395000219345093 392
1717610756782 0.06960714608430862 393
1717610761485 0.07880397886037827 394
1717610766189 0.08724544942378998 395
1717610782977 0.08269339054822922 396
1717610788131 0.10893456637859344 397
1717610792660 0.0899280235171318 398
1717610796564 0.08647873252630234 399
1717610801460 0.06407347321510315 400
1717610806622 0.06481948494911194 401
1717610811143 0.07713256031274796 402
1717610816440 0.04470035806298256 403
1717610821092 0.1065426617860794 404
1717610825317 0.07513994723558426 405
1717610837202 0.1398274302482605 406
1717610841410 0.11190058290958405 407
1717610845636 0.07519713044166565 408
1717610850021 0.12092213332653046 409
1717610854375 0.07480841130018234 410
1717610859075 0.08985210955142975 411
1717610864096 0.1027713492512703 412
1717610869755 0.07655132561922073 413
1717610874510 0.11149809509515762 414
1717610879401 0.07942060381174088 415
1717610891660 0.11342351138591766 416
1717610895839 0.09833749383687973 417
1717610900938 0.06275981664657593 418
1717610905516 0.09575282782316208 419
1717610909271 0.11365054547786713 420
1717610913890 0.08422140032052994 421
1717610918245 0.07626273483037949 422
1717610922660 0.06557795405387878 423
1717610927051 0.07267782092094421 424
1717610932021 0.07843044400215149 425
1717610936570 0.08115135133266449 426
1717610940924 0.11949001997709274 427
1717610945547 0.06320230662822723 428
1717610950230 0.12480295449495316 429
1717610954367 0.08248210698366165 430
1717610965822 0.07957582175731659 431
1717610970494 0.0682864785194397 432
1717610974645 0.08027909696102142 433
1717610978820 0.11046888679265976 434
1717610983116 0.12714163959026337 435
1717610987917 0.06866437941789627 436
1717610992546 0.07038812339305878 437
1717610996581 0.09659658372402191 438
1717611000765 0.08338360488414764 439
1717611005234 0.09727358818054199 440
1717611017241 0.10725987702608109 441
1717611021969 0.0898585394024849 442
1717611025885 0.09929564595222473 443
1717611030457 0.08830666542053223 444
1717611035023 0.08577968925237656 445
1717611039756 0.0850386992096901 446
1717611043944 0.07280432432889938 447
1717611048686 0.08642341941595078 448
1717611053735 0.0987447053194046 449
1717611057904 0.08972830325365067 450
1717611070215 0.060716770589351654 451
1717611075107 0.08275031298398972 452
1717611079180 0.12852191925048828 453
1717611084310 0.10577119886875153 454
1717611088440 0.07338205724954605 455
1717611093834 0.05531181022524834 456
1717611098309 0.058887846767902374 457
1717611103333 0.06253110617399216 458
1717611108443 0.06787945330142975 459
1717611113277 0.06382940709590912 460
1717611117700 0.09098556637763977 461
1717611122813 0.05378175154328346 462
1717611127259 0.07845428586006165 463
1717611132541 0.06387487053871155 464
1717611136719 0.06930793076753616 465
1717611148488 0.0531923733651638 466
1717611153365 0.050547562539577484 467
1717611157603 0.055373530834913254 468
1717611162600 0.06104407459497452 469
1717611167705 0.056665774434804916 470
1717611173153 0.05093982815742493 471
1717611178514 0.049003228545188904 472
1717611183842 0.04091776907444 473
1717611189194 0.059280529618263245 474
1717611195134 0.08158057928085327 475
1717611208034 0.06956224143505096 476
1717611214094 0.07978576421737671 477
1717611219002 0.04516054689884186 478
1717611223439 0.07384840399026871 479
1717611228681 0.059308264404535294 480
1717611233408 0.08818639069795609 481
1717611238481 0.09488318115472794 482
1717611244802 0.051636308431625366 483
1717611248678 0.06459108740091324 484
1717611254477 0.09514886140823364 485
1717611265957 0.06943405419588089 486
1717611270217 0.070339135825634 487
1717611272303 0.07803874462842941 488
1717611273799 0.06795132160186768 489
1717611274983 0.07163462787866592 490
1717611276541 0.045945268124341965 491
1717611278008 0.023566395044326782 492
1717611279494 0.06360238790512085 493
1717611281006 0.09913322329521179 494
1717611282511 0.0378885455429554 495
1717611283981 0.04242584481835365 496
1717611285475 0.07383596152067184 497
1717611286972 0.07883156090974808 498
1717611288471 0.042436301708221436 499
1717611289948 0.058684464544057846 500
1717611299025 0.0538129098713398 501
1717611300691 0.06396578252315521 502
1717611302494 0.07916400581598282 503
1717611304353 0.09308266639709473 504
1717611306012 0.06870882213115692 505
1717611307844 0.07649362087249756 506
1717611309557 0.0437471903860569 507
1717611311456 0.07540113478899002 508
1717611313134 0.09202498942613602 509
1717611314708 0.09096834063529968 510
