1717355715719 0.7058837413787842 1
1717355715751 0.7106478214263916 2
1717355715766 0.7046852111816406 3
1717355715797 0.7013998627662659 4
1717355715818 0.6923416256904602 5
1717355715840 0.7083554267883301 6
1717355715861 0.694473385810852 7
1717355715882 0.686799168586731 8
1717355715903 0.6868565082550049 9
1717355715919 0.6999844908714294 10
1717355720166 0.7078021764755249 11
1717355720181 0.7086654901504517 12
1717355720213 0.6887274980545044 13
1717355720228 0.6846908330917358 14
1717355720244 0.6913459897041321 15
1717355720275 0.6917756199836731 16
1717355720294 0.6831143498420715 17
1717355720312 0.7024994492530823 18
1717355720320 0.6943269968032837 19
1717355720352 0.6914744973182678 20
1717355724609 0.6988746523857117 21
1717355724631 0.7031979560852051 22
1717355724648 0.695128321647644 23
1717355724666 0.6927362084388733 24
1717355724683 0.6926324963569641 25
1717355724703 0.6961020231246948 26
1717355724719 0.7055513262748718 27
1717355724735 0.6977274417877197 28
1717355724754 0.7066493630409241 29
1717355724771 0.6803976893424988 30
1717355729094 0.6837431192398071 31
1717355729111 0.7009217143058777 32
1717355729144 0.7144765257835388 33
1717355729161 0.7014383673667908 34
1717355729178 0.7016449570655823 35
1717355729195 0.6825889945030212 36
1717355729211 0.6981865167617798 37
1717355729228 0.6931214332580566 38
1717355729244 0.694513738155365 39
1717355729263 0.6967155933380127 40
1717355733626 0.6919443607330322 41
1717355733644 0.696317732334137 42
1717355733667 0.6905311346054077 43
1717355733679 0.6948813199996948 44
1717355733708 0.6892403364181519 45
1717355733727 0.698969304561615 46
1717355733745 0.6887768507003784 47
1717355733764 0.6943076252937317 48
1717355733774 0.7065485119819641 49
1717355733795 0.7162883281707764 50
1717355734877 0.7032274603843689 51
1717355734906 0.6942163705825806 52
1717355734924 0.6983890533447266 53
1717355734940 0.6973158121109009 54
1717355734957 0.6954966187477112 55
1717355734974 0.6974915266036987 56
1717355734990 0.6930614709854126 57
1717355735023 0.6860145330429077 58
1717355735038 0.6816570162773132 59
1717355735056 0.6960656642913818 60
1717355736122 0.6809902787208557 61
1717355736153 0.6950793862342834 62
1717355736169 0.7216660976409912 63
1717355736185 0.6983258724212646 64
1717355736200 0.6984859704971313 65
1717355736231 0.6987038850784302 66
1717355736247 0.7054768204689026 67
1717355736263 0.6995071768760681 68
1717355736278 0.6937766075134277 69
1717355736305 0.6971734762191772 70
1717355737368 0.6919739842414856 71
1717355737388 0.6956508755683899 72
1717355737403 0.6914798021316528 73
1717355737419 0.6851243376731873 74
1717355737450 0.6841321587562561 75
1717355737466 0.6866342425346375 76
1717355737481 0.6986838579177856 77
1717355737497 0.6689648032188416 78
1717355737520 0.6870546340942383 79
1717355737538 0.6949349641799927 80
1717355738602 0.7202682495117188 81
1717355738621 0.698308527469635 82
1717355738639 0.7245579957962036 83
1717355738659 0.6880691051483154 84
1717355738670 0.6921226382255554 85
1717355738687 0.7147771120071411 86
1717355738719 0.7196890711784363 87
1717355738737 0.6988431215286255 88
1717355738753 0.6994432806968689 89
1717355738770 0.6962798237800598 90
1717355739858 0.7034926414489746 91
1717355739874 0.6925315260887146 92
1717355739905 0.693372905254364 93
1717355739923 0.7223169803619385 94
1717355739944 0.7259992957115173 95
1717355739963 0.7106167078018188 96
1717355739968 0.6864482164382935 97
1717355739999 0.7035375833511353 98
1717355740014 0.6946521401405334 99
1717355740036 0.6889246106147766 100
1717355744383 0.695567786693573 101
1717355744401 0.6921238303184509 102
1717355744418 0.682223379611969 103
1717355744440 0.6911044716835022 104
1717355744451 0.6952127814292908 105
1717355744477 0.6948075294494629 106
1717355744485 0.7010616064071655 107
1717355744515 0.6917171478271484 108
1717355744533 0.7121618390083313 109
1717355744552 0.6876856088638306 110
1717355745631 0.6927400231361389 111
1717355745646 0.7013071775436401 112
1717355745662 0.6980001926422119 113
1717355745693 0.6953948140144348 114
1717355745709 0.6825146675109863 115
1717355745725 0.6997455358505249 116
1717355745740 0.7070311307907104 117
1717355745756 0.6919074058532715 118
1717355745787 0.6802241802215576 119
1717355745803 0.699206531047821 120
1717355746900 0.6825928092002869 121
1717355746918 0.70030677318573 122
1717355746936 0.7018489241600037 123
1717355746946 0.6946497559547424 124
1717355746962 0.6912627220153809 125
1717355746979 0.6925350427627563 126
1717355746996 0.7013512849807739 127
1717355747016 0.6861557364463806 128
1717355747045 0.7010604739189148 129
1717355747063 0.6971205472946167 130
1717355748111 0.6942168474197388 131
1717355748128 0.6890395283699036 132
1717355748161 0.7015499472618103 133
1717355748178 0.6993957161903381 134
1717355748195 0.6954787373542786 135
1717355748212 0.6900771856307983 136
1717355748228 0.6888290643692017 137
1717355748245 0.6977799534797668 138
1717355748262 0.6902296543121338 139
1717355748278 0.698216438293457 140
1717355749327 0.6988644599914551 141
1717355749344 0.6849113702774048 142
1717355749377 0.6924877762794495 143
1717355749394 0.6935437917709351 144
1717355749411 0.6968846917152405 145
1717355749427 0.7054550051689148 146
1717355749444 0.6902050971984863 147
1717355749461 0.6997054815292358 148
1717355749477 0.7133581042289734 149
1717355749494 0.6997682452201843 150
1717355750581 0.6990331411361694 151
1717355750600 0.6942357420921326 152
1717355750609 0.6951847672462463 153
1717355750640 0.6889945864677429 154
1717355750660 0.6961719989776611 155
1717355750676 0.7062394022941589 156
1717355750691 0.6989768147468567 157
1717355750709 0.7189059853553772 158
1717355750725 0.7130617499351501 159
1717355750740 0.7100786566734314 160
1717355751826 0.6949790716171265 161
1717355751843 0.6929038166999817 162
1717355751873 0.6854380965232849 163
1717355751891 0.6929818987846375 164
1717355751908 0.6937199831008911 165
1717355751925 0.690814733505249 166
1717355751942 0.7036373615264893 167
1717355751959 0.7018479108810425 168
1717355751975 0.691279411315918 169
1717355751992 0.7052815556526184 170
1717355753059 0.6862870454788208 171
1717355753075 0.6911392211914062 172
1717355753092 0.6872999668121338 173
1717355753117 0.6945028305053711 174
1717355753125 0.6950502395629883 175
1717355753141 0.6912928223609924 176
1717355753158 0.6856438517570496 177
1717355753191 0.7027252912521362 178
1717355753208 0.6888857483863831 179
1717355753225 0.7057384252548218 180
1717355754274 0.7056067585945129 181
1717355754290 0.7049486041069031 182
1717355754310 0.7143398523330688 183
1717355754339 0.6862514019012451 184
1717355754357 0.7009103298187256 185
1717355754374 0.6956499814987183 186
1717355754390 0.6921785473823547 187
1717355754407 0.6864469647407532 188
1717355754423 0.6868847012519836 189
1717355754443 0.6996094584465027 190
1717355755522 0.6944707632064819 191
1717355755539 0.7004259824752808 192
1717355755560 0.7025780081748962 193
1717355755576 0.6942360401153564 194
1717355755595 0.6913817524909973 195
1717355755606 0.6994412541389465 196
1717355755622 0.6986249685287476 197
1717355755640 0.6858304142951965 198
1717355755656 0.6964498162269592 199
1717355755673 0.6917120814323425 200
1717355755689 0.6974004507064819 201
1717355755722 0.6867711544036865 202
1717355755742 0.6940499544143677 203
1717355755759 0.6946989893913269 204
1717355755779 0.6950036287307739 205
1717355755788 0.6983047723770142 206
1717355760252 0.6988399028778076 207
1717355760267 0.6903261542320251 208
1717355760283 0.6975637078285217 209
1717355760299 0.6932346820831299 210
1717355760319 0.6993677020072937 211
1717355760334 0.6952776312828064 212
1717355760352 0.6932608485221863 213
1717355760368 0.6958064436912537 214
1717355760400 0.6996369957923889 215
1717355760415 0.6945554614067078 216
1717355761534 0.6913550496101379 217
1717355761551 0.6933025121688843 218
1717355761567 0.6897920966148376 219
1717355761584 0.6948290467262268 220
1717355761601 0.6875350475311279 221
1717355761618 0.6947677135467529 222
1717355761651 0.6904221177101135 223
1717355761667 0.6941174268722534 224
1717355761683 0.6937600374221802 225
1717355761699 0.7001341581344604 226
1717355762766 0.6920235753059387 227
1717355762786 0.6946633458137512 228
1717355762816 0.6924896240234375 229
1717355762832 0.6915302276611328 230
1717355762848 0.6982930898666382 231
1717355762863 0.6965206861495972 232
1717355762883 0.6937260031700134 233
1717355762900 0.6940980553627014 234
1717355762916 0.697271466255188 235
1717355762933 0.6969287991523743 236
1717355764013 0.6903706789016724 237
1717355764028 0.6857191920280457 238
1717355764044 0.6915380954742432 239
1717355764075 0.6888570785522461 240
1717355764091 0.6983835101127625 241
1717355764106 0.6921705603599548 242
1717355764122 0.697674572467804 243
1717355764149 0.6936474442481995 244
1717355764165 0.6887048482894897 245
1717355764182 0.6944817304611206 246
1717355765280 0.7022495865821838 247
1717355765297 0.682788610458374 248
1717355765314 0.6897894144058228 249
1717355765331 0.6885535717010498 250
1717355765347 0.6922893524169922 251
1717355765373 0.6941106915473938 252
1717355765379 0.6903982162475586 253
1717355765398 0.6941540837287903 254
1717355765426 0.6918822526931763 255
1717355765444 0.6927446722984314 256
1717355766513 0.699549674987793 257
1717355766528 0.6965145468711853 258
1717355766547 0.6949216723442078 259
1717355766562 0.6956884860992432 260
1717355766578 0.6877499222755432 261
1717355766594 0.6890261769294739 262
1717355766625 0.6954838633537292 263
1717355766630 0.6958509087562561 264
1717355766661 0.6911856532096863 265
1717355766677 0.6965485215187073 266
1717355767758 0.6882699131965637 267
1717355767777 0.6946068406105042 268
1717355767793 0.6967437863349915 269
1717355767809 0.7023681998252869 270
1717355767825 0.691506564617157 271
1717355767840 0.694674551486969 272
1717355767856 0.6921561360359192 273
1717355767887 0.6921964287757874 274
1717355767897 0.6915075778961182 275
1717355767923 0.6878012418746948 276
1717355769016 0.6989303231239319 277
1717355769031 0.6834855675697327 278
1717355769047 0.7031754851341248 279
1717355769062 0.7010140419006348 280
1717355769078 0.7017949819564819 281
1717355769109 0.7007983922958374 282
1717355769129 0.6934007406234741 283
1717355769147 0.6950698494911194 284
1717355769160 0.6879297494888306 285
1717355769175 0.6982568502426147 286
1717355770276 0.6931944489479065 287
1717355770293 0.6990311741828918 288
1717355770310 0.696408212184906 289
1717355770338 0.6947093605995178 290
1717355770356 0.694341778755188 291
1717355770359 0.6912792921066284 292
1717355770391 0.6909043788909912 293
1717355770407 0.6935323476791382 294
1717355770422 0.6932931542396545 295
1717355770445 0.6982347965240479 296
1717355771506 0.6953518986701965 297
1717355771526 0.6818347573280334 298
1717355771542 0.698236346244812 299
1717355771559 0.6910946369171143 300
1717355771575 0.6955854892730713 301
1717355771592 0.6864133477210999 302
1717355771624 0.6794430017471313 303
1717355771642 0.6824864149093628 304
1717355771659 0.6887942552566528 305
1717355771676 0.6998717188835144 306
1717355772767 0.683467447757721 307
1717355772782 0.6927481293678284 308
1717355772798 0.7130373120307922 309
1717355772829 0.6958715915679932 310
1717355772845 0.6985087990760803 311
1717355772858 0.6990921497344971 312
1717355772874 0.6993100643157959 313
1717355772889 0.6898242235183716 314
1717355772920 0.6990396976470947 315
1717355772936 0.7013499736785889 316
1717355774007 0.6938731670379639 317
1717355774022 0.7036144733428955 318
1717355774038 0.6861277222633362 319
1717355774054 0.6969149112701416 320
1717355774069 0.6933057308197021 321
1717355774101 0.6777355670928955 322
1717355774116 0.7017309665679932 323
1717355774132 0.6931827068328857 324
1717355774148 0.7013002038002014 325
1717355774179 0.6809816360473633 326
1717355775265 0.686188817024231 327
1717355775296 0.6986566185951233 328
1717355775312 0.6923803687095642 329
1717355775327 0.6934163570404053 330
1717355775343 0.7008276581764221 331
1717355775358 0.688707709312439 332
1717355775374 0.6929692625999451 333
1717355775405 0.6976639628410339 334
1717355775421 0.695531964302063 335
1717355775437 0.7030619382858276 336
1717355776526 0.6880879998207092 337
1717355776542 0.6954203844070435 338
1717355776558 0.6863298416137695 339
1717355776573 0.6902158260345459 340
1717355776589 0.696520209312439 341
1717355776620 0.7012787461280823 342
1717355776638 0.7032263278961182 343
1717355776657 0.6927549242973328 344
1717355776671 0.6888936161994934 345
1717355776686 0.6978123784065247 346
1717355777786 0.6910136938095093 347
1717355777804 0.6901253461837769 348
1717355777821 0.6923840045928955 349
1717355777837 0.6941445469856262 350
1717355777854 0.6911664009094238 351
1717355777870 0.7015949487686157 352
1717355777887 0.6938709020614624 353
1717355777904 0.6949256062507629 354
1717355777920 0.6890893578529358 355
1717355777937 0.692790687084198 356
1717355779013 0.6900243759155273 357
1717355779028 0.6903703808784485 358
1717355779060 0.6927171945571899 359
1717355779075 0.7011735439300537 360
1717355779091 0.6979129910469055 361
1717355779106 0.6846815943717957 362
1717355779122 0.6944462656974792 363
1717355779138 0.6879387497901917 364
1717355779170 0.6942232251167297 365
1717355779186 0.6975278258323669 366
1717355780248 0.7006610631942749 367
1717355780269 0.6935539841651917 368
1717355780285 0.6814619898796082 369
1717355780302 0.6956903338432312 370
1717355780319 0.6854540705680847 371
1717355780335 0.6971362829208374 372
1717355780352 0.6886690855026245 373
1717355780379 0.6910398602485657 374
1717355780385 0.6954496502876282 375
1717355780415 0.6964685916900635 376
1717355784682 0.6906722784042358 377
1717355784702 0.6951197981834412 378
1717355784718 0.6999135613441467 379
1717355784731 0.6957696676254272 380
1717355784748 0.6949892640113831 381
1717355784765 0.704186737537384 382
1717355784782 0.6970838308334351 383
1717355784798 0.6987071633338928 384
1717355784815 0.704679548740387 385
1717355784831 0.703156054019928 386
1717355785941 0.7076802253723145 387
1717355785957 0.6949822902679443 388
1717355785972 0.6993865966796875 389
1717355785988 0.6912922263145447 390
1717355786004 0.6944756507873535 391
1717355786019 0.6954545974731445 392
