1717345391353 0.6980284452438354 1
1717345391460 0.696307361125946 2
1717345391575 0.6943715214729309 3
1717345391685 0.7038788795471191 4
1717345391794 0.7000745534896851 5
1717345391872 0.7061258554458618 6
1717345391950 0.7072774171829224 7
1717345392060 0.7014577388763428 8
1717345392170 0.7006737589836121 9
1717345392272 0.6904724836349487 10
1717345396057 0.697046160697937 11
1717345396170 0.6970558762550354 12
1717345396256 0.6949229836463928 13
1717345396365 0.696039617061615 14
1717345396474 0.6954761147499084 15
1717345396537 0.6956641674041748 16
1717345396646 0.6940130591392517 17
1717345396740 0.6926883459091187 18
1717345396849 0.6997463703155518 19
1717345396958 0.6956696510314941 20
1717345400344 0.6924158334732056 21
1717345400406 0.6912535429000854 22
1717345400486 0.6947694420814514 23
1717345400596 0.6922648549079895 24
1717345400658 0.6877882480621338 25
1717345400767 0.6889452338218689 26
1717345400877 0.6945863366127014 27
1717345400939 0.6951180696487427 28
1717345401017 0.6925302743911743 29
1717345401080 0.696030855178833 30
1717345404403 0.6955001950263977 31
1717345404497 0.6965459585189819 32
1717345404616 0.6940546035766602 33
1717345404710 0.6910554766654968 34
1717345404819 0.6952559351921082 35
1717345404944 0.6937417984008789 36
1717345405053 0.6957057118415833 37
1717345405147 0.6971599459648132 38
1717345405261 0.6935622096061707 39
1717345405339 0.6928767561912537 40
1717345405834 0.695543646812439 41
1717345405949 0.6929575800895691 42
1717345406062 0.6905524134635925 43
1717345406124 0.691380500793457 44
1717345406204 0.6944751143455505 45
1717345406277 0.6953431963920593 46
1717345406355 0.6954625844955444 47
1717345406465 0.6928828954696655 48
1717345406543 0.6937915682792664 49
1717345406605 0.6940809488296509 50
