1717348186316 0.6925894021987915 1
1717348186712 0.8208945989608765 2
1717348187118 0.695313572883606 3
1717348187514 0.6980251669883728 4
1717348187915 0.6928616762161255 5
1717348188275 0.6915600299835205 6
1717348188636 0.7022034525871277 7
1717348189009 0.6938124895095825 8
1717348189387 1.1551059484481812 9
1717348189742 0.6916497945785522 10
1717348195004 0.7037462592124939 11
1717348195338 0.695679783821106 12
1717348195690 0.6971150636672974 13
1717348196035 0.695099413394928 14
1717348196363 0.6985001564025879 15
1717348196705 0.7009233236312866 16
1717348197049 0.7045590281486511 17
1717348197401 0.6949029564857483 18
1717348197751 0.6933273673057556 19
1717348198110 0.6937584280967712 20
1717348200333 0.694463849067688 21
1717348200764 0.6936352252960205 22
1717348201108 0.6929225325584412 23
1717348201478 0.6934182047843933 24
1717348201794 0.6947579979896545 25
1717348202154 0.6935291886329651 26
1717348202498 0.6925626993179321 27
1717348202841 0.6941690444946289 28
1717348203185 0.6935907006263733 29
1717348203509 0.6936300992965698 30
1717348208658 0.6912435293197632 31
1717348208996 0.6949114799499512 32
1717348209356 0.6970506906509399 33
1717348209695 0.6959457993507385 34
1717348210039 0.6927627921104431 35
1717348210352 0.6951566338539124 36
1717348210710 0.6929574608802795 37
1717348211054 0.6934752464294434 38
1717348211413 0.6940500140190125 39
1717348211788 0.6921000480651855 40
1717348213991 0.6933757662773132 41
1717348214304 0.6911740899085999 42
1717348214616 0.6949829459190369 43
1717348214957 0.6914128661155701 44
1717348215301 0.6953727602958679 45
1717348215651 0.6926316618919373 46
1717348216003 0.6933414340019226 47
1717348216332 0.6934186220169067 48
1717348216674 0.6927922368049622 49
1717348217018 0.6918450593948364 50
