1717437129043 0.712865948677063 1
1717437131985 83.58040618896484 2
1717437137627 6.994571208953857 3
1717437140249 61.51641845703125 4
1717437142627 72.1473617553711 5
1717437146501 68.44320678710938 6
1717437149814 47.669132232666016 7
1717437155056 9.943876266479492 8
1717437158711 30.318960189819336 9
1717437161567 56.864315032958984 10
1717437188217 55.62159729003906 11
1717437191138 50.65810775756836 12
1717437194135 32.31005859375 13
1717437198723 7.412365913391113 14
1717437201564 23.960832595825195 15
1717437203581 37.13676452636719 16
1717437205333 45.44258499145508 17
1717437207498 39.402137756347656 18
1717437209499 24.544397354125977 19
1717437210437 3.342926025390625 20
1717437222920 21.314117431640625 21
1717437224127 31.836151123046875 22
1717437225686 33.43669128417969 23
1717437226646 28.893482208251953 24
1717437227407 16.174028396606445 25
1717437228638 2.674185276031494 26
1717437229837 10.742612838745117 27
1717437231246 10.101617813110352 28
1717437233216 2.661428213119507 29
1717437234718 11.63558292388916 30
1717437245549 17.700170516967773 31
1717437247301 15.051773071289062 32
1717437248563 6.419142723083496 33
1717437249731 10.434701919555664 34
1717437251639 17.153976440429688 35
1717437252838 17.63701629638672 36
1717437253834 7.172928810119629 37
1717437254777 8.46031665802002 38
1717437256531 18.026742935180664 39
1717437257416 16.673486709594727 40
1717437270998 9.203003883361816 41
1717437272941 6.389039039611816 42
1717437273556 13.193449974060059 43
1717437274124 11.332586288452148 44
1717437274755 3.628112316131592 45
1717437275339 12.279383659362793 46
1717437275923 15.97987174987793 47
1717437276492 12.63865852355957 48
1717437277041 5.244042873382568 49
1717437277576 10.768966674804688 50
1717437288798 16.74799156188965 51
1717437289370 15.872706413269043 52
1717437290515 9.409345626831055 53
1717437291761 5.605197429656982 54
1717437292267 11.441997528076172 55
1717437292788 9.046792984008789 56
1717437293310 0.6935214400291443 57
1717437293845 8.451796531677246 58
1717437294372 7.291721820831299 59
1717437294899 1.3354027271270752 60
1717437302722 2.6254689693450928 61
1717437303238 4.493988513946533 62
1717437303752 2.474963665008545 63
1717437304241 6.663806438446045 64
1717437304763 7.1918535232543945 65
1717437305302 0.7276650667190552 66
1717437305803 4.4534220695495605 67
1717437306316 2.0473766326904297 68
1717437306843 7.688997268676758 69
1717437307349 8.513408660888672 70
1717437315119 1.585106372833252 71
1717437315633 11.243683815002441 72
1717437316123 15.339160919189453 73
1717437316611 10.971979141235352 74
1717437317135 0.8387405872344971 75
1717437317642 13.166439056396484 76
1717437318151 15.24419116973877 77
1717437318678 14.649479866027832 78
1717437319183 5.813718795776367 79
1717437319673 8.968707084655762 80
1717437327546 15.331390380859375 81
1717437328051 14.674153327941895 82
1717437328553 6.65690803527832 83
1717437329064 9.29721450805664 84
1717437329592 15.287625312805176 85
1717437330094 14.497659683227539 86
1717437330606 4.198675155639648 87
1717437331175 12.085331916809082 88
1717437331665 19.502546310424805 89
1717437332169 14.13293743133545 90
1717437339859 7.214484214782715 91
1717437340365 7.758047103881836 92
1717437340877 11.958406448364258 93
1717437341397 10.636476516723633 94
1717437341903 1.5889642238616943 95
1717437342413 14.109296798706055 96
1717437342925 19.47571563720703 97
1717437343446 16.737131118774414 98
1717437343952 8.422822952270508 99
1717437344460 6.8286261558532715 100
1717437352158 14.279507637023926 101
1717437352664 11.07679557800293 102
1717437353170 1.392480492591858 103
1717437353741 13.341958999633789 104
1717437354247 19.93433380126953 105
1717437354776 18.38050079345703 106
1717437355312 8.933835983276367 107
1717437355834 6.223522663116455 108
1717437356371 12.144302368164062 109
1717437356892 12.32089614868164 110
1717437364626 4.427168369293213 111
1717437365177 10.552027702331543 112
1717437365691 16.180805206298828 113
1717437366207 15.295988082885742 114
1717437366750 6.751930236816406 115
1717437367271 8.86919116973877 116
1717437367783 14.986509323120117 117
1717437368298 12.532173156738281 118
1717437368839 3.0509026050567627 119
1717437369359 13.334806442260742 120
1717437377057 18.485570907592773 121
1717437377558 16.090578079223633 122
1717437378072 8.027436256408691 123
1717437378585 6.33481502532959 124
1717437379090 12.310070037841797 125
1717437379606 10.545984268188477 126
1717437380133 1.2112327814102173 127
1717437380617 12.327746391296387 128
1717437381132 18.75470733642578 129
1717437381644 16.963415145874023 130
1717437389314 5.662984848022461 131
1717437389848 10.326319694519043 132
1717437390345 17.654937744140625 133
1717437390857 18.705692291259766 134
1717437391456 9.492476463317871 135
1717437391966 3.3028690814971924 136
1717437392484 8.41403865814209 137
1717437392981 4.6238603591918945 138
1717437393495 5.37813138961792 139
1717437394014 6.840552806854248 140
1717437401723 1.4233042001724243 141
1717437402244 9.579090118408203 142
1717437402754 13.188847541809082 143
1717437403275 7.507326126098633 144
1717437403796 4.5284881591796875 145
1717437404333 8.097308158874512 146
1717437404870 3.498455762863159 147
1717437405405 8.300823211669922 148
1717437405938 10.156784057617188 149
1717437406446 6.531301498413086 150
1717437414162 5.064248561859131 151
1717437414670 6.5421342849731445 152
1717437415188 0.6938315033912659 153
1717437415740 5.575767517089844 154
1717437416262 2.7068843841552734 155
1717437416809 7.323787689208984 156
1717437417353 8.236910820007324 157
1717437417898 4.637641429901123 158
1717437418426 7.616537094116211 159
1717437418941 12.127727508544922 160
1717437426657 5.787065505981445 161
1717437427194 4.9111738204956055 162
1717437427731 7.931230068206787 163
1717437428252 2.1748785972595215 164
1717437428798 10.011478424072266 165
1717437429313 13.289420127868652 166
1717437429842 9.14986801147461 167
1717437430374 3.4664134979248047 168
1717437430886 6.741734981536865 169
1717437431423 2.009723663330078 170
1717437439138 8.659080505371094 171
1717437439659 11.679296493530273 172
1717437440176 5.201935768127441 173
1717437440713 5.60841703414917 174
1717437441227 8.347929000854492 175
1717437441770 4.550992012023926 176
1717437442308 6.090726852416992 177
1717437442813 9.743753433227539 178
1717437443350 4.018169403076172 179
1717437443887 7.0840301513671875 180
1717437451682 10.57253360748291 181
1717437452758 6.232223987579346 182
1717437453480 5.588766098022461 183
1717437454376 17.723356246948242 184
1717437455497 4.116775989532471 185
1717437456044 5.981046676635742 186
1717437456603 8.87057876586914 187
1717437457156 4.2142229080200195 188
1717437457739 7.148425102233887 189
1717437458292 11.39976692199707 190
1717437466588 6.93665885925293 191
1717437467208 2.759737491607666 192
1717437467787 5.811624050140381 193
1717437468379 1.0109819173812866 194
1717437468969 8.250456809997559 195
1717437469552 9.240175247192383 196
1717437470079 2.602750539779663 197
1717437470658 9.874405860900879 198
1717437471187 15.021443367004395 199
1717437471716 12.092598915100098 200
1717437479707 2.4600188732147217 201
1717437480229 13.668293952941895 202
1717437480766 20.808616638183594 203
1717437481294 20.157211303710938 204
1717437481861 11.02659797668457 205
1717437482367 3.3049631118774414 206
1717437482920 8.145242691040039 207
1717437483453 6.336550235748291 208
1717437483974 2.9589638710021973 209
1717437484541 4.532057285308838 210
1717437492575 1.7822645902633667 211
1717437493096 0.7310857772827148 212
1717437493681 3.029585838317871 213
1717437494233 1.4648127555847168 214
1717437494765 1.186804175376892 215
1717437495309 2.1840853691101074 216
1717437495838 1.4020596742630005 217
1717437496384 1.0334948301315308 218
1717437496913 2.2377572059631348 219
1717437497465 2.8225417137145996 220
1717437505588 0.727126955986023 221
1717437506160 4.009640693664551 222
1717437506692 0.7808653116226196 223
1717437507255 5.9189958572387695 224
1717437508397 3.668524742126465 225
1717437508950 5.728265762329102 226
1717437509487 7.652839660644531 227
1717437510016 2.7403314113616943 228
1717437510592 9.413905143737793 229
1717437511193 11.896431922912598 230
1717437519267 7.476724624633789 231
1717437519851 3.2184410095214844 232
1717437520482 5.650568008422852 233
1717437521041 0.7093361616134644 234
1717437521691 5.779875755310059 235
1717437522369 4.283596038818359 236
1717437524382 3.8983280658721924 237
1717437525297 4.677606105804443 238
1717437526430 2.802652597427368 239
1717437528016 2.58644700050354 240
1717437536668 1.7766445875167847 241
1717437537634 1.9200751781463623 242
1717437538187 2.180936813354492 243
1717437539215 1.4498209953308105 244
1717437539859 2.5410375595092773 245
1717437540835 2.112179756164551 246
1717437541357 0.8621332049369812 247
1717437541940 1.1114710569381714 248
1717437542477 3.5791263580322266 249
1717437543023 0.7170946002006531 250
1717437550730 2.1989662647247314 251
1717437551298 3.3695738315582275 252
1717437551848 0.9391088485717773 253
1717437552392 6.102450370788574 254
1717437552951 4.944243907928467 255
1717437553482 2.591139793395996 256
1717437554045 3.2206082344055176 257
1717437554625 3.489302158355713 258
1717437555185 2.3987157344818115 259
1717437555746 4.542942523956299 260
1717437563461 4.042202472686768 261
1717437564086 2.7465550899505615 262
1717437564723 1.292776346206665 263
1717437567470 5.835201263427734 264
1717437568005 4.928488254547119 265
1717437568538 3.643263101577759 266
1717437569098 3.8808836936950684 267
1717437569662 1.6685372591018677 268
1717437570222 1.12835693359375 269
1717437570765 5.1704277992248535 270
1717437578963 3.629762649536133 271
1717437580785 4.4415411949157715 272
1717437581728 6.273841857910156 273
1717437582289 0.8163604736328125 274
1717437582818 8.101203918457031 275
1717437583371 8.749464988708496 276
1717437583893 2.1794497966766357 277
1717437584445 10.369641304016113 278
1717437584951 12.363564491271973 279
1717437585487 10.516855239868164 280
1717437593630 1.219283938407898 281
1717437594157 12.32333755493164 282
1717437594669 18.10387420654297 283
1717437595206 17.858657836914062 284
1717437595727 10.029168128967285 285
1717437596263 4.257927417755127 286
1717437596799 9.683744430541992 287
1717437597355 8.292435646057129 288
1717437597885 0.9781896471977234 289
1717437598423 11.176158905029297 290
1717437606424 14.21627426147461 291
1717437606940 10.572443008422852 292
1717437607477 0.6978942155838013 293
1717437608019 9.01101016998291 294
1717437608546 13.248398780822754 295
1717437609112 7.886732578277588 296
1717437609687 2.680779218673706 297
1717437610256 5.896768569946289 298
1717437611502 4.575058460235596 299
1717437612034 0.7579939365386963 300
1717437621523 0.700780987739563 301
1717437622169 0.733159601688385 302
1717437622690 1.1937018632888794 303
1717437623447 2.836556911468506 304
1717437623976 0.692054808139801 305
1717437624489 2.452728271484375 306
1717437625025 1.2375843524932861 307
1717437625542 0.9592390656471252 308
1717437626068 2.0870370864868164 309
1717437626588 1.9230537414550781 310
1717437634583 1.2524482011795044 311
1717437635109 1.85301673412323 312
1717437635625 2.2205898761749268 313
1717437636140 0.7120842933654785 314
1717437636679 1.2914445400238037 315
1717437637220 3.605844259262085 316
1717437637757 1.8057914972305298 317
1717437638309 7.925529956817627 318
1717437638820 8.019643783569336 319
1717437639323 1.2503575086593628 320
1717437647248 11.28093433380127 321
1717437647756 14.291268348693848 322
1717437648272 10.605232238769531 323
1717437648815 0.7545537352561951 324
1717437649320 7.641364097595215 325
1717437649841 7.083696365356445 326
1717437650378 0.9458916187286377 327
1717437650900 8.933223724365234 328
1717437651403 12.987639427185059 329
1717437651905 7.5521697998046875 330
1717437659762 3.0421950817108154 331
1717437660309 6.265030384063721 332
1717437660845 2.4786102771759033 333
1717437661358 7.6446990966796875 334
1717437661879 9.436219215393066 335
1717437662416 4.269354343414307 336
1717437662938 7.010045528411865 337
1717437663458 9.726846694946289 338
1717437663959 6.9445719718933105 339
1717437664481 2.738187551498413 340
1717437672320 5.84083890914917 341
1717437672827 2.296400785446167 342
1717437673348 7.470512390136719 343
1717437673870 9.255228042602539 344
1717437674391 4.601198196411133 345
1717437674913 6.29404354095459 346
1717437675435 7.566569805145264 347
1717437675966 2.4771628379821777 348
1717437676472 8.23772144317627 349
1717437676994 12.986083984375 350
1717437684791 7.403524875640869 351
1717437685308 3.6632425785064697 352
1717437685830 6.2567548751831055 353
1717437686351 1.11837637424469 354
1717437686872 9.321598052978516 355
1717437687407 10.791971206665039 356
1717437687940 4.945167064666748 357
1717437688462 6.7940778732299805 358
1717437688972 11.353950500488281 359
1717437689489 8.732959747314453 360
1717437697382 1.5866692066192627 361
1717437697915 4.485193252563477 362
1717437698442 0.7030134201049805 363
1717437698964 3.091641664505005 364
1717437699494 1.1182647943496704 365
1717437700013 1.064733624458313 366
1717437700547 2.2948408126831055 367
1717437701058 1.7232038974761963 368
1717437701574 1.121134638786316 369
1717437702105 2.1004559993743896 370
1717437709955 2.9461309909820557 371
1717437710473 0.9773122668266296 372
1717437711003 1.0715782642364502 373
1717437711531 2.6136224269866943 374
1717437712068 0.9360479712486267 375
1717437712603 0.7083863615989685 376
1717437713143 0.7358809113502502 377
1717437713658 1.5601052045822144 378
1717437714174 2.922996759414673 379
1717437714702 0.7106981873512268 380
1717437722545 1.4815566539764404 381
1717437723071 4.014288902282715 382
1717437723600 1.682560682296753 383
1717437724107 7.188969612121582 384
1717437724633 7.54221248626709 385
1717437725149 1.8686273097991943 386
1717437725667 11.282444953918457 387
1717437726180 13.04637336730957 388
1717437726708 10.736652374267578 389
1717437727244 1.2648897171020508 390
1717437735062 13.866913795471191 391
1717437735607 18.80976676940918 392
1717437736144 16.389175415039062 393
1717437736696 9.614228248596191 394
1717437737229 3.4208974838256836 395
1717437737742 9.986159324645996 396
1717437738296 8.284423828125 397
1717437738824 1.1014007329940796 398
1717437739345 10.775598526000977 399
1717437739866 15.726130485534668 400
1717437747774 12.652878761291504 401
1717437748291 2.2001521587371826 402
1717437748812 13.35084342956543 403
1717437749349 20.562257766723633 404
1717437749870 21.61327362060547 405
1717437750381 15.363402366638184 406
1717437750924 3.4728074073791504 407
1717437751492 14.167543411254883 408
1717437752002 25.835498809814453 409
1717437752502 29.876361846923828 410
1717437760298 19.462139129638672 411
1717437760803 7.690262317657471 412
1717437761325 10.735939025878906 413
1717437761830 19.432331085205078 414
1717437762324 20.00305938720703 415
1717437762820 15.551600456237793 416
1717437763342 2.293928861618042 417
1717437763848 15.840131759643555 418
1717437764353 25.706403732299805 419
1717437764859 24.587129592895508 420
1717437773080 23.064199447631836 421
1717437773612 10.851850509643555 422
1717437774190 5.418239116668701 423
1717437774701 13.08999252319336 424
1717437775254 12.094141960144043 425
1717437775761 5.071774482727051 426
1717437776266 8.266526222229004 427
1717437776866 13.346806526184082 428
1717437777399 9.537654876708984 429
1717437777903 1.052179217338562 430
1717437785709 5.032167911529541 431
1717437786213 1.3473916053771973 432
1717437786708 7.275765419006348 433
1717437787214 9.170503616333008 434
1717437787720 3.0496325492858887 435
1717437788239 10.494980812072754 436
1717437788741 14.036271095275879 437
1717437789255 9.956164360046387 438
1717437789768 0.7797107696533203 439
1717437790274 12.423568725585938 440
1717437798092 12.678914070129395 441
1717437798621 7.819855690002441 442
1717437799111 2.411781072616577 443
1717437799631 5.2779436111450195 444
1717437800241 0.7424628734588623 445
1717437801030 5.5854268074035645 446
1717437802093 3.994701862335205 447
1717437802843 2.371861457824707 448
1717437803464 1.1246501207351685 449
1717437804199 2.048017978668213 450
1717437812204 2.7181360721588135 451
1717437812801 1.3522439002990723 452
1717437813356 2.296929359436035 453
1717437813937 1.5709768533706665 454
1717437814505 1.569127082824707 455
1717437815034 2.319422960281372 456
1717437815548 1.570114016532898 457
1717437816080 1.9081947803497314 458
1717437816592 2.2713449001312256 459
1717437817113 1.5217993259429932 460
1717437824746 1.8563510179519653 461
1717437825258 1.8928048610687256 462
1717437825803 2.1006736755371094 463
1717437826340 2.1742124557495117 464
1717437826908 2.230083465576172 465
1717437827414 1.4520951509475708 466
1717437827936 2.1901540756225586 467
1717437828473 1.5137555599212646 468
1717437829007 1.9108976125717163 469
1717437829570 2.4362542629241943 470
1717437837282 1.1543912887573242 471
1717437837841 1.404089093208313 472
1717437838394 2.8946595191955566 473
1717437838965 0.7867586016654968 474
1717437839550 0.862591564655304 475
1717437840092 3.437095880508423 476
1717437840651 1.0591567754745483 477
1717437841204 0.7437178492546082 478
1717437841772 0.8130787014961243 479
1717437842356 2.280324697494507 480
1717437850275 2.278282403945923 481
1717437850827 0.7388967275619507 482
1717437851396 4.175015926361084 483
1717437852003 0.7609342932701111 484
1717437852563 1.8180289268493652 485
1717437853147 4.399374008178711 486
1717437853762 2.9661099910736084 487
1717437854331 6.459268093109131 488
1717437854899 8.20508098602295 489
1717437855749 4.198089122772217 490
1717437863387 2.236884593963623 491
1717437863924 6.594449996948242 492
1717437864508 6.965669631958008 493
1717437864994 1.6867880821228027 494
1717437865483 2.4579246044158936 495
1717437865976 4.760881423950195 496
1717437866478 3.581855058670044 497
1717437866992 4.892966270446777 498
1717437867505 6.678185939788818 499
1717437868008 0.7190806865692139 500
