1717509308700 0.6937459111213684 1
1717509309626 0.7042504549026489 2
1717509310437 0.7037522196769714 3
1717509311261 0.6904635429382324 4
1717509312135 0.6994743943214417 5
1717509313006 0.6925272941589355 6
1717509313814 0.6977809071540833 7
1717509314644 0.691633939743042 8
1717509315516 0.6932767629623413 9
1717509316347 0.6966676712036133 10
1717509325880 0.6941130757331848 11
1717509326706 0.6920469403266907 12
1717509327566 0.6921841502189636 13
1717509328380 0.6934506893157959 14
1717509329213 0.6954242587089539 15
1717509329963 0.69413822889328 16
