1717601684762 0.6972584128379822 1
1717601691603 0.6917951107025146 2
1717601698721 0.6929264068603516 3
1717601705623 0.6913753747940063 4
1717601713662 0.6930249929428101 5
1717601722109 0.6886334419250488 6
1717601729590 0.6852514147758484 7
1717601735816 0.6819199323654175 8
1717601743686 0.6801935434341431 9
1717601752787 0.6817407011985779 10
1717601773756 0.6938349008560181 11
1717601782109 0.6746746897697449 12
1717601790680 0.6527750492095947 13
1717601796083 0.6602068543434143 14
1717601801859 0.6699681282043457 15
1717601804061 0.6518216729164124 16
1717601804970 0.6552332043647766 17
1717601805548 0.609353244304657 18
1717601806153 0.6323636770248413 19
1717601806735 0.6716151833534241 20
1717601818169 0.6575276851654053 21
1717601818919 0.6426681876182556 22
1717601820267 0.6462590098381042 23
1717601822063 0.6533191800117493 24
1717601825634 0.6506577730178833 25
1717601830527 0.6464452743530273 26
1717601834071 0.6505769491195679 27
1717601837083 0.6269593834877014 28
1717601840481 0.6192205548286438 29
1717601845488 0.636455774307251 30
1717601861391 0.6041458249092102 31
1717601865358 0.6347178220748901 32
1717601868612 0.6231030225753784 33
1717601871057 0.6150438785552979 34
1717601872964 0.5755612254142761 35
1717601874241 0.5994279980659485 36
1717601875070 0.552615225315094 37
1717601875351 0.5488980412483215 38
1717601876005 0.49500447511672974 39
1717601876635 0.5131610631942749 40
1717601877318 0.5077649354934692 41
1717601877958 0.48634210228919983 42
1717601878583 0.5858673453330994 43
1717601879239 0.5055097341537476 44
1717601879862 0.4915677309036255 45
1717601880473 0.4943047761917114 46
1717601881098 0.47744420170783997 47
1717601881720 0.5076670050621033 48
1717601893572 0.4786772131919861 49
1717601894196 0.5088378190994263 50
1717601894812 0.49276837706565857 51
1717601895484 0.4738466143608093 52
1717601896146 0.48386120796203613 53
1717601896740 0.4978233277797699 54
1717601897328 0.4784685969352722 55
1717601897960 0.5040946006774902 56
1717601898554 0.4524970054626465 57
1717601899186 0.4306235909461975 58
1717601910854 0.5057418346405029 59
1717601911480 0.48109757900238037 60
1717601912119 0.4205271899700165 61
1717601912743 0.5739166736602783 62
1717601913385 0.4029899835586548 63
1717601914023 0.4336709678173065 64
1717601914648 0.42683544754981995 65
1717601915290 0.4787651300430298 66
1717601915913 0.45181038975715637 67
1717601916538 0.41661515831947327 68
1717601928409 0.4731420874595642 69
1717601929019 0.45593175292015076 70
1717601929636 0.40918177366256714 71
1717601930261 0.41702789068222046 72
1717601930886 0.3862970471382141 73
1717601931503 0.40507060289382935 74
1717601932119 0.42804574966430664 75
1717601932400 0.5204307436943054 76
1717601933029 0.3653334677219391 77
1717601933623 0.3420596420764923 78
1717601934242 0.34769898653030396 79
1717601934835 0.4186280369758606 80
1717601935439 0.3825041353702545 81
1717601936037 0.361186683177948 82
1717601936678 0.3189002275466919 83
1717601937330 0.3971834182739258 84
1717601937928 0.394619345664978 85
1717601938584 0.3191867470741272 86
1717601950591 0.3691970109939575 87
1717601951198 0.38795509934425354 88
1717601951823 0.2962275743484497 89
1717601952448 0.33773213624954224 90
1717601953072 0.34587112069129944 91
1717601953696 0.3530815839767456 92
1717601954321 0.3317163288593292 93
1717601954945 0.32265087962150574 94
1717601955555 0.3419339656829834 95
1717601956179 0.34517621994018555 96
1717601967763 0.35279446840286255 97
1717601968373 0.2930741012096405 98
1717601968981 0.31173038482666016 99
1717601969597 0.29169178009033203 100
1717601970198 0.3004714250564575 101
1717601970808 0.3366849422454834 102
1717601971418 0.3219991624355316 103
1717601971994 0.32410842180252075 104
1717601972603 0.3227248191833496 105
1717601973213 0.30175474286079407 106
1717601984581 0.2786999046802521 107
1717601985203 0.2999110519886017 108
1717601985937 0.3142981231212616 109
1717601986827 0.29131752252578735 110
1717601987655 0.29457685351371765 111
1717601988546 0.24406994879245758 112
1717601989579 0.29421141743659973 113
1717601989887 0.25821927189826965 114
1717601990980 0.2913239002227783 115
1717601991823 0.2812570631504059 116
1717601992822 0.2881588041782379 117
1717601993932 0.2670170068740845 118
1717601995258 0.31293487548828125 119
1717601996835 0.2612308859825134 120
1717601998587 0.31004899740219116 121
1717602000569 0.28181204199790955 122
1717602003033 0.24966423213481903 123
1717602005716 0.2520511746406555 124
1717602019430 0.23387980461120605 125
1717602021937 0.26721465587615967 126
1717602024682 0.2341747283935547 127
1717602027170 0.27602529525756836 128
1717602029481 0.23664487898349762 129
1717602031624 0.24133633077144623 130
1717602033681 0.25501492619514465 131
1717602035758 0.25922489166259766 132
1717602037803 0.23201687633991241 133
1717602040104 0.22850032150745392 134
1717602048888 0.24929039180278778 135
1717602051121 0.3035615086555481 136
1717602053181 0.2530372142791748 137
1717602055242 0.2546444535255432 138
1717602056975 0.19452932476997375 139
1717602058710 0.23812533915042877 140
1717602060161 0.21378865838050842 141
1717602061598 0.20581072568893433 142
1717602063065 0.2033785730600357 143
1717602064371 0.22800171375274658 144
1717602076803 0.21462103724479675 145
1717602078053 0.22838503122329712 146
1717602079052 0.22522737085819244 147
1717602080098 0.2524974048137665 148
1717602081116 0.2157806009054184 149
1717602082039 0.20068393647670746 150
1717602082958 0.23942884802818298 151
1717602083272 0.2188400775194168 152
1717602084503 0.19860748946666718 153
1717602085875 0.26816263794898987 154
1717602087234 0.16291312873363495 155
1717602088581 0.21483972668647766 156
1717602089887 0.16992251574993134 157
1717602091074 0.1681807041168213 158
1717602092323 0.2003069519996643 159
1717602093604 0.2077627182006836 160
1717602094837 0.1776706576347351 161
1717602096259 0.22546204924583435 162
1717602103830 0.1872716248035431 163
1717602105425 0.23786576092243195 164
1717602106941 0.1884114295244217 165
1717602108768 0.1743745654821396 166
1717602110608 0.1491846740245819 167
1717602112483 0.2147182673215866 168
1717602114386 0.17837084829807281 169
1717602116461 0.25932469964027405 170
1717602118039 0.16433031857013702 171
1717602119443 0.25315171480178833 172
1717602126734 0.29499754309654236 173
1717602127618 0.20841465890407562 174
1717602128405 0.2085106521844864 175
1717602129127 0.253608763217926 176
1717602129825 0.21587234735488892 177
1717602130544 0.19214138388633728 178
1717602131267 0.2237384170293808 179
1717602132012 0.2515058219432831 180
1717602132729 0.1658940315246582 181
1717602133392 0.255660742521286 182
1717602140318 0.2707597017288208 183
1717602140958 0.17712005972862244 184
1717602141592 0.23452149331569672 185
1717602142222 0.21882300078868866 186
1717602142862 0.22712232172489166 187
1717602143466 0.2011747807264328 188
1717602144095 0.24697141349315643 189
1717602144330 0.22604423761367798 190
1717602144986 0.23537783324718475 191
1717602145560 0.16678060591220856 192
1717602146188 0.14419692754745483 193
1717602146766 0.19683103263378143 194
1717602147387 0.2109014093875885 195
1717602147984 0.12136168777942657 196
1717602148611 0.16686323285102844 197
1717602149214 0.1576436311006546 198
1717602149826 0.16000671684741974 199
1717602150451 0.182038351893425 200
1717602161786 0.16805385053157806 201
1717602162364 0.2029266357421875 202
1717602162973 0.19236603379249573 203
1717602163571 0.13220034539699554 204
1717602164191 0.14917786419391632 205
1717602164799 0.16364571452140808 206
1717602165412 0.17508964240550995 207
1717602166017 0.11211761087179184 208
1717602166656 0.1531176120042801 209
1717602167271 0.13435275852680206 210
1717602174390 0.11484824120998383 211
1717602175041 0.1395784467458725 212
1717602175680 0.13422173261642456 213
1717602176321 0.12476720660924911 214
1717602176962 0.15032505989074707 215
1717602177580 0.13999901711940765 216
1717602178210 0.1282091736793518 217
1717602178851 0.16123294830322266 218
1717602179486 0.18796291947364807 219
1717602180130 0.10193997621536255 220
1717602187079 0.14291125535964966 221
1717602187766 0.1453636735677719 222
1717602188406 0.09946832805871964 223
1717602189093 0.11517021059989929 224
1717602189764 0.17458106577396393 225
1717602190420 0.14179332554340363 226
1717602191060 0.13365231454372406 227
1717602191341 0.10558930784463882 228
1717602192012 0.0977570042014122 229
1717602192636 0.09223056584596634 230
1717602193277 0.09235232323408127 231
1717602193917 0.09826963394880295 232
1717602194511 0.09857343882322311 233
1717602195151 0.09778333455324173 234
1717602195774 0.10029242932796478 235
1717602196415 0.07470107078552246 236
1717602197056 0.10996447503566742 237
1717602197680 0.08750638365745544 238
1717602204784 0.11683693528175354 239
1717602205394 0.09790629148483276 240
1717602206001 0.14309915900230408 241
1717602206612 0.11002736538648605 242
1717602207220 0.11251429468393326 243
1717602207812 0.09880121797323227 244
1717602208391 0.09805526584386826 245
1717602208999 0.11127586662769318 246
1717602209617 0.08605338633060455 247
1717602210217 0.10778661072254181 248
1717602217455 0.11062196642160416 249
1717602218088 0.10814204066991806 250
1717602218711 0.12038471549749374 251
1717602219351 0.13321492075920105 252
1717602219977 0.09071024507284164 253
1717602220602 0.07600986957550049 254
1717602221240 0.08241362869739532 255
1717602221864 0.08949785679578781 256
1717602222459 0.07294134050607681 257
1717602223098 0.11484780162572861 258
1717602230312 0.10062280297279358 259
1717602230935 0.1481453776359558 260
1717602231576 0.10857235640287399 261
1717602232201 0.08426161855459213 262
1717602232824 0.0869477167725563 263
1717602233465 0.10190675407648087 264
1717602234105 0.096338652074337 265
1717602234355 0.14615485072135925 266
1717602235041 0.05888678878545761 267
1717602235667 0.07678978145122528 268
1717602236309 0.06381276994943619 269
1717602236946 0.07334180921316147 270
1717602237587 0.07582468539476395 271
1717602238197 0.06369320303201675 272
1717602238836 0.060098737478256226 273
1717602239492 0.04152921214699745 274
1717602240152 0.04846326261758804 275
1717602240818 0.05938928946852684 276
1717602248053 0.07759052515029907 277
1717602248937 0.061569929122924805 278
1717602249975 0.07462678104639053 279
1717602251092 0.08480939269065857 280
1717602252163 0.08700180798768997 281
1717602253106 0.07380411028862 282
1717602254021 0.05794839560985565 283
1717602254854 0.07135940343141556 284
1717602255644 0.09332945197820663 285
1717602256365 0.07090886682271957 286
1717602263926 0.06594740599393845 287
1717602264706 0.04948039352893829 288
1717602265471 0.0561753585934639 289
1717602266270 0.05761180445551872 290
1717602267142 0.091489277780056 291
1717602268113 0.05186810344457626 292
1717602269078 0.07631503790616989 293
1717602270119 0.06402723491191864 294
1717602271076 0.06602898985147476 295
1717602272028 0.05763853341341019 296
1717602279641 0.07210522890090942 297
1717602280503 0.09422086924314499 298
1717602281274 0.0494268499314785 299
1717602282084 0.10294537246227264 300
1717602282896 0.07553797215223312 301
1717602283707 0.07479708641767502 302
1717602284486 0.07582250237464905 303
1717602284784 0.03696026653051376 304
1717602285659 0.0791485533118248 305
1717602286489 0.021720068529248238 306
1717602287408 0.04871020093560219 307
1717602288205 0.0412689745426178 308
1717602289063 0.06095336005091667 309
1717602289921 0.043594107031822205 310
1717602290879 0.06481500715017319 311
1717602291888 0.04278675839304924 312
1717602292950 0.0267863180488348 313
1717602294059 0.05474143847823143 314
1717602301559 0.033141832798719406 315
1717602302621 0.052822574973106384 316
1717602303801 0.025901205837726593 317
1717602305098 0.021391527727246284 318
1717602306560 0.0400138758122921 319
1717602307923 0.06370868533849716 320
1717602309313 0.03415519744157791 321
1717602310621 0.06402631849050522 322
1717602311826 0.04161720722913742 323
1717602312904 0.06057700514793396 324
