1717513672109 0.7117472887039185 1
1717513682724 0.7385411858558655 2
1717513693323 0.7090287804603577 3
1717513704279 0.7195792198181152 4
1717513714982 0.6950637102127075 5
1717513723249 0.7398004531860352 6
1717513733192 0.724481999874115 7
1717513743878 0.6998017430305481 8
1717513755630 0.7142618298530579 9
1717513765330 0.7161102890968323 10
1717513825822 0.7271255850791931 11
1717513838006 0.7042112350463867 12
1717513847614 0.7068742513656616 13
1717513857440 0.7054823040962219 14
1717513866734 0.7171006202697754 15
1717513876313 0.7044080495834351 16
1717513886670 0.69884192943573 17
1717513897393 0.7072176933288574 18
1717513907918 0.7003458142280579 19
1717513917903 0.702506422996521 20
1717513966586 0.697256863117218 21
1717513975447 0.6911183595657349 22
1717513984004 0.7000601291656494 23
1717513991435 0.6903936862945557 24
1717513999609 0.696201741695404 25
1717514008274 0.698841392993927 26
1717514015770 0.7087583541870117 27
1717514023379 0.7037803530693054 28
1717514030917 0.7003951668739319 29
1717514037900 0.7362964749336243 30
1717514087376 0.6958712339401245 31
1717514094321 0.6957752108573914 32
1717514101121 0.6972438097000122 33
1717514107928 0.6910774111747742 34
1717514116715 0.7135674357414246 35
1717514123486 0.6983126401901245 36
1717514130623 0.6944785714149475 37
1717514137606 0.7142754197120667 38
1717514143806 0.6985133290290833 39
1717514150039 0.6990676522254944 40
1717514188672 0.6942961812019348 41
1717514196804 0.7107023000717163 42
1717514204837 0.6920825839042664 43
1717514212074 0.6889467239379883 44
1717514219372 0.6988147497177124 45
1717514226145 0.7115156650543213 46
1717514235195 0.6947311162948608 47
1717514242465 0.6974256038665771 48
1717514249203 0.7086315155029297 49
1717514255961 0.7024365067481995 50
1717514292812 0.6971452832221985 51
1717514301930 0.6838864684104919 52
1717514310988 0.6949304938316345 53
1717514320570 0.7022896409034729 54
1717514330686 0.6836599707603455 55
1717514339817 0.6924150586128235 56
1717514348004 0.690520167350769 57
1717514355471 0.6938025951385498 58
1717514362861 0.6914674043655396 59
1717514370266 0.6904683113098145 60
1717514402279 0.6883469223976135 61
1717514408908 0.6891902685165405 62
1717514415393 0.6921166181564331 63
1717514422205 0.7013726234436035 64
1717514428914 0.7050445675849915 65
1717514435951 0.6981643438339233 66
1717514443703 0.7009876370429993 67
1717514452285 0.7039956450462341 68
1717514461630 0.7009497880935669 69
1717514468403 0.6917092204093933 70
