1717186628389 0.6940872669219971 0
1717186635364 1.0328865051269531 0
1717186641734 0.7242468595504761 0
1717186647986 0.7085549235343933 0
1717186654538 0.6898167133331299 0
1717186661500 0.7001765370368958 0
1717186668291 0.6874808073043823 0
1717186675428 0.6999329924583435 0
1717186682853 0.7011063098907471 0
1717186690735 0.6895753145217896 0
1717186699028 0.697910487651825 0
1717186707575 0.6996198296546936 0
1717186712618 0.6850037574768066 0
1717186715813 0.7193522453308105 0
1717186719677 0.7202163338661194 0
1717186722908 0.7372353672981262 0
1717186726843 0.6802979111671448 0
1717186732541 0.7159485816955566 0
1717186741324 0.6786221861839294 0
1717186750468 0.700751781463623 0
1717186758690 0.6689832806587219 0
1717186766922 0.7201557159423828 0
1717186774446 0.7154543995857239 0
1717186782079 0.6653779745101929 0
1717186789034 0.7107815742492676 0
1717186795882 0.7173159122467041 0
1717186802738 0.6869757771492004 0
1717186809717 0.6930837631225586 0
1717186817080 0.7077108025550842 0
1717186825133 0.6922990679740906 0
1717186833198 0.6819688677787781 0
1717186841433 0.6751304268836975 0
1717186851518 0.6624792218208313 0
1717186856561 0.8077487349510193 0
1717186866471 0.7192685604095459 0
1717186874847 0.7049390077590942 0
1717186882675 0.6789811849594116 0
1717186890366 0.6925228238105774 0
1717186897797 0.6981498599052429 0
1717186905687 0.6909136176109314 0
1717186914201 0.6965245008468628 0
1717186921421 0.6892803907394409 0
1717186929112 0.7021591663360596 0
1717186936592 0.6875641345977783 0
1717186944407 0.690559983253479 0
1717186952683 0.6956540942192078 0
1717186959741 0.6899730563163757 0
1717186966891 0.6915233135223389 0
1717186974068 0.6852560639381409 0
1717186981129 0.7004417777061462 0
1717187435203 0.6867388486862183 0
1717187442200 1.3805694580078125 0
1717187448140 0.7083902955055237 0
1717187454171 0.6885098218917847 0
1717187460485 0.7004160284996033 0
1717187467992 0.6934037804603577 0
1717187475139 0.6895654797554016 0
1717187482750 0.6915348768234253 0
1717187489968 0.7006288766860962 0
1717187497157 0.6869930624961853 0
1717187573332 0.7126121520996094 0
1717187580518 0.7045575380325317 0
1717187587778 0.696121335029602 0
1717187595340 0.7273916602134705 0
1717187602450 0.6906366944313049 0
1717187609726 0.6933592557907104 0
1717187616768 0.6985133290290833 0
1717187624221 0.7050225734710693 0
1717187630558 0.6867066621780396 0
1717187636807 0.6931779384613037 0
1717187716007 0.7245638370513916 0
1717187722842 0.6922053694725037 0
1717187729539 0.6881275773048401 0
1717187736392 0.6992357969284058 0
1717187743253 0.6908838152885437 0
1717187749869 0.6922266483306885 0
1717187756424 0.7022250890731812 0
1717187762721 0.677462100982666 0
1717187769356 0.6786733865737915 0
1717187775778 0.7089507579803467 0
1717187856458 0.6992871165275574 0
1717187863096 0.6919254660606384 0
1717187869604 0.6912274956703186 0
1717187875833 0.7021608948707581 0
1717187881813 0.6960147023200989 0
1717187887905 0.691683292388916 0
1717187894156 0.6846582293510437 0
1717187900353 0.6877827048301697 0
1717187906108 0.6976509690284729 0
1717187911903 0.681568443775177 0
1717187994074 0.6945737600326538 0
1717188000195 0.6988059878349304 0
1717188006571 0.6913776397705078 0
1717188012900 0.7090017795562744 0
1717188018863 0.7023172378540039 0
1717188024982 0.6908737421035767 0
1717188031059 0.6887789368629456 0
1717188037071 0.6869482398033142 0
1717188042798 0.6895747780799866 0
1717188048466 0.6918318867683411 0
1717188877880 0.6918067336082458 0
1717188882884 0.7015544176101685 0
1717188888394 0.6961426734924316 0
1717188894641 0.695708155632019 0
1717188900515 0.6963664293289185 0
1717188906569 0.6939617991447449 0
1717188912353 0.6943714022636414 0
1717188918403 0.6923649907112122 0
1717188924649 0.6873642206192017 0
1717188930816 0.6910933256149292 0
1717189091085 0.6969054341316223 0
1717189109631 0.7107816934585571 0
1717189128246 0.7171573638916016 0
1717189147228 0.6965385675430298 0
1717189166089 0.7078918218612671 0
1717189184357 0.700374960899353 0
1717189202394 0.7043657302856445 0
1717189220604 0.6943628191947937 0
1717189239251 0.6933725476264954 0
1717189258333 0.6886441707611084 0
