1717345416799 0.6928391456604004 1
1717345416901 0.7056437134742737 2
1717345416953 0.705573320388794 3
1717345417062 0.7101525068283081 4
1717345417190 0.7033872604370117 5
1717345417289 0.7035375833511353 6
1717345417367 0.6942318677902222 7
1717345417429 0.7040969729423523 8
1717345417539 0.6952602863311768 9
1717345417633 0.6930732131004333 10
1717345421086 0.693217933177948 11
1717345421169 0.6979998350143433 12
1717345421278 0.6972459554672241 13
1717345421386 0.6943631768226624 14
1717345421487 0.696540117263794 15
1717345421570 0.6930806040763855 16
1717345421636 0.6940875053405762 17
1717345421720 0.6934633851051331 18
1717345421793 0.6958880424499512 19
1717345421854 0.6954195499420166 20
1717345422334 0.6951902508735657 21
1717345422413 0.694308340549469 22
1717345422503 0.6916613578796387 23
1717345422568 0.6932100653648376 24
1717345422642 0.6943913698196411 25
1717345422705 0.6943116188049316 26
1717345422770 0.6927559971809387 27
1717345422854 0.6927708387374878 28
1717345422954 0.6909713745117188 29
1717345423049 0.6957387328147888 30
1717345423501 0.6930626034736633 31
1717345423579 0.6951874494552612 32
1717345423671 0.6956880688667297 33
1717345423780 0.6944243907928467 34
1717345423842 0.6940496563911438 35
1717345423936 0.6930259466171265 36
1717345423998 0.6936652064323425 37
1717345424112 0.6935678124427795 38
1717345424204 0.6917631030082703 39
1717345424317 0.6949643492698669 40
1717345424783 0.6936156153678894 41
1717345424865 0.6936638355255127 42
1717345424935 0.6960060000419617 43
1717345424998 0.695205807685852 44
1717345425076 0.6930410265922546 45
1717345425149 0.6917282342910767 46
1717345425216 0.6923322081565857 47
1717345425316 0.6943688988685608 48
1717345425398 0.6919564008712769 49
1717345425502 0.6916881203651428 50
