1717355254514 0.7110872864723206 1
1717355254618 0.6981854438781738 2
1717355254717 0.6939868330955505 3
1717355254784 0.6941274404525757 4
1717355254863 0.6920424103736877 5
1717355254928 0.6926533579826355 6
1717355255022 0.6996983885765076 7
1717355255127 0.7002446055412292 8
1717355255226 0.6915900111198425 9
1717355255337 0.6967729926109314 10
1717355258690 0.6947728395462036 11
1717355258784 0.6936579346656799 12
1717355258848 0.6946685910224915 13
1717355258957 0.6935902833938599 14
1717355259036 0.6913753747940063 15
1717355259129 0.6908665299415588 16
1717355259239 0.6964631676673889 17
1717355259301 0.7002825736999512 18
1717355259364 0.6968100666999817 19
1717355259459 0.6981550455093384 20
1717355259931 0.6951954960823059 21
1717355260009 0.6939720511436462 22
1717355260098 0.6950152516365051 23
1717355260237 0.6974106431007385 24
1717355260331 0.6906337141990662 25
1717355260428 0.6940160989761353 26
1717355260506 0.6979751586914062 27
1717355260611 0.6976897716522217 28
1717355260721 0.6980252265930176 29
1717355260807 0.6971933841705322 30
1717355261295 0.696959912776947 31
1717355261342 0.7010408043861389 32
1717355261415 0.6948171257972717 33
1717355261508 0.6937255859375 34
1717355261617 0.6938786506652832 35
1717355261695 0.6930603981018066 36
1717355261789 0.692511796951294 37
1717355261867 0.6945722103118896 38
1717355261977 0.6969928741455078 39
1717355262086 0.6959725618362427 40
1717355262566 0.6928703188896179 41
1717355262675 0.6928268671035767 42
1717355262791 0.693747341632843 43
1717355262900 0.6912512183189392 44
1717355263010 0.6978079676628113 45
1717355263119 0.6974450945854187 46
1717355263181 0.6936309933662415 47
1717355263291 0.6938832402229309 48
1717355263401 0.6949494481086731 49
1717355263471 0.6913775205612183 50
