1717616943465 0.6943894028663635 1
1717616949925 0.7321891188621521 2
1717616957012 0.6967329382896423 3
1717616964734 0.6920325756072998 4
1717616972862 0.6863663196563721 5
1717616980379 0.6849631667137146 6
1717616988278 0.6892955303192139 7
1717616995018 0.6775085926055908 8
1717617001957 0.6626227498054504 9
1717617010096 0.6534906625747681 10
1717617031692 0.667052149772644 11
1717617039687 0.6692445278167725 12
1717617048472 0.6196606755256653 13
1717617057202 0.6218719482421875 14
1717617064868 0.6016265749931335 15
1717617070398 0.6363023519515991 16
1717617075341 0.6095811724662781 17
1717617079658 0.5769618153572083 18
1717617081081 0.5612719655036926 19
1717617082002 0.5564528107643127 20
1717617095255 0.5620647072792053 21
1717617095935 0.5675970315933228 22
1717617096638 0.6231479644775391 23
1717617097363 0.5334252119064331 24
1717617098075 0.5250194072723389 25
1717617098895 0.5437210202217102 26
1717617099611 0.5295893549919128 27
1717617100379 0.5243926644325256 28
1717617101344 0.5131834149360657 29
1717617102986 0.582801878452301 30
1717617119055 0.543831467628479 31
1717617119684 0.6760590076446533 32
1717617120644 0.46649596095085144 33
1717617121819 0.5402150750160217 34
1717617122947 0.5285167098045349 35
1717617123715 0.5009692311286926 36
1717617124380 0.5050613284111023 37
1717617124992 0.5134280323982239 38
1717617125616 0.49193087220191956 39
1717617126407 0.470106840133667 40
1717617141037 0.45892947912216187 41
1717617142526 0.48673492670059204 42
1717617143338 0.38125479221343994 43
1717617144190 0.4937501847743988 44
1717617145149 0.4154891073703766 45
1717617148152 0.44154322147369385 46
1717617151538 0.4525895118713379 47
1717617155408 0.46667736768722534 48
1717617159179 0.4003603756427765 49
1717617162662 0.43506449460983276 50
1717617166422 0.44537153840065 51
1717617169748 0.4376617670059204 52
1717617179251 0.4747152626514435 53
1717617181954 0.4254484176635742 54
1717617184604 0.3968350291252136 55
1717617187562 0.449624240398407 56
1717617191874 0.4340896010398865 57
1717617194737 0.42996513843536377 58
1717617198048 0.3929641842842102 59
1717617201074 0.4146179258823395 60
1717617204444 0.3901553452014923 61
1717617207680 0.41029566526412964 62
1717617224774 0.34904494881629944 63
1717617227744 0.38072025775909424 64
1717617230447 0.46160146594047546 65
1717617233757 0.41887542605400085 66
1717617236926 0.33471211791038513 67
1717617240032 0.37793225049972534 68
1717617243112 0.37662339210510254 69
1717617246102 0.29912400245666504 70
1717617248526 0.31685325503349304 71
1717617250982 0.3287719488143921 72
1717617266594 0.3686414062976837 73
1717617269381 0.3453257381916046 74
1717617272640 0.40820756554603577 75
1717617275654 0.33183711767196655 76
1717617278911 0.31211787462234497 77
1717617282996 0.3945642113685608 78
1717617286533 0.4034310281276703 79
1717617290106 0.33707088232040405 80
1717617292784 0.33058613538742065 81
1717617294787 0.3683491349220276 82
1717617303657 0.3859650790691376 83
1717617305474 0.39897140860557556 84
1717617306855 0.28328847885131836 85
1717617308260 0.31864213943481445 86
1717617309794 0.29296615719795227 87
1717617311170 0.2958980202674866 88
1717617312494 0.271151602268219 89
1717617314135 0.24783973395824432 90
1717617315878 0.3080441951751709 91
1717617317755 0.24044756591320038 92
1717617320338 0.24567648768424988 93
1717617322689 0.30360570549964905 94
1717617338607 0.26028716564178467 95
1717617340026 0.3771304488182068 96
1717617340809 0.27411389350891113 97
1717617342004 0.31098341941833496 98
1717617345558 0.33062878251075745 99
1717617348189 0.31313958764076233 100
1717617350393 0.3335385024547577 101
1717617352476 0.2690906524658203 102
1717617354640 0.3095104694366455 103
1717617358855 0.31891754269599915 104
1717617368894 0.2615572512149811 105
1717617371420 0.253038614988327 106
1717617372238 0.26907339692115784 107
1717617375839 0.2793935239315033 108
1717617377823 0.3169057071208954 109
1717617378561 0.2730029225349426 110
1717617379306 0.325082391500473 111
1717617380051 0.29373398423194885 112
1717617380814 0.3001852333545685 113
1717617381539 0.36771315336227417 114
1717617395302 0.28849950432777405 115
1717617396158 0.32284116744995117 116
1717617396879 0.3956650495529175 117
1717617397681 0.34358054399490356 118
1717617398426 0.2887508273124695 119
1717617399243 0.3478493392467499 120
1717617399998 0.3651494085788727 121
1717617400718 0.3717297911643982 122
1717617401492 0.3201715052127838 123
1717617402203 0.2925202250480652 124
1717617409482 0.3297457695007324 125
1717617410402 0.3834763467311859 126
1717617411110 0.3332526385784149 127
1717617411815 0.27418285608291626 128
1717617412556 0.23935921490192413 129
1717617413308 0.2592175304889679 130
1717617414049 0.35248151421546936 131
1717617414768 0.2993628978729248 132
1717617415496 0.22712764143943787 133
1717617416192 0.2862569987773895 134
1717617416939 0.3581589162349701 135
1717617417612 0.29787951707839966 136
1717617424730 0.2682623863220215 137
1717617425406 0.33982205390930176 138
1717617426071 0.3396908640861511 139
1717617426854 0.3435070514678955 140
1717617427584 0.29015159606933594 141
1717617428368 0.2617510259151459 142
1717617429130 0.3006283938884735 143
1717617429822 0.3305186331272125 144
1717617430509 0.38340768218040466 145
1717617431168 0.33826833963394165 146
1717617438345 0.3112989366054535 147
1717617439065 0.2612501084804535 148
1717617439746 0.33169129490852356 149
1717617440512 0.36206352710723877 150
1717617441249 0.3795897662639618 151
1717617441926 0.2851993441581726 152
1717617442588 0.26146697998046875 153
1717617443261 0.2314387559890747 154
1717617443895 0.2956255078315735 155
1717617444568 0.24565380811691284 156
1717617456829 0.2937661409378052 157
1717617457424 0.2515586018562317 158
1717617458442 0.3433491587638855 159
1717617459154 0.3329066038131714 160
1717617459956 0.31919410824775696 161
1717617460751 0.2910405695438385 162
1717617461470 0.24905180931091309 163
1717617462210 0.303725928068161 164
1717617462917 0.3574340045452118 165
1717617463602 0.30064693093299866 166
1717617470941 0.26843661069869995 167
1717617471903 0.27775096893310547 168
1717617472701 0.2328285127878189 169
1717617473524 0.33020341396331787 170
1717617474326 0.24555295705795288 171
1717617475106 0.22415442764759064 172
1717617475884 0.26856115460395813 173
1717617476673 0.23877349495887756 174
1717617477454 0.2787420153617859 175
1717617478207 0.2894744873046875 176
1717617478922 0.2403876781463623 177
1717617479801 0.22919559478759766 178
1717617489390 0.32372936606407166 179
1717617490548 0.47089236974716187 180
1717617491496 0.4638727605342865 181
1717617492251 0.361621230840683 182
1717617492970 0.32767003774642944 183
1717617493779 0.3188403844833374 184
1717617494486 0.38737305998802185 185
1717617495229 0.40023326873779297 186
1717617495944 0.3911212384700775 187
1717617496696 0.36999547481536865 188
1717617503895 0.37257957458496094 189
1717617504606 0.311716765165329 190
1717617505294 0.28723669052124023 191
1717617505972 0.2500721216201782 192
1717617506705 0.3067161738872528 193
1717617507434 0.273088276386261 194
1717617508156 0.2914750277996063 195
1717617508892 0.2731351852416992 196
1717617509631 0.3201141357421875 197
1717617510392 0.2366187870502472 198
1717617524650 0.25619906187057495 199
1717617525370 0.27538353204727173 200
1717617526149 0.31340885162353516 201
1717617526914 0.23242822289466858 202
1717617527648 0.29057174921035767 203
1717617528398 0.3574565649032593 204
1717617529171 0.3474864959716797 205
1717617529904 0.32859915494918823 206
1717617530622 0.30465254187583923 207
1717617531362 0.29982760548591614 208
1717617538766 0.2917736768722534 209
1717617539694 0.26705610752105713 210
1717617540417 0.258218377828598 211
1717617541126 0.2633357346057892 212
1717617541816 0.2401425987482071 213
1717617542582 0.2130431830883026 214
1717617543340 0.20957288146018982 215
1717617544063 0.30331817269325256 216
1717617544760 0.22598353028297424 217
1717617545474 0.23205773532390594 218
1717617546315 0.2588549554347992 219
1717617547035 0.23122751712799072 220
1717617554455 0.22692233324050903 221
1717617555298 0.2582361400127411 222
1717617556060 0.25140196084976196 223
1717617556884 0.21542051434516907 224
1717617557789 0.22386479377746582 225
1717617558753 0.20762084424495697 226
1717617559766 0.2826344668865204 227
1717617560598 0.24041597545146942 228
1717617561462 0.2205183357000351 229
1717617562124 0.2808305323123932 230
1717617569351 0.259883850812912 231
1717617570239 0.2463829219341278 232
1717617571429 0.26485052704811096 233
1717617573169 0.2866026759147644 234
1717617574590 0.2788833975791931 235
1717617575450 0.25692734122276306 236
1717617576185 0.278514564037323 237
1717617576880 0.2938747704029083 238
1717617577591 0.2847561538219452 239
1717617578385 0.2450554072856903 240
1717617586521 0.23899060487747192 241
1717617587419 0.24838349223136902 242
1717617588275 0.19875246286392212 243
1717617589076 0.24205966293811798 244
1717617589830 0.2610586881637573 245
1717617590614 0.26916563510894775 246
1717617591351 0.31332695484161377 247
1717617592067 0.28529226779937744 248
1717617592751 0.2713550329208374 249
1717617593450 0.23058968782424927 250
1717617600782 0.24401342868804932 251
1717617601727 0.2398097813129425 252
1717617602477 0.21524831652641296 253
1717617603188 0.20033614337444305 254
1717617603958 0.18171121180057526 255
1717617604772 0.20868609845638275 256
1717617605628 0.21308429539203644 257
1717617606407 0.22114337980747223 258
1717617607314 0.17652477324008942 259
1717617608175 0.2375704050064087 260
1717617609109 0.213052436709404 261
1717617609962 0.2172706425189972 262
1717617617491 0.23406821489334106 263
1717617618447 0.26844269037246704 264
1717617619452 0.2958712875843048 265
1717617620407 0.23276768624782562 266
1717617621389 0.24083024263381958 267
1717617622296 0.25493842363357544 268
1717617623304 0.23803219199180603 269
1717617624132 0.25970685482025146 270
1717617624830 0.19453778862953186 271
1717617625575 0.1742180436849594 272
1717617633374 0.22729860246181488 273
1717617634072 0.241792231798172 274
1717617634832 0.2204158455133438 275
1717617635598 0.23561638593673706 276
1717617636292 0.23224005103111267 277
1717617636974 0.18718986213207245 278
1717617637664 0.21157047152519226 279
1717617638351 0.2575177252292633 280
1717617639059 0.2521131932735443 281
1717617639767 0.28538715839385986 282
1717617647413 0.23015886545181274 283
1717617648105 0.20036129653453827 284
1717617648837 0.23868604004383087 285
1717617649654 0.2165268212556839 286
1717617650503 0.23823782801628113 287
1717617651366 0.21819119155406952 288
1717617652186 0.21938776969909668 289
1717617653038 0.16147290170192719 290
1717617653957 0.21222351491451263 291
1717617654724 0.15779168903827667 292
1717617669530 0.29163333773612976 293
1717617670861 0.1808949112892151 294
1717617671718 0.15495845675468445 295
1717617672572 0.1647104024887085 296
1717617673382 0.18160057067871094 297
1717617674176 0.15340477228164673 298
1717617674898 0.14189213514328003 299
1717617675610 0.24730785191059113 300
1717617676396 0.24126498401165009 301
1717617677110 0.20724841952323914 302
1717617677842 0.23268695175647736 303
1717617678546 0.21133452653884888 304
1717617685956 0.27575474977493286 305
1717617686725 0.24912187457084656 306
1717617687466 0.21903960406780243 307
1717617688228 0.19758771359920502 308
1717617689036 0.1986028254032135 309
1717617689774 0.17579880356788635 310
1717617690525 0.20558768510818481 311
1717617691355 0.19535714387893677 312
1717617692269 0.21352706849575043 313
1717617693082 0.19711890816688538 314
1717617701198 0.21528661251068115 315
1717617701950 0.17040272057056427 316
1717617702664 0.23914526402950287 317
1717617703447 0.19616158306598663 318
1717617704189 0.20263776183128357 319
1717617704869 0.26160040497779846 320
1717617705635 0.26238304376602173 321
1717617706433 0.20633848011493683 322
1717617707196 0.22271788120269775 323
1717617707983 0.2701824903488159 324
1717617715317 0.20862548053264618 325
1717617716188 0.2283352017402649 326
1717617716988 0.2526838183403015 327
1717617717732 0.20906692743301392 328
1717617718504 0.2272951751947403 329
1717617719349 0.23990488052368164 330
1717617720191 0.23457175493240356 331
1717617720992 0.23634184896945953 332
1717617721795 0.2039283663034439 333
1717617722570 0.191668301820755 334
1717617730269 0.22813889384269714 335
1717617731227 0.19625797867774963 336
1717617731931 0.20307110249996185 337
1717617732660 0.15650475025177002 338
1717617733415 0.17352700233459473 339
1717617734191 0.1696387529373169 340
1717617734917 0.1954995095729828 341
1717617735633 0.178840771317482 342
1717617736349 0.2085196077823639 343
1717617737086 0.1831185519695282 344
1717617737837 0.21642687916755676 345
1717617738570 0.23011676967144012 346
1717617745788 0.16329023241996765 347
1717617746512 0.20824754238128662 348
1717617747247 0.190711110830307 349
1717617747974 0.2116180956363678 350
1717617748725 0.20513185858726501 351
1717617749464 0.2065262645483017 352
1717617750198 0.17705990374088287 353
1717617750935 0.19059312343597412 354
1717617751639 0.24071243405342102 355
1717617752375 0.23935279250144958 356
1717617759586 0.20985083281993866 357
1717617760332 0.18871146440505981 358
1717617761116 0.18853363394737244 359
1717617761959 0.18019525706768036 360
1717617762762 0.20359958708286285 361
1717617763556 0.2175266146659851 362
1717617764321 0.1850411295890808 363
1717617765069 0.2077811062335968 364
1717617765820 0.18861138820648193 365
1717617766562 0.22415228188037872 366
1717617774008 0.1838482767343521 367
1717617774771 0.23716521263122559 368
1717617775565 0.2338092178106308 369
1717617776358 0.2670578062534332 370
1717617777169 0.2507731020450592 371
1717617777919 0.1996108442544937 372
1717617778702 0.21837420761585236 373
1717617779590 0.19056087732315063 374
1717617780509 0.21815501153469086 375
1717617781335 0.20753081142902374 376
1717617790284 0.18977424502372742 377
1717617791761 0.22604773938655853 378
1717617792812 0.15873098373413086 379
1717617793754 0.15773046016693115 380
1717617794712 0.1628885716199875 381
1717617795616 0.17216219007968903 382
1717617796534 0.16516326367855072 383
1717617797511 0.16001509130001068 384
1717617798347 0.14803767204284668 385
1717617799211 0.1225714460015297 386
1717617800164 0.20306429266929626 387
1717617801195 0.1888422667980194 388
1717617817218 0.15434610843658447 389
1717617818461 0.11809889227151871 390
1717617819649 0.15990203619003296 391
1717617820816 0.13851134479045868 392
1717617822218 0.19304633140563965 393
1717617823374 0.16407538950443268 394
1717617824637 0.15420237183570862 395
1717617825813 0.13535869121551514 396
1717617827017 0.18579266965389252 397
1717617828091 0.190824955701828 398
1717617844362 0.15174120664596558 399
1717617845369 0.1638885736465454 400
1717617846354 0.13834135234355927 401
1717617847443 0.19630414247512817 402
1717617848398 0.1452164202928543 403
1717617849367 0.13953885436058044 404
1717617850277 0.1749843955039978 405
1717617851187 0.14976593852043152 406
1717617852202 0.201802060008049 407
1717617853081 0.1622079759836197 408
1717617861614 0.15239083766937256 409
1717617862520 0.21301773190498352 410
1717617863408 0.14152517914772034 411
1717617864342 0.13060934841632843 412
1717617865249 0.22049769759178162 413
1717617866226 0.18331106007099152 414
1717617867115 0.16085578501224518 415
1717617867989 0.16139307618141174 416
1717617868872 0.18066120147705078 417
1717617869802 0.17500998079776764 418
1717617878194 0.20718061923980713 419
1717617879256 0.15597864985466003 420
1717617880052 0.16129299998283386 421
1717617880855 0.17290334403514862 422
1717617881706 0.14861230552196503 423
1717617882590 0.16021855175495148 424
1717617883477 0.13443270325660706 425
1717617884398 0.12744268774986267 426
1717617885296 0.14841414988040924 427
1717617886180 0.19176200032234192 428
1717617887159 0.12987278401851654 429
1717617888155 0.14270226657390594 430
1717617896463 0.13185100257396698 431
1717617897274 0.16728714108467102 432
1717617898101 0.12983356416225433 433
1717617898889 0.12408709526062012 434
1717617899752 0.1478034108877182 435
1717617900562 0.12403655797243118 436
1717617901494 0.18197564780712128 437
1717617902332 0.11203887313604355 438
1717617903163 0.18596859276294708 439
1717617903947 0.15116365253925323 440
1717617912790 0.14063581824302673 441
1717617913689 0.13309961557388306 442
1717617914630 0.14117461442947388 443
1717617915528 0.15172527730464935 444
1717617916427 0.14800158143043518 445
1717617917340 0.14912506937980652 446
1717617918174 0.15629509091377258 447
1717617919010 0.1275099217891693 448
1717617919896 0.17778971791267395 449
1717617920737 0.15630821883678436 450
1717617928591 0.16718390583992004 451
1717617929431 0.15827570855617523 452
1717617930207 0.18275520205497742 453
1717617931015 0.1657252013683319 454
1717617931897 0.12714897096157074 455
1717617932727 0.1534828543663025 456
1717617933598 0.12358560413122177 457
1717617934452 0.14032523334026337 458
1717617935401 0.1694432944059372 459
1717617936157 0.16216440498828888 460
1717617944971 0.1918725222349167 461
1717617946620 0.1267050951719284 462
1717617947551 0.1251341998577118 463
1717617948632 0.13251376152038574 464
1717617949470 0.1408684104681015 465
1717617950334 0.10513376444578171 466
1717617951206 0.1259639859199524 467
1717617952052 0.13429413735866547 468
1717617952881 0.11033543199300766 469
1717617953707 0.1061331257224083 470
1717617954496 0.13629548251628876 471
1717617955275 0.1275128573179245 472
1717617963615 0.12448962777853012 473
1717617964540 0.10852066427469254 474
1717617965406 0.11098919063806534 475
1717617966228 0.11905722320079803 476
1717617967133 0.12033893913030624 477
1717617967971 0.09355524927377701 478
1717617968768 0.13561607897281647 479
1717617969578 0.13533855974674225 480
1717617970558 0.12543004751205444 481
1717617971668 0.14902383089065552 482
1717617987717 0.12569019198417664 483
1717617988586 0.11526157706975937 484
1717617989558 0.09918968379497528 485
1717617990408 0.09860441833734512 486
1717617991192 0.12988720834255219 487
1717617992142 0.10132826864719391 488
1717617993269 0.1547120213508606 489
1717617994268 0.09007713198661804 490
1717617995177 0.09578337520360947 491
1717617996056 0.11902227997779846 492
1717618005288 0.08904755860567093 493
1717618006307 0.12592260539531708 494
1717618007314 0.155697301030159 495
1717618008291 0.14112181961536407 496
1717618009185 0.11514995247125626 497
1717618010054 0.1332767903804779 498
1717618010882 0.11557208001613617 499
1717618011722 0.14947578310966492 500
1717618012624 0.1187254786491394 501
1717618013566 0.14761632680892944 502
1717618021900 0.17291536927223206 503
1717618022905 0.11608871817588806 504
1717618023717 0.10237187892198563 505
1717618024527 0.08614637702703476 506
1717618025432 0.08296602964401245 507
1717618026329 0.12315727025270462 508
1717618027277 0.09270043671131134 509
1717618028252 0.10787507891654968 510
1717618029102 0.09825817495584488 511
1717618030029 0.08347649872303009 512
1717618030924 0.11327600479125977 513
1717618031875 0.08801355957984924 514
1717618039870 0.10215064138174057 515
1717618040735 0.1362035870552063 516
1717618041725 0.10644270479679108 517
1717618042654 0.07282162457704544 518
1717618043620 0.10414979606866837 519
1717618044507 0.09985856711864471 520
1717618045454 0.09921862185001373 521
1717618046396 0.10754223167896271 522
1717618047250 0.08140713721513748 523
1717618048139 0.09651533514261246 524
1717618056082 0.11850982904434204 525
1717618057074 0.09686528146266937 526
1717618057988 0.11115070432424545 527
1717618058971 0.08274301141500473 528
1717618059927 0.09730666875839233 529
1717618061108 0.10024504363536835 530
1717618062115 0.12504296004772186 531
1717618063122 0.11518925428390503 532
1717618064110 0.09962117671966553 533
1717618065119 0.1093769297003746 534
1717618081185 0.1376960426568985 535
1717618082049 0.13874231278896332 536
1717618082923 0.0966755822300911 537
1717618083960 0.09509848058223724 538
1717618085120 0.14037136733531952 539
1717618086151 0.11602666974067688 540
1717618087302 0.1054501011967659 541
1717618088219 0.09621488302946091 542
1717618089243 0.07450462132692337 543
1717618090284 0.12726302444934845 544
1717618099104 0.13462582230567932 545
1717618100318 0.15453100204467773 546
1717618101202 0.09408058226108551 547
1717618102179 0.07717601209878922 548
1717618103092 0.10270152986049652 549
1717618103987 0.1152130514383316 550
1717618104907 0.12515383958816528 551
1717618105864 0.06114858761429787 552
1717618106724 0.10717689990997314 553
1717618107694 0.08730645477771759 554
1717618108754 0.11759718507528305 555
1717618109748 0.1019047200679779 556
1717618118273 0.08059331029653549 557
1717618119285 0.10872732102870941 558
1717618120525 0.07492551952600479 559
1717618121734 0.08661600947380066 560
1717618122782 0.10042247921228409 561
1717618123848 0.09712857007980347 562
1717618124802 0.06869491189718246 563
1717618125798 0.1300424337387085 564
1717618126722 0.08741074055433273 565
1717618127704 0.09821081906557083 566
1717618136410 0.10540802031755447 567
1717618137482 0.08410365134477615 568
1717618138566 0.08161261677742004 569
1717618139559 0.09500152617692947 570
1717618140402 0.1337968111038208 571
1717618141285 0.1519707888364792 572
1717618142190 0.11402089148759842 573
1717618143138 0.10200054198503494 574
1717618143986 0.16703587770462036 575
1717618144845 0.09346988052129745 576
1717618159877 0.11195147037506104 577
1717618160689 0.08201442658901215 578
1717618161572 0.08492579311132431 579
1717618162582 0.09954569488763809 580
1717618163754 0.11295883357524872 581
1717618164525 0.09783757477998734 582
1717618165280 0.09210602939128876 583
1717618166025 0.09593119472265244 584
1717618166867 0.1012059897184372 585
1717618167720 0.10582157224416733 586
1717618175713 0.08292553573846817 587
1717618176856 0.10671582818031311 588
1717618177606 0.08497235924005508 589
1717618178408 0.05108784884214401 590
1717618179234 0.07127688825130463 591
1717618180102 0.07814571261405945 592
1717618181012 0.09493737667798996 593
1717618181902 0.08862121403217316 594
1717618182747 0.06420315057039261 595
1717618183540 0.06145203486084938 596
1717618184289 0.11131874471902847 597
1717618185285 0.06433335691690445 598
1717618202808 0.07941543310880661 599
1717618205314 0.09971555322408676 600
1717618208388 0.07742190361022949 601
1717618211264 0.081563800573349 602
1717618214350 0.0961473360657692 603
1717618217926 0.11785728484392166 604
1717618221304 0.10845048725605011 605
1717618224358 0.07115979492664337 606
1717618228168 0.09485194087028503 607
1717618231948 0.09536438435316086 608
1717618243188 0.09656696766614914 609
1717618246645 0.07603999972343445 610
1717618249893 0.09335952997207642 611
1717618254197 0.09913168102502823 612
1717618257360 0.08140592277050018 613
1717618261238 0.09929373115301132 614
1717618264967 0.06946825236082077 615
1717618268688 0.11004442721605301 616
1717618272212 0.11563800275325775 617
1717618276200 0.09923814237117767 618
1717618287269 0.09851068258285522 619
1717618288878 0.11056032031774521 620
1717618292505 0.10756601393222809 621
1717618297036 0.10441762953996658 622
1717618300340 0.09405864775180817 623
1717618302082 0.1150115504860878 624
1717618303492 0.11458097398281097 625
1717618304579 0.10002044588327408 626
1717618305695 0.12287623435258865 627
1717618306710 0.0764690712094307 628
1717618314689 0.10057613998651505 629
1717618315872 0.13736210763454437 630
1717618316753 0.04301696643233299 631
1717618317614 0.0663573369383812 632
1717618318441 0.07325875014066696 633
1717618319241 0.08563996106386185 634
1717618320169 0.08706744760274887 635
1717618321164 0.06350050866603851 636
1717618322041 0.06513120979070663 637
1717618322860 0.08376304060220718 638
1717618323707 0.06194004416465759 639
1717618324549 0.06578871607780457 640
1717618332454 0.07555855065584183 641
1717618333415 0.08542600274085999 642
1717618334196 0.0850527435541153 643
1717618335124 0.0683085098862648 644
1717618336288 0.07223139703273773 645
1717618337100 0.07911043614149094 646
1717618337971 0.0944117084145546 647
1717618338831 0.04288998246192932 648
1717618339737 0.055827390402555466 649
1717618340717 0.06542524695396423 650
1717618349115 0.053625818341970444 651
1717618349962 0.05575733631849289 652
1717618350880 0.05894269421696663 653
1717618351698 0.06983521580696106 654
1717618352593 0.06569655984640121 655
1717618353431 0.10508818924427032 656
1717618354258 0.08000808954238892 657
1717618355125 0.05647130683064461 658
1717618356007 0.06307200342416763 659
1717618356871 0.09119386970996857 660
1717618365042 0.05839649215340614 661
1717618365863 0.044045478105545044 662
1717618366701 0.087631456553936 663
1717618367557 0.08749033510684967 664
1717618368472 0.08347707241773605 665
1717618369436 0.0785353034734726 666
1717618370373 0.08455660194158554 667
1717618371316 0.11932093650102615 668
1717618372282 0.0655507743358612 669
1717618373236 0.0615340881049633 670
1717618381729 0.08638313412666321 671
1717618382944 0.09102234244346619 672
1717618383844 0.056557122617959976 673
1717618384799 0.07000239938497543 674
1717618385843 0.02953150123357773 675
1717618386998 0.04611050710082054 676
1717618388357 0.03305233269929886 677
1717618389552 0.04951723664999008 678
1717618390713 0.03695991262793541 679
1717618391915 0.05803443118929863 680
1717618393408 0.045731041580438614 681
1717618394954 0.06792743504047394 682
1717618403799 0.06351613253355026 683
1717618405943 0.03809520602226257 684
1717618407972 0.06377356499433517 685
1717618410108 0.05964897572994232 686
1717618412559 0.04887556657195091 687
1717618414207 0.04246122017502785 688
1717618415607 0.03909873217344284 689
1717618416729 0.04256332665681839 690
1717618417837 0.03873524069786072 691
1717618419328 0.05635420233011246 692
1717618427607 0.040839001536369324 693
1717618429131 0.07436647266149521 694
1717618430757 0.0832313597202301 695
1717618432214 0.09158454090356827 696
1717618433392 0.11690252274274826 697
1717618434523 0.09442099928855896 698
1717618435698 0.05522282421588898 699
1717618436752 0.032544247806072235 700
1717618437811 0.06573624908924103 701
1717618438713 0.07640114426612854 702
