1717661553027 0.7237789630889893 1
1717661581382 0.8278816938400269 2
1717661611465 0.6925656795501709 3
1717661638772 0.6946139931678772 4
1717661664964 0.6956117153167725 5
1717661685584 0.6928679347038269 6
1717661705482 0.6932437419891357 7
1717661730014 0.6922061443328857 8
1717661751258 0.693632185459137 9
1717661768296 0.6998149156570435 10
1717661817608 0.6963872313499451 11
1717661833264 0.6967006325721741 12
1717661849564 0.697904646396637 13
1717661865170 0.6925280690193176 14
1717661882513 0.6912035942077637 15
1717661899062 0.693778395652771 16
1717661916444 0.6858986020088196 17
1717661933999 0.6842033863067627 18
1717661952268 0.683186411857605 19
1717661969865 0.6845347285270691 20
