1717615610072 0.6946836709976196 1
1717615615744 0.691526472568512 2
1717615620423 0.6924715638160706 3
1717615625035 0.6897532939910889 4
1717615630179 0.6838102340698242 5
1717615634198 0.6859957575798035 6
1717615640343 0.6836850643157959 7
1717615646655 0.678415060043335 8
1717615652345 0.6776108145713806 9
1717615657314 0.6575632095336914 10
1717615671011 0.6474055051803589 11
1717615677150 0.6420530080795288 12
1717615682735 0.6637836694717407 13
1717615688684 0.6543872356414795 14
1717615694779 0.6342834830284119 15
1717615700813 0.6425049901008606 16
1717615707801 0.6081624627113342 17
1717615713487 0.605934739112854 18
1717615718422 0.5947128534317017 19
1717615724298 0.6043760776519775 20
1717615738825 0.565346896648407 21
1717615744867 0.6227444410324097 22
1717615747547 0.5621384978294373 23
1717615748974 0.6016066074371338 24
1717615752269 0.5771610736846924 25
1717615758479 0.6115869879722595 26
1717615764785 0.570544958114624 27
1717615770754 0.5600079894065857 28
1717615777412 0.5444920659065247 29
1717615783308 0.548814058303833 30
1717615792283 0.6326451301574707 31
1717615792970 0.5539278388023376 32
1717615796581 0.46476128697395325 33
1717615799534 0.49114689230918884 34
1717615803744 0.4783107042312622 35
1717615806780 0.5232284069061279 36
1717615812089 0.4707113802433014 37
1717615813253 0.4762193560600281 38
1717615814067 0.4903172254562378 39
1717615816829 0.4666988253593445 40
1717615822946 0.39734822511672974 41
1717615832115 0.5639501810073853 42
1717615836927 0.43298327922821045 43
1717615841330 0.40955135226249695 44
1717615845832 0.48689618706703186 45
1717615850129 0.46179264783859253 46
1717615854694 0.4264437258243561 47
1717615859208 0.4083670377731323 48
1717615864105 0.4665507972240448 49
1717615869836 0.48162367939949036 50
1717615874399 0.44422271847724915 51
1717615887432 0.4141101539134979 52
1717615888072 0.3881208300590515 53
1717615888698 0.44698745012283325 54
1717615889330 0.45818549394607544 55
1717615890115 0.3617287874221802 56
1717615890731 0.4148091971874237 57
1717615891367 0.42385607957839966 58
1717615891969 0.40488913655281067 59
1717615892661 0.3578241169452667 60
1717615893510 0.4208025634288788 61
1717615902057 0.3591877520084381 62
1717615903726 0.3028833270072937 63
1717615906581 0.2944636940956116 64
1717615908827 0.3563835322856903 65
1717615911493 0.2890194058418274 66
1717615914030 0.3089390993118286 67
1717615916484 0.32744577527046204 68
1717615918648 0.29696184396743774 69
1717615921167 0.31356048583984375 70
1717615923855 0.29494282603263855 71
1717615926439 0.3270842134952545 72
1717615940879 0.3477714955806732 73
1717615943701 0.34962353110313416 74
1717615946261 0.32146209478378296 75
1717615948604 0.3603663444519043 76
1717615950482 0.31862398982048035 77
1717615952560 0.31626856327056885 78
1717615954850 0.311432421207428 79
1717615957132 0.32617324590682983 80
1717615959794 0.2960801124572754 81
1717615962180 0.3044351637363434 82
1717615974836 0.3168536424636841 83
1717615977445 0.2845618426799774 84
1717615980185 0.3007223308086395 85
1717615982664 0.31177985668182373 86
1717615985186 0.8057060837745667 87
1717615987566 0.39649802446365356 88
1717615989972 0.32746171951293945 89
1717615992670 0.41146209836006165 90
1717615995118 0.45287153124809265 91
1717615998249 0.3657059073448181 92
1717616002967 0.48089799284935 93
1717616005650 0.39030691981315613 94
1717616008603 0.40152376890182495 95
1717616010791 0.36595839262008667 96
1717616013209 0.31317466497421265 97
1717616015261 0.28686195611953735 98
1717616017544 0.25881338119506836 99
1717616019988 0.3776004910469055 100
1717616022581 0.2944065034389496 101
1717616024901 0.2835082411766052 102
1717616027061 0.2707156538963318 103
1717616037802 0.2972005307674408 104
1717616039894 0.3049946129322052 105
1717616041571 0.2554084062576294 106
1717616043149 0.30690523982048035 107
1717616044515 0.30881962180137634 108
1717616045601 0.28605201840400696 109
1717616046998 0.25564873218536377 110
1717616048201 0.23710964620113373 111
1717616049178 0.22195233404636383 112
1717616049917 0.2648956775665283 113
1717616059317 0.22337990999221802 114
1717616059853 0.27036160230636597 115
1717616060402 0.25171172618865967 116
1717616060952 0.26448944211006165 117
1717616061609 0.2478618323802948 118
1717616062226 0.28412339091300964 119
1717616062853 0.23412911593914032 120
1717616063517 0.2238200455904007 121
1717616064188 0.2598334550857544 122
1717616064875 0.2690097987651825 123
1717616073866 0.29201167821884155 124
1717616074449 0.2692551910877228 125
1717616075048 0.2524861991405487 126
1717616075679 0.227908194065094 127
1717616076464 0.25932127237319946 128
1717616077229 0.24366261065006256 129
1717616077933 0.2657772898674011 130
1717616078653 0.2589627802371979 131
1717616079369 0.27981895208358765 132
1717616080105 0.26964280009269714 133
1717616080932 0.27101805806159973 134
1717616086039 0.2629848122596741 135
1717616087111 0.27884629368782043 136
1717616088410 0.3372051417827606 137
1717616089754 0.2680148780345917 138
1717616090859 0.26206210255622864 139
1717616092000 0.3395858108997345 140
1717616093262 0.26154378056526184 141
1717616094128 0.26559704542160034 142
1717616095035 0.3369033634662628 143
1717616095998 0.3118462860584259 144
1717616101311 0.24472519755363464 145
1717616102505 0.2626780867576599 146
1717616103688 0.2767101526260376 147
1717616104819 0.2603176236152649 148
1717616106145 0.25952455401420593 149
1717616107166 0.31965428590774536 150
1717616108232 0.2796282172203064 151
1717616109368 0.27130216360092163 152
1717616110665 0.24047373235225677 153
1717616112112 0.26771727204322815 154
1717616116416 0.26473984122276306 155
1717616118121 0.4451441764831543 156
1717616119796 0.46570056676864624 157
1717616120930 0.19649657607078552 158
1717616121696 0.30365946888923645 159
1717616122393 0.47776734828948975 160
1717616123060 0.43517938256263733 161
1717616123761 0.34315651655197144 162
1717616124426 0.26282185316085815 163
1717616125111 0.2556604743003845 164
1717616125774 0.2606947124004364 165
1717616130636 0.35767969489097595 166
1717616131329 0.2939828634262085 167
1717616132010 0.26202085614204407 168
1717616132785 0.21718189120292664 169
1717616133505 0.25367629528045654 170
1717616134278 0.2826046943664551 171
1717616135086 0.24467788636684418 172
1717616135900 0.23756101727485657 173
1717616136715 0.22150279581546783 174
1717616137594 0.26728585362434387 175
1717616146901 0.22173403203487396 176
1717616147568 0.21694768965244293 177
1717616148391 0.2204226702451706 178
1717616149240 0.2139085978269577 179
1717616150183 0.23684515058994293 180
1717616151075 0.21390551328659058 181
1717616151990 0.273698627948761 182
1717616152850 0.2550258934497833 183
1717616153736 0.22144778072834015 184
1717616154721 0.22972284257411957 185
1717616159155 0.28860265016555786 186
1717616160062 0.18171928822994232 187
1717616160930 0.17413337528705597 188
1717616161836 0.22762328386306763 189
1717616162693 0.22045943140983582 190
1717616163504 0.25648823380470276 191
1717616164377 0.21568109095096588 192
1717616165311 0.200049489736557 193
1717616166274 0.1849241852760315 194
1717616167326 0.211608424782753 195
1717616168577 0.24907438457012177 196
1717616173958 0.2690761685371399 197
1717616174931 0.19670547544956207 198
1717616175816 0.19336804747581482 199
1717616176823 0.1955195516347885 200
1717616177952 0.24007061123847961 201
1717616178871 0.2113867551088333 202
1717616179925 0.19791075587272644 203
1717616180869 0.20016764104366302 204
1717616181808 0.22500735521316528 205
1717616182943 0.2197982370853424 206
1717616188313 0.26523587107658386 207
1717616189227 0.22085462510585785 208
1717616190151 0.208423912525177 209
1717616191069 0.14689753949642181 210
1717616191936 0.2168021947145462 211
1717616192781 0.20795781910419464 212
1717616193739 0.19115079939365387 213
1717616194736 0.1888919472694397 214
1717616195683 0.1442149430513382 215
1717616196663 0.17992465198040009 216
1717616206091 0.15592482686042786 217
1717616206922 0.19117769598960876 218
1717616207890 0.14760014414787292 219
1717616208983 0.1468716412782669 220
1717616210591 0.18087974190711975 221
1717616212093 0.17365826666355133 222
1717616213622 0.17116867005825043 223
1717616215040 0.18915241956710815 224
1717616216568 0.1745990365743637 225
1717616218284 0.1797691434621811 226
1717616219958 0.15104687213897705 227
1717616226212 0.19875213503837585 228
1717616227876 0.1550547331571579 229
1717616229826 0.15608319640159607 230
1717616231768 0.1606140285730362 231
1717616233414 0.20051541924476624 232
1717616235602 0.16140185296535492 233
1717616237574 0.16354210674762726 234
1717616239401 0.18365171551704407 235
1717616241513 0.17466425895690918 236
1717616244045 0.17025695741176605 237
1717616250548 0.15966235101222992 238
1717616252572 0.14788183569908142 239
1717616254980 0.1839444935321808 240
1717616257270 0.12348484992980957 241
1717616259700 0.13284455239772797 242
1717616261994 0.1524704098701477 243
1717616264314 0.1698850840330124 244
1717616266538 0.15578418970108032 245
1717616269183 0.15385767817497253 246
1717616271739 0.1755121648311615 247
1717616276241 0.2032862901687622 248
1717616278922 0.14686819911003113 249
1717616281067 0.11510486900806427 250
1717616283284 0.16341549158096313 251
1717616285404 0.1488397717475891 252
1717616287659 0.11160045117139816 253
1717616289933 0.13282893598079681 254
1717616292320 0.14559951424598694 255
1717616294459 0.1626874804496765 256
1717616296237 0.14965809881687164 257
1717616297401 0.1342160403728485 258
1717616302773 0.13630956411361694 259
1717616303829 0.12344285100698471 260
1717616304813 0.1900474727153778 261
1717616305890 0.14157842099666595 262
1717616306910 0.12536755204200745 263
1717616307996 0.1675678789615631 264
1717616309036 0.14189332723617554 265
1717616310056 0.13040007650852203 266
1717616311155 0.1283334195613861 267
1717616312222 0.10145295411348343 268
1717616317536 0.16058818995952606 269
1717616318546 0.1783474236726761 270
1717616319606 0.14079152047634125 271
1717616320638 0.12692327797412872 272
1717616321661 0.12526938319206238 273
1717616322721 0.1646871566772461 274
1717616323750 0.12156861275434494 275
1717616324753 0.15224552154541016 276
1717616325753 0.12250448763370514 277
1717616326740 0.16951724886894226 278
1717616331066 0.16658057272434235 279
1717616332060 0.09329168498516083 280
1717616333031 0.13005155324935913 281
1717616333985 0.11146753281354904 282
1717616335097 0.13566328585147858 283
1717616336150 0.12131858617067337 284
1717616337144 0.1145985871553421 285
1717616338210 0.15296834707260132 286
1717616339184 0.09074192494153976 287
1717616340262 0.10660786926746368 288
1717616341352 0.10729213058948517 289
1717616346729 0.0824454203248024 290
1717616347735 0.11324417591094971 291
1717616348743 0.11168984323740005 292
1717616349719 0.07926909625530243 293
1717616350825 0.1442055106163025 294
1717616351800 0.10886085778474808 295
1717616352802 0.08962846547365189 296
1717616353777 0.10828173905611038 297
1717616354702 0.13601410388946533 298
1717616355727 0.1309986710548401 299
1717616361221 0.12108289450407028 300
1717616362219 0.10388743132352829 301
1717616363084 0.14203274250030518 302
1717616364069 0.11677714437246323 303
1717616364973 0.13212808966636658 304
1717616365986 0.10510729998350143 305
1717616367082 0.0807441994547844 306
1717616368141 0.12131590396165848 307
1717616369175 0.13148906826972961 308
1717616370353 0.10898354649543762 309
1717616375218 0.12177691608667374 310
1717616376485 0.11752896010875702 311
1717616378009 0.14483138918876648 312
1717616379637 0.12472017854452133 313
1717616381011 0.11894407868385315 314
1717616382105 0.1185590922832489 315
1717616383281 0.1245473101735115 316
1717616384462 0.1380358785390854 317
1717616385502 0.08592785149812698 318
1717616386475 0.12051054835319519 319
1717616387451 0.08743163198232651 320
