1717594262835 0.6932252645492554 1
1717594265481 0.7041010856628418 2
1717594267878 0.7106018662452698 3
1717594269907 0.7248985171318054 4
1717594272351 0.699389636516571 5
1717594275036 0.7097397446632385 6
1717594277430 0.6921939253807068 7
1717594279953 0.6801701784133911 8
1717594282402 0.6770092248916626 9
1717594284933 0.684175968170166 10
1717594300696 0.671717643737793 11
1717594303245 0.6609916687011719 12
1717594305756 0.639116108417511 13
1717594308592 0.6573361158370972 14
1717594311202 0.6000629663467407 15
1717594313924 0.6413806080818176 16
1717594318979 0.6632927060127258 17
1717594327002 0.5999747514724731 18
1717594335754 0.649854838848114 19
1717594344259 0.649115264415741 20
1717594370706 0.652809739112854 21
1717594380163 0.6484010815620422 22
1717594389301 0.6187747716903687 23
1717594398128 0.6254308223724365 24
1717594404378 0.6239649653434753 25
1717594409317 0.6000508069992065 26
1717594413613 0.6049167513847351 27
1717594417139 0.6157957911491394 28
1717594419434 0.6339941620826721 29
1717594421479 0.6260849833488464 30
1717594437552 0.9216792583465576 31
1717594438243 0.887240469455719 32
1717594438823 0.6929983496665955 33
1717594439429 0.7562536597251892 34
1717594439986 0.8887266516685486 35
1717594440572 0.7477598190307617 36
1717594441134 0.6738646030426025 37
1717594441603 0.653570830821991 38
1717594442096 0.6821021437644958 39
1717594442559 0.7237070798873901 40
1717594455387 0.7285619974136353 41
1717594456001 0.6609816551208496 42
1717594456856 0.6824904084205627 43
1717594457672 0.6627443432807922 44
1717594458699 0.6800516247749329 45
1717594459885 0.6512563824653625 46
1717594461220 0.6650211811065674 47
1717594462172 0.6649519205093384 48
1717594463559 0.6649719476699829 49
1717594465056 0.669423520565033 50
1717594479929 0.6333219408988953 51
1717594481503 0.6535614132881165 52
1717594483492 0.6681703925132751 53
1717594485242 0.6742650866508484 54
1717594487616 0.6030913591384888 55
1717594489529 0.655190110206604 56
1717594492228 0.6115103960037231 57
1717594494912 0.6372647285461426 58
1717594497220 0.5982581973075867 59
1717594499955 0.6164135336875916 60
1717594515853 0.6490935683250427 61
1717594518969 0.6230826377868652 62
1717594522576 0.6439991593360901 63
1717594525870 0.6367474794387817 64
1717594529105 0.6204066276550293 65
1717594532380 0.6502181887626648 66
1717594536458 0.6259893774986267 67
1717594540106 0.6173160672187805 68
1717594543935 0.65078204870224 69
1717594547731 0.6410866379737854 70
1717594568536 0.6002218723297119 71
1717594571960 0.6277086734771729 72
1717594574864 0.6368749737739563 73
1717594578032 0.59881192445755 74
1717594581005 0.6173176765441895 75
1717594585150 0.6345832943916321 76
1717594589414 0.6238213181495667 77
1717594593349 0.6239669919013977 78
1717594597130 0.6092117428779602 79
1717594600439 0.6070172190666199 80
1717594621155 0.6242503523826599 81
1717594624477 0.6499171257019043 82
1717594629401 0.61406010389328 83
1717594633124 0.5962263941764832 84
1717594636502 0.6711869835853577 85
1717594640381 0.6251615881919861 86
1717594643988 0.6020878553390503 87
1717594647581 0.6313806176185608 88
1717594651331 0.6247921586036682 89
1717594654128 0.6465797424316406 90
1717594670819 0.6133507490158081 91
1717594674150 0.5937754511833191 92
1717594677244 0.5997558832168579 93
1717594679388 0.612436056137085 94
1717594680180 0.5855962038040161 95
1717594680823 0.5938754081726074 96
1717594681769 0.5714276432991028 97
1717594683072 0.6034542918205261 98
1717594684303 0.6513477563858032 99
1717594686467 0.6438411474227905 100
1717594705749 0.5323814153671265 101
1717594707218 0.5742719769477844 102
1717594708115 0.5868288278579712 103
1717594708626 0.5380793213844299 104
1717594709081 0.6033719182014465 105
1717594710202 0.6140112280845642 106
1717594711794 0.6136118769645691 107
1717594713992 0.6474870443344116 108
1717594715495 0.591265082359314 109
1717594717353 0.619042694568634 110
