1717576189127 0.6962407827377319 1
1717576190813 0.6898893713951111 2
1717576192984 0.6890456676483154 3
1717576194825 0.6935732364654541 4
1717576196593 0.6904721856117249 5
1717576198404 0.6914564967155457 6
1717576200323 0.691292941570282 7
1717576202133 0.6856069564819336 8
1717576204240 0.6866039037704468 9
1717576206099 0.686797022819519 10
1717576227410 0.693613588809967 11
1717576229395 0.6848508715629578 12
1717576231252 0.683720052242279 13
1717576233314 0.6872768998146057 14
1717576235698 0.6779728531837463 15
1717576238356 0.6839702725410461 16
1717576240695 0.679908275604248 17
1717576242866 0.6821242570877075 18
1717576244927 0.676571249961853 19
1717576247705 0.6810141801834106 20
1717576268893 0.6767390966415405 21
1717576271598 0.6775971055030823 22
1717576273905 0.6648910045623779 23
1717576276433 0.679072916507721 24
1717576278464 0.6775330305099487 25
1717576281323 0.671665608882904 26
1717576284117 0.6750644445419312 27
1717576286477 0.6805245280265808 28
1717576289254 0.6805161833763123 29
1717576292063 0.6692081689834595 30
1717576314109 0.668470561504364 31
1717576316824 0.6630899310112 32
1717576320120 0.6667113900184631 33
1717576323573 0.662946879863739 34
1717576326319 0.6510833501815796 35
1717576329159 0.643898606300354 36
1717576331668 0.6631321907043457 37
1717576334423 0.6571062207221985 38
1717576336714 0.6445532441139221 39
1717576338692 0.6513622403144836 40
1717576359225 0.6568235158920288 41
1717576360222 0.6317826509475708 42
1717576360665 0.6186478734016418 43
1717576360909 0.6369259357452393 44
1717576361100 0.6461725234985352 45
1717576361291 0.6383527517318726 46
1717576361843 0.618958055973053 47
1717576362458 0.6260671615600586 48
1717576363066 0.618833601474762 49
1717576363557 0.6339135766029358 50
1717576383315 0.6192333102226257 51
1717576383542 0.592136800289154 52
1717576383775 0.5709922909736633 53
1717576384010 0.5770795941352844 54
1717576384308 0.6276611089706421 55
1717576384851 0.5491669178009033 56
1717576385661 0.6045302748680115 57
1717576386303 0.5643142461776733 58
1717576386977 0.6163502931594849 59
1717576387620 0.5595378279685974 60
1717576407661 0.5806448459625244 61
1717576408526 0.5527539849281311 62
1717576409894 0.554984986782074 63
1717576410883 0.625744104385376 64
1717576412159 0.5624927878379822 65
1717576413672 0.5505642294883728 66
1717576414890 0.5635359883308411 67
1717576415992 0.5316473245620728 68
1717576417265 0.5709937810897827 69
1717576418531 0.558711588382721 70
1717576439090 0.5676562786102295 71
1717576439965 0.5027010440826416 72
1717576440933 0.5246812701225281 73
1717576442026 0.5256089568138123 74
1717576443009 0.5779106020927429 75
1717576443915 0.5279868841171265 76
1717576444709 0.5342313647270203 77
1717576445598 0.5320448279380798 78
1717576446543 0.46780678629875183 79
1717576447394 0.5175711512565613 80
1717576467754 0.5416624546051025 81
1717576468706 0.5265858769416809 82
1717576469773 0.5534311532974243 83
1717576471050 0.5235124826431274 84
1717576472426 0.5457003116607666 85
1717576473664 0.49978581070899963 86
1717576475016 0.5145370960235596 87
1717576476684 0.5375605821609497 88
1717576478359 0.5086765885353088 89
1717576479731 0.5587087273597717 90
1717576500729 0.46827641129493713 91
1717576502130 0.5052773356437683 92
1717576503879 0.5134633779525757 93
1717576505275 0.45182615518569946 94
1717576506709 0.44618648290634155 95
1717576508050 0.5110665559768677 96
1717576509436 0.4569700360298157 97
1717576510706 0.49241629242897034 98
1717576512315 0.46791380643844604 99
1717576514111 0.47045132517814636 100
1717576534781 0.4228679835796356 101
1717576535781 0.45752236247062683 102
1717576537159 0.42023539543151855 103
1717576538478 0.4353366196155548 104
1717576539856 0.42765507102012634 105
1717576541263 0.4356037676334381 106
1717576542791 0.422426700592041 107
1717576543931 0.3837188184261322 108
1717576545308 0.40901052951812744 109
1717576546851 0.3640846908092499 110
1717576562566 0.5108123421669006 111
1717576564073 0.4188250005245209 112
1717576565757 0.4055265486240387 113
1717576567183 0.45130160450935364 114
1717576568865 0.4000832736492157 115
1717576570501 0.43767839670181274 116
1717576571941 0.4422374665737152 117
1717576573443 0.4215829074382782 118
1717576575018 0.40436798334121704 119
1717576576514 0.40810033679008484 120
1717576597250 0.44088122248649597 121
1717576598794 0.3763788640499115 122
1717576600171 0.36281365156173706 123
1717576601664 0.42031705379486084 124
1717576603176 0.39795443415641785 125
1717576604578 0.4100412130355835 126
1717576605962 0.39245855808258057 127
1717576607483 0.4215579032897949 128
1717576608935 0.4224404990673065 129
1717576610508 0.39294078946113586 130
1717576626025 0.44945406913757324 131
1717576627772 0.3881031274795532 132
1717576629038 0.4231029152870178 133
1717576630445 0.4036376476287842 134
1717576631706 0.44387704133987427 135
1717576633068 0.3856602609157562 136
1717576634519 0.4101749360561371 137
1717576635986 0.368318110704422 138
1717576637122 0.40392425656318665 139
1717576638266 0.3948437571525574 140
1717576658581 0.41335710883140564 141
1717576659811 0.38790497183799744 142
1717576661065 0.4378170967102051 143
1717576662468 0.37532153725624084 144
1717576664075 0.3884963393211365 145
1717576665375 0.4617792069911957 146
1717576666930 0.4444773197174072 147
1717576668385 0.3945096433162689 148
1717576669708 0.370222270488739 149
1717576670912 0.4386503994464874 150
1717576686528 0.3886123597621918 151
1717576687977 0.38567689061164856 152
1717576689324 0.3540286719799042 153
1717576690770 0.3578062951564789 154
1717576692101 0.3497334420681 155
1717576693769 0.32416868209838867 156
1717576695223 0.36585119366645813 157
1717576696645 0.3838846981525421 158
1717576697905 0.3626786172389984 159
1717576699362 0.3796115517616272 160
1717576719603 0.37460267543792725 161
1717576720670 0.32791686058044434 162
1717576721826 0.34965306520462036 163
1717576723122 0.36856746673583984 164
1717576724547 0.30586040019989014 165
1717576725809 0.3943387567996979 166
1717576727339 0.34345483779907227 167
1717576728679 0.35537105798721313 168
1717576729870 0.3192542493343353 169
1717576731166 0.33963915705680847 170
1717576751988 0.2994612455368042 171
1717576753035 0.3081207871437073 172
1717576754363 0.3260134160518646 173
1717576755825 0.3550928235054016 174
1717576757237 0.3203321397304535 175
1717576758583 0.32318100333213806 176
1717576760007 0.32459038496017456 177
1717576761217 0.327583909034729 178
1717576762318 0.33726269006729126 179
1717576763374 0.3199043571949005 180
1717576778328 0.317516565322876 181
1717576779251 0.33447110652923584 182
1717576779812 0.3541075885295868 183
1717576780422 0.36419209837913513 184
1717576781172 0.2809903621673584 185
1717576781756 0.3028920888900757 186
1717576782295 0.298699289560318 187
1717576782778 0.31373268365859985 188
1717576783294 0.34447503089904785 189
1717576783997 0.30117401480674744 190
1717576798400 0.6542626023292542 191
1717576798595 0.5663436055183411 192
1717576798781 0.3805942237377167 193
1717576798974 0.379574716091156 194
1717576799158 0.4181611239910126 195
1717576799375 0.4228750169277191 196
1717576799551 0.43179982900619507 197
1717576799749 0.45521220564842224 198
1717576799953 0.46726763248443604 199
1717576800142 0.442636102437973 200
1717576814461 0.4133877754211426 201
1717576814659 0.4655892550945282 202
1717576814863 0.46715444326400757 203
1717576815051 0.42056745290756226 204
1717576815255 0.4321403205394745 205
1717576815444 0.36512839794158936 206
1717576815650 0.43081364035606384 207
1717576815831 0.3836216628551483 208
1717576816019 0.38431164622306824 209
1717576816208 0.38426733016967773 210
1717576830531 0.4069031774997711 211
1717576830725 0.37077441811561584 212
1717576830913 0.34033381938934326 213
1717576831102 0.375051885843277 214
1717576831306 0.44240686297416687 215
1717576831494 0.457549512386322 216
1717576831677 0.3779909908771515 217
1717576831866 0.42799702286720276 218
1717576832054 0.3802770972251892 219
1717576832258 0.3552415072917938 220
1717576846619 0.3690015971660614 221
1717576846822 0.3570208251476288 222
1717576847010 0.36969882249832153 223
1717576847183 0.331412672996521 224
1717576847372 0.4116933345794678 225
1717576847576 0.2963825464248657 226
1717576847759 0.34065279364585876 227
1717576847964 0.3385348320007324 228
1717576848152 0.3033689260482788 229
1717576848353 0.3227505385875702 230
1717576862738 0.30667203664779663 231
1717576862927 0.35314080119132996 232
1717576863116 0.29836151003837585 233
1717576863304 0.3199313282966614 234
1717576863508 0.284866064786911 235
1717576863699 0.3113171458244324 236
1717576863887 0.3003055453300476 237
1717576864077 0.3881914019584656 238
1717576864263 0.3260114789009094 239
1717576864468 0.3255462050437927 240
1717576884020 0.33634495735168457 241
1717576884176 0.34803739190101624 242
1717576884333 0.34543848037719727 243
1717576884458 0.3007824420928955 244
1717576884608 0.2982235550880432 245
1717576884745 0.3047184646129608 246
1717576884905 0.3690657317638397 247
1717576885042 0.32785969972610474 248
1717576885183 0.2688077390193939 249
1717576885325 0.31846883893013 250
1717576899362 0.352766752243042 251
1717576899546 0.3175581097602844 252
1717576899735 0.36976557970046997 253
1717576899932 0.31417524814605713 254
1717576900112 0.32418832182884216 255
1717576900316 0.31819143891334534 256
1717576900504 0.32718735933303833 257
1717576900703 0.3160402774810791 258
1717576900891 0.27844905853271484 259
1717576901083 0.3027156889438629 260
1717576920605 0.2996452748775482 261
1717576920749 0.2962260842323303 262
1717576920895 0.2877541780471802 263
1717576921032 0.2238347977399826 264
1717576921187 0.2412702590227127 265
1717576921328 0.2913239598274231 266
1717576921470 0.2136911004781723 267
1717576921601 0.22153647243976593 268
1717576921748 0.30268529057502747 269
1717576921874 0.31088516116142273 270
1717576941079 0.25662046670913696 271
1717576941230 0.2608065903186798 272
1717576941384 0.2865603268146515 273
1717576941526 0.26703014969825745 274
1717576941671 0.23419363796710968 275
1717576941828 0.2708495259284973 276
1717576941985 0.2572317123413086 277
1717576942143 0.23308390378952026 278
1717576942284 0.269171804189682 279
1717576942425 0.27081766724586487 280
1717576956546 0.2211007922887802 281
1717576956737 0.2814563810825348 282
1717576956925 0.24567978084087372 283
1717576957129 0.2685011923313141 284
1717576957317 0.2752685844898224 285
1717576957518 0.30880990624427795 286
1717576957706 0.243459552526474 287
1717576957895 0.2570462226867676 288
1717576958098 0.32472601532936096 289
1717576958287 0.2809171974658966 290
1717576977826 0.24536307156085968 291
1717576977983 0.26159825921058655 292
1717576978140 0.23681440949440002 293
1717576978281 0.22839193046092987 294
1717576978489 0.28731921315193176 295
1717576978675 0.2778552770614624 296
1717576978911 0.23876799643039703 297
1717576979157 0.25174012780189514 298
1717576979429 0.3394113779067993 299
1717576979813 0.30496853590011597 300
1717576994337 0.2460118532180786 301
1717576994849 0.22656302154064178 302
1717576995336 0.27243876457214355 303
1717576995787 0.24098192155361176 304
1717576996258 0.2575652003288269 305
1717576996785 0.1944204717874527 306
1717576997241 0.23603233695030212 307
1717576997593 0.24620933830738068 308
1717576998067 0.18138208985328674 309
1717576998491 0.21876031160354614 310
1717577018020 0.18007296323776245 311
1717577018335 0.22173327207565308 312
1717577018689 0.24708546698093414 313
1717577019066 0.2447720170021057 314
1717577019364 0.21127960085868835 315
1717577019657 0.21385011076927185 316
1717577019995 0.22697973251342773 317
1717577020341 0.1905462145805359 318
1717577020768 0.2138005793094635 319
1717577021176 0.20673443377017975 320
1717577035692 0.21051456034183502 321
1717577036085 0.2378207892179489 322
1717577036430 0.21847054362297058 323
1717577036832 0.22074899077415466 324
1717577037162 0.19499792158603668 325
1717577037547 0.18854284286499023 326
1717577037848 0.2519381642341614 327
1717577038179 0.19937866926193237 328
1717577038430 0.21356910467147827 329
1717577038705 0.23794962465763092 330
1717577053177 0.2759261727333069 331
1717577053412 0.25043994188308716 332
1717577053633 0.22226376831531525 333
1717577053835 0.20086562633514404 334
1717577054040 0.22038845717906952 335
1717577054234 0.1890789270401001 336
1717577054438 0.20148980617523193 337
1717577054627 0.19481156766414642 338
1717577054834 0.21588554978370667 339
1717577055022 0.2117457240819931 340
1717577074504 0.27093973755836487 341
1717577074663 0.2038254737854004 342
1717577074826 0.22221477329730988 343
1717577074976 0.1919008493423462 344
1717577075133 0.24643059074878693 345
1717577075290 0.23769620060920715 346
1717577075447 0.1857234090566635 347
1717577075588 0.2234531044960022 348
1717577075740 0.21192046999931335 349
1717577075881 0.19505725800991058 350
1717577095292 0.13996367156505585 351
1717577095433 0.21728584170341492 352
1717577095575 0.21279223263263702 353
1717577095740 0.17537812888622284 354
1717577095881 0.1690448522567749 355
1717577096006 0.17423729598522186 356
1717577096147 0.1695883423089981 357
1717577096288 0.14995798468589783 358
1717577096438 0.17544274032115936 359
1717577096582 0.14863014221191406 360
1717577115696 0.17440485954284668 361
1717577115873 0.1720903217792511 362
1717577116010 0.2044014185667038 363
1717577116167 0.12641197443008423 364
1717577116323 0.15623074769973755 365
1717577116480 0.17324788868427277 366
1717577116639 0.19432538747787476 367
1717577116786 0.18601562082767487 368
1717577116942 0.13404563069343567 369
1717577117100 0.2244103103876114 370
1717577131169 0.17980517446994781 371
1717577131370 0.14468559622764587 372
1717577131559 0.21003063023090363 373
1717577131761 0.20037296414375305 374
1717577131949 0.18549844622612 375
1717577132137 0.21254520118236542 376
1717577132310 0.21467114984989166 377
1717577132514 0.19533562660217285 378
1717577132697 0.17847909033298492 379
1717577132901 0.19827857613563538 380
1717577147218 0.12904728949069977 381
1717577147409 0.14711588621139526 382
1717577147597 0.16544830799102783 383
1717577147794 0.17165549099445343 384
1717577147982 0.19063426554203033 385
1717577148171 0.18516947329044342 386
1717577148359 0.2178972363471985 387
1717577148548 0.15360882878303528 388
1717577148735 0.19359733164310455 389
1717577148939 0.2047542780637741 390
1717577163336 0.23083214461803436 391
1717577163514 0.18520177900791168 392
1717577163704 0.15870538353919983 393
1717577163908 0.18042494356632233 394
1717577164096 0.2360943704843521 395
1717577164269 0.1746545284986496 396
1717577164457 0.15908189117908478 397
1717577164663 0.19130943715572357 398
1717577164854 0.19931283593177795 399
1717577165043 0.17691364884376526 400
1717577179393 0.1433294415473938 401
1717577179592 0.19463308155536652 402
1717577179786 0.17556512355804443 403
1717577179974 0.1308792382478714 404
1717577180169 0.14402300119400024 405
1717577180369 0.16473430395126343 406
1717577180554 0.16991470754146576 407
1717577180753 0.18974600732326508 408
1717577180944 0.13755282759666443 409
1717577181131 0.15340298414230347 410
1717577195480 0.14784099161624908 411
1717577195678 0.13433337211608887 412
1717577195867 0.16408933699131012 413
1717577196054 0.17880773544311523 414
1717577196243 0.16185890138149261 415
1717577196447 0.15067864954471588 416
1717577196637 0.14706222712993622 417
1717577196834 0.1549369990825653 418
1717577197027 0.1820598542690277 419
1717577197219 0.19853736460208893 420
1717577211565 0.15328745543956757 421
1717577211759 0.15496200323104858 422
1717577211948 0.15038558840751648 423
1717577212136 0.1825324445962906 424
1717577212325 0.14486299455165863 425
1717577212520 0.16555246710777283 426
1717577212697 0.1465485692024231 427
1717577212885 0.11520206928253174 428
1717577213073 0.17417846620082855 429
1717577213277 0.13270516693592072 430
1717577227601 0.2138720601797104 431
1717577227779 0.20035430788993835 432
1717577227968 0.12191302329301834 433
1717577228167 0.23988361656665802 434
1717577228346 0.20351040363311768 435
1717577228550 0.19354330003261566 436
1717577228731 0.20761728286743164 437
1717577228935 0.2263835370540619 438
1717577229123 0.20369082689285278 439
1717577229317 0.1400900036096573 440
1717577243758 0.1582462191581726 441
1717577243947 0.19633126258850098 442
1717577244151 0.19958332180976868 443
1717577244355 0.16555653512477875 444
1717577244544 0.193525493144989 445
1717577244736 0.17099331319332123 446
1717577244925 0.14010044932365417 447
1717577245128 0.13344426453113556 448
1717577245317 0.14998608827590942 449
1717577245516 0.15207143127918243 450
1717577259837 0.16899588704109192 451
1717577260032 0.1490386724472046 452
1717577260220 0.10833045095205307 453
1717577260455 0.13436084985733032 454
1717577260659 0.13484661281108856 455
1717577260833 0.18423186242580414 456
1717577261037 0.12219122797250748 457
1717577261231 0.1609588861465454 458
1717577261430 0.1790715903043747 459
1717577261605 0.14297714829444885 460
1717577275982 0.1952853798866272 461
1717577276155 0.15957048535346985 462
1717577276343 0.18602442741394043 463
1717577276547 0.13659179210662842 464
1717577276772 0.16553297638893127 465
1717577276960 0.1711270958185196 466
1717577277149 0.11748671531677246 467
1717577277337 0.12004490941762924 468
1717577277541 0.12687860429286957 469
1717577277726 0.15951620042324066 470
1717577292160 0.11156854778528214 471
1717577292348 0.1548975110054016 472
1717577292548 0.12034935504198074 473
1717577292760 0.18614664673805237 474
1717577292964 0.12530940771102905 475
1717577293153 0.14002974331378937 476
1717577293388 0.1443909853696823 477
1717577293623 0.1732841283082962 478
1717577293811 0.1719726175069809 479
1717577294031 0.15680921077728271 480
1717577308401 0.15338173508644104 481
1717577308623 0.1521272510290146 482
1717577308826 0.12192581593990326 483
1717577309046 0.1605752557516098 484
1717577309250 0.13270460069179535 485
1717577309454 0.15424078702926636 486
1717577309662 0.14121472835540771 487
1717577309827 0.12052689492702484 488
1717577310041 0.13264478743076324 489
1717577310245 0.11859577149152756 490
1717577329916 0.1327318549156189 491
1717577330049 0.1304965615272522 492
1717577330190 0.1502012312412262 493
1717577330347 0.1437409371137619 494
1717577330488 0.12410259246826172 495
1717577330630 0.15881149470806122 496
1717577330762 0.12736965715885162 497
1717577330888 0.13867220282554626 498
1717577331329 0.13923799991607666 499
1717577331470 0.11975859105587006 500
