1717434439931 0.6983120441436768 1
1717434442392 250.37510681152344 2
1717434447437 19.039566040039062 3
1717434449531 9.560137748718262 4
1717434450715 57.073482513427734 5
1717434451467 36.55180358886719 6
1717434452041 26.34172248840332 7
1717434452917 36.963584899902344 8
1717434453980 8.894722938537598 9
1717434455402 1.4422842264175415 10
1717434462382 39.885807037353516 11
1717434462851 32.147159576416016 12
1717434463282 0.848397433757782 13
1717434463681 42.890953063964844 14
1717434464063 50.72087478637695 15
1717434464594 30.626699447631836 16
1717434465744 22.827255249023438 17
1717434466171 32.890235900878906 18
1717434466561 23.9520320892334 19
1717434466918 9.242120742797852 20
1717434474404 15.022331237792969 21
1717434474811 4.796433448791504 22
1717434475180 1.311192512512207 23
1717434475648 13.208702087402344 24
1717434476198 3.124708414077759 25
1717434476705 27.454782485961914 26
1717434477291 33.0120964050293 27
1717434477977 21.990636825561523 28
1717434478739 14.496623039245605 29
1717434479663 26.566680908203125 30
1717434486464 14.91323471069336 31
1717434487316 15.368024826049805 32
1717434488075 22.03154754638672 33
1717434488802 9.572690963745117 34
1717434489447 22.21371078491211 35
1717434490714 27.33838653564453 36
1717434492362 14.747153282165527 37
1717434494334 16.397167205810547 38
1717434495280 27.07703971862793 39
1717434496242 21.586444854736328 40
1717434503003 6.403947830200195 41
1717434503616 12.709188461303711 42
1717434504278 0.9271476864814758 43
1717434506077 1.7194923162460327 44
1717434506735 14.740821838378906 45
1717434507399 8.965170860290527 46
1717434507960 12.599706649780273 47
1717434508774 14.79084300994873 48
1717434509467 1.5259963274002075 49
1717434510162 1.0507222414016724 50
1717434517033 11.07215690612793 51
1717434517494 2.8129351139068604 52
1717434517958 21.066680908203125 53
1717434518413 28.28900718688965 54
1717434518989 14.390789031982422 55
1717434519472 11.795331001281738 56
1717434519974 18.4029598236084 57
1717434520430 8.053832054138184 58
1717434520890 19.5593204498291 59
1717434521364 26.992219924926758 60
1717434528284 11.339381217956543 61
1717434529081 14.980169296264648 62
1717434529831 26.133302688598633 63
1717434530550 16.08522605895996 64
1717434531478 7.326478481292725 65
1717434532012 9.648092269897461 66
1717434532468 1.9486814737319946 67
1717434532943 4.485599517822266 68
1717434533433 7.741717338562012 69
1717434533908 1.017962098121643 70
1717434540642 15.527634620666504 71
1717434541148 10.947421073913574 72
1717434541842 11.913308143615723 73
1717434542394 8.497446060180664 74
1717434542884 7.995327949523926 75
1717434543346 7.626748561859131 76
1717434543828 11.358689308166504 77
1717434544303 13.408842086791992 78
1717434544769 3.287595272064209 79
1717434545248 2.4840919971466064 80
1717434551988 15.037418365478516 81
1717434552462 13.31252384185791 82
1717434552941 2.4467484951019287 83
1717434553452 1.155474066734314 84
1717434553943 8.654650688171387 85
1717434554432 1.1781779527664185 86
1717434554992 1.3409346342086792 87
1717434555490 5.185066223144531 88
1717434556010 2.757869005203247 89
1717434556497 5.146708011627197 90
1717434563284 3.958728551864624 91
1717434563787 5.549605846405029 92
1717434564269 2.8975815773010254 93
1717434564734 5.551270484924316 94
1717434565303 3.984208822250366 95
1717434565964 9.01262378692627 96
1717434566440 0.8186231255531311 97
1717434566914 8.939046859741211 98
1717434567385 1.3005151748657227 99
1717434567904 18.431909561157227 100
1717434574660 19.785017013549805 101
1717434575182 6.031055927276611 102
1717434575713 25.5162296295166 103
1717434576251 32.80881881713867 104
1717434576803 26.812768936157227 105
1717434577355 3.3831043243408203 106
1717434577955 33.56432342529297 107
1717434578492 46.5417594909668 108
1717434579069 33.797420501708984 109
1717434579613 3.276383638381958 110
1717434586398 33.573787689208984 111
1717434586917 43.37091064453125 112
1717434588067 34.80501937866211 113
1717434589409 12.174601554870605 114
1717434590765 22.09463882446289 115
1717434591463 32.79789733886719 116
1717434592991 25.871816635131836 117
1717434594633 6.127860069274902 118
1717434596603 24.568613052368164 119
1717434597646 34.463340759277344 120
1717434607239 30.160602569580078 121
1717434607729 20.26354217529297 122
1717434608240 26.459457397460938 123
1717434608720 8.901049613952637 124
1717434609248 3.600005626678467 125
1717434609747 6.1540656089782715 126
1717434610327 1.1123610734939575 127
1717434610883 6.398923397064209 128
1717434611420 2.607008457183838 129
1717434611957 2.8285577297210693 130
1717434618614 4.12909460067749 131
1717434619464 2.798116445541382 132
1717434620527 3.581498622894287 133
1717434622670 4.6944379806518555 134
1717434623932 4.861897945404053 135
1717434624425 6.486011505126953 136
1717434624970 3.8516933917999268 137
1717434625474 0.842850923538208 138
1717434626079 7.156826972961426 139
1717434626545 2.1928553581237793 140
1717434633572 15.022562026977539 141
1717434634077 16.041322708129883 142
1717434634656 7.979188442230225 143
1717434635323 13.357173919677734 144
1717434635892 19.99715232849121 145
1717434636475 12.683653831481934 146
1717434637216 6.4835896492004395 147
1717434637753 10.173917770385742 148
1717434638305 1.6989037990570068 149
1717434639337 15.90573787689209 150
1717434645968 12.105184555053711 151
1717434646761 4.636458873748779 152
1717434647532 7.4686150550842285 153
1717434648529 4.92860221862793 154
1717434649322 11.537467002868652 155
1717434650199 18.20261001586914 156
1717434651013 11.977901458740234 157
1717434651682 11.166112899780273 158
1717434652345 2.2554311752319336 159
1717434653575 16.732009887695312 160
1717434660323 21.359996795654297 161
1717434660863 13.959454536437988 162
1717434661417 8.087350845336914 163
1717434661937 7.0759782791137695 164
1717434662443 0.81706702709198 165
1717434662918 6.433933734893799 166
1717434663422 0.846275269985199 167
1717434663907 3.339681625366211 168
1717434664382 7.183100700378418 169
1717434664856 4.268895626068115 170
1717434671480 8.7821626663208 171
1717434671942 9.212923049926758 172
1717434672452 2.2951197624206543 173
1717434672933 16.674331665039062 174
1717434673413 22.36553955078125 175
1717434673851 17.78119468688965 176
1717434674356 0.7478302717208862 177
1717434674908 17.695096969604492 178
1717434675379 19.08680534362793 179
1717434675852 10.952670097351074 180
1717434682393 8.67263126373291 181
1717434682874 15.005929946899414 182
1717434683352 9.047199249267578 183
1717434683805 8.958365440368652 184
1717434684304 14.230149269104004 185
1717434684766 5.633938312530518 186
1717434685241 12.649303436279297 187
1717434685715 16.18115997314453 188
1717434686158 11.224318504333496 189
1717434686659 5.944693088531494 190
1717434693381 9.10228443145752 191
1717434693862 0.9213590621948242 192
1717434694344 4.047028064727783 193
1717434694834 4.809803009033203 194
1717434695308 1.8418920040130615 195
1717434695779 9.717063903808594 196
1717434696230 11.183074951171875 197
1717434696710 0.7557535171508789 198
1717434697185 8.699015617370605 199
1717434697675 6.149063587188721 200
1717434704332 6.615621089935303 201
1717434704785 8.660428047180176 202
1717434705206 0.9070329666137695 203
1717434705657 11.084147453308105 204
1717434706100 11.633578300476074 205
1717434706569 2.4684407711029053 206
1717434707018 16.173601150512695 207
1717434707470 24.571199417114258 208
1717434707930 19.498456954956055 209
1717434708393 0.8599288463592529 210
1717434715033 18.437786102294922 211
1717434715452 27.57008934020996 212
1717434715909 21.83238410949707 213
1717434716355 6.319601535797119 214
1717434716792 18.206819534301758 215
1717434717227 27.34478187561035 216
1717434717694 24.013410568237305 217
1717434718138 16.74606704711914 218
1717434718593 5.451991558074951 219
1717434719024 15.490443229675293 220
1717434725659 12.156538963317871 221
1717434726098 1.8136416673660278 222
1717434726562 4.375014781951904 223
1717434727046 3.333280086517334 224
1717434727537 1.6488243341445923 225
1717434728017 3.0732192993164062 226
1717434728485 3.867417097091675 227
1717434728930 1.9644895792007446 228
1717434729418 2.776815891265869 229
1717434729921 2.5862936973571777 230
1717434736595 2.315977096557617 231
1717434737089 1.6416293382644653 232
1717434737573 4.151134967803955 233
1717434738026 1.7232415676116943 234
1717434738569 2.5175061225891113 235
1717434739090 4.393121242523193 236
1717434739559 1.6885113716125488 237
1717434740038 10.781903266906738 238
1717434740492 10.909809112548828 239
1717434740952 0.8287063241004944 240
1717434747561 9.455461502075195 241
1717434748034 4.943486213684082 242
1717434748480 9.697175979614258 243
1717434748948 10.314401626586914 244
1717434749408 0.8441898822784424 245
1717434749914 13.959328651428223 246
1717434750417 13.91293716430664 247
1717434750888 3.3243889808654785 248
1717434751456 15.939461708068848 249
1717434751946 23.195823669433594 250
1717434758581 18.816465377807617 251
1717434759087 2.983978033065796 252
1717434759536 23.179216384887695 253
1717434760004 32.382205963134766 254
1717434760465 30.104331970214844 255
1717434760910 19.49080467224121 256
1717434761367 4.139611721038818 257
1717434761826 11.67264461517334 258
1717434762273 7.874756813049316 259
1717434762738 4.028628826141357 260
1717434769388 3.9646694660186768 261
1717434769823 5.678234100341797 262
1717434770282 4.137336254119873 263
1717434770736 6.910464286804199 264
1717434771233 6.718397617340088 265
1717434771700 3.8240225315093994 266
1717434772159 2.5834150314331055 267
1717434772615 9.537773132324219 268
1717434773078 8.123509407043457 269
1717434773561 2.7765235900878906 270
1717434780229 2.1343557834625244 271
1717434780693 9.222200393676758 272
1717434781151 9.174066543579102 273
1717434781605 4.093570232391357 274
1717434782052 4.2090163230896 275
1717434782507 6.62258243560791 276
1717434782951 5.147256851196289 277
1717434783390 5.810799598693848 278
1717434783878 6.0816969871521 279
1717434784321 4.571208477020264 280
1717434790934 3.2498648166656494 281
1717434791375 8.078836441040039 282
1717434791860 8.525886535644531 283
1717434792312 2.995683193206787 284
1717434792778 3.3261101245880127 285
1717434793221 7.892141342163086 286
1717434793695 5.660319805145264 287
1717434794168 5.838990211486816 288
1717434794654 6.424657344818115 289
1717434795108 6.068840503692627 290
1717434801761 5.917839050292969 291
1717434802213 5.763077259063721 292
1717434802688 4.744748115539551 293
1717434803195 4.835615634918213 294
1717434803663 5.0046067237854 295
1717434804163 7.255838871002197 296
1717434804627 7.463854789733887 297
1717434805086 2.617464303970337 298
1717434805570 1.2739936113357544 299
1717434806050 9.096723556518555 300
1717434812896 8.217039108276367 301
1717434813381 3.187595844268799 302
1717434813824 2.932133674621582 303
1717434814267 7.898602485656738 304
1717434814711 7.644726276397705 305
1717434815191 3.463301658630371 306
1717434815670 3.9204187393188477 307
1717434816153 6.254970550537109 308
1717434816618 3.591261148452759 309
1717434817077 8.734807968139648 310
1717434823750 10.396855354309082 311
1717434824238 1.0803433656692505 312
1717434824709 2.8850131034851074 313
1717434825161 6.111812591552734 314
1717434825610 3.3939120769500732 315
1717434826101 9.878918647766113 316
1717434826571 9.39887809753418 317
1717434827019 0.8264650702476501 318
1717434827487 4.872512340545654 319
1717434827947 0.7606361508369446 320
1717434834620 5.702560901641846 321
1717434835079 0.7386475205421448 322
1717434835549 4.08905553817749 323
1717434836011 2.36279296875 324
1717434836466 1.4401687383651733 325
1717434836940 3.989849328994751 326
1717434837379 1.5169038772583008 327
1717434837853 2.738258123397827 328
1717434838295 2.0967516899108887 329
1717434838754 3.8220582008361816 330
1717434845411 2.44148325920105 331
1717434845870 2.7470972537994385 332
1717434846302 2.5478854179382324 333
1717434846751 2.221803665161133 334
1717434847194 3.9423491954803467 335
1717434847650 2.807751178741455 336
1717434848096 2.6231741905212402 337
1717434848550 3.785318613052368 338
1717434849017 1.52262544631958 339
1717434849452 3.301259756088257 340
1717434856079 2.8312511444091797 341
1717434856563 2.5150585174560547 342
1717434857028 3.9436209201812744 343
1717434857512 2.121839761734009 344
1717434857962 3.1597118377685547 345
1717434858443 2.928889274597168 346
1717434858898 2.001833200454712 347
1717434859358 3.4959757328033447 348
1717434859801 2.053709030151367 349
1717434860256 3.1055541038513184 350
1717434866901 1.4371272325515747 351
1717434867371 3.16515851020813 352
1717434867840 2.701923370361328 353
1717434868287 3.2992284297943115 354
1717434868762 1.253050684928894 355
1717434869207 3.251983404159546 356
1717434869698 4.155399322509766 357
1717434870143 2.6480064392089844 358
1717434870608 2.8254425525665283 359
1717434871145 1.481977105140686 360
1717434877792 3.9115049839019775 361
1717434878261 0.9789097905158997 362
1717434878714 1.291358232498169 363
1717434879165 6.316170692443848 364
1717434879617 2.288132429122925 365
1717434880075 10.35374927520752 366
1717434880529 14.006290435791016 367
1717434880987 3.8731555938720703 368
1717434881447 15.139153480529785 369
1717434881874 23.581722259521484 370
1717434888515 16.741304397583008 371
1717434888987 0.7296693921089172 372
1717434889475 13.1304292678833 373
1717434889936 14.146676063537598 374
1717434890392 2.912726640701294 375
1717434890823 18.600358963012695 376
1717434891282 24.897369384765625 377
1717434891748 19.089590072631836 378
1717434892238 4.524662971496582 379
1717434892931 20.497098922729492 380
1717434899566 32.48414993286133 381
1717434899978 32.50161361694336 382
1717434900429 23.400585174560547 383
1717434900852 2.9781692028045654 384
1717434901278 26.58696746826172 385
1717434901737 39.26662826538086 386
1717434902175 41.5096549987793 387
1717434902602 31.966806411743164 388
1717434903038 11.486615180969238 389
1717434903473 15.392753601074219 390
1717434910030 29.465099334716797 391
1717434910510 29.204355239868164 392
1717434910932 18.421499252319336 393
1717434911392 2.630974531173706 394
1717434911801 24.403820037841797 395
1717434912259 35.20366287231445 396
1717434912716 39.87042236328125 397
1717434913144 32.49557113647461 398
1717434913597 14.920408248901367 399
1717434914060 9.266634941101074 400
1717434920649 24.683931350708008 401
1717434921087 24.623485565185547 402
1717434921537 15.627923965454102 403
1717434921998 3.643442153930664 404
1717434922458 10.283326148986816 405
1717434922940 5.594647407531738 406
1717434923383 9.513545036315918 407
1717434923857 11.18750286102295 408
1717434924302 3.3747243881225586 409
1717434924754 14.165406227111816 410
1717434931469 20.64250373840332 411
1717434931916 16.074365615844727 412
1717434932364 0.8118086457252502 413
1717434932818 18.572906494140625 414
1717434933265 21.16143226623535 415
1717434933732 12.553136825561523 416
1717434934207 3.465564012527466 417
1717434934681 9.066991806030273 418
1717434935155 1.9953292608261108 419
1717434935593 14.402106285095215 420
1717434942231 15.428300857543945 421
1717434942693 8.603863716125488 422
1717434943152 8.486042976379395 423
1717434943632 13.29765796661377 424
1717434944099 6.398135662078857 425
1717434944537 9.520035743713379 426
1717434945022 13.250754356384277 427
1717434945471 7.074612617492676 428
1717434945924 7.905788898468018 429
1717434946369 12.837773323059082 430
1717434953046 4.3242878913879395 431
1717434953500 13.594260215759277 432
1717434953960 17.87799644470215 433
1717434954421 9.830628395080566 434
1717434954863 5.7798357009887695 435
1717434955283 9.108372688293457 436
1717434955758 1.487504243850708 437
1717434956242 13.064130783081055 438
1717434956690 18.609148025512695 439
1717434957136 8.666901588439941 440
1717434963730 8.84669303894043 441
1717434964167 15.99099063873291 442
1717434964591 10.717498779296875 443
1717434965038 4.327000617980957 444
1717434965491 7.414737701416016 445
1717434965919 0.9930902123451233 446
1717434966335 11.251289367675781 447
1717434966782 12.854935646057129 448
1717434967211 2.553283214569092 449
1717434967686 17.156211853027344 450
1717434974266 23.582319259643555 451
1717434974689 18.33675193786621 452
1717434975139 1.7216849327087402 453
1717434975574 20.686567306518555 454
1717434976012 32.506736755371094 455
1717434976439 31.42242431640625 456
1717434976889 22.8909969329834 457
1717434977326 1.1036386489868164 458
1717434977780 26.833511352539062 459
1717434978216 37.05107879638672 460
1717434984825 36.51045608520508 461
1717434985276 23.765621185302734 462
1717434985735 4.530108451843262 463
1717434986173 22.33303451538086 464
1717434986631 38.26387405395508 465
1717434987114 43.58462142944336 466
1717434987549 29.997882843017578 467
1717434987972 16.398256301879883 468
1717434988461 8.606844902038574 469
1717434988918 21.705631256103516 470
1717434995618 22.14120864868164 471
1717434996093 12.295967102050781 472
1717434996558 7.7651519775390625 473
1717434996998 14.981578826904297 474
1717434997470 12.467700004577637 475
1717434997930 0.8551896810531616 476
1717434998388 7.799579620361328 477
1717434998851 4.546967506408691 478
1717434999310 7.881847858428955 479
1717434999774 9.09338665008545 480
1717435006411 0.9409849047660828 481
1717435006890 4.315969467163086 482
1717435007349 2.8853750228881836 483
1717435007789 0.8739526867866516 484
1717435008225 0.8020985126495361 485
1717435008704 1.5381507873535156 486
1717435009164 4.733206272125244 487
1717435009639 0.8162291646003723 488
1717435010081 5.734630107879639 489
1717435010534 2.089327573776245 490
1717435017381 11.649524688720703 491
1717435017823 14.040756225585938 492
1717435018282 3.5517804622650146 493
1717435018725 14.760237693786621 494
1717435019194 18.02706527709961 495
1717435019622 12.710124015808105 496
1717435020059 4.05684232711792 497
1717435020493 9.2860107421875 498
1717435020930 2.939356803894043 499
1717435021381 12.471954345703125 500
