1717429837887 0.6960744261741638 1
1717429843361 461.7423095703125 2
1717429849341 118.671142578125 3
1717429855274 99.45223236083984 4
1717429861722 212.11846923828125 5
1717429869449 27.479398727416992 6
1717429876694 52.44011306762695 7
1717429883377 33.501007080078125 8
1717429888747 54.683528900146484 9
1717429894213 59.68838882446289 10
1717429921893 29.82193946838379 11
1717429928218 39.56301498413086 12
1717429934167 32.2070426940918 13
1717429938616 61.71029281616211 14
1717429943928 46.48215866088867 15
1717429949092 49.94004821777344 16
1717429954431 48.899784088134766 17
1717429959582 42.84203338623047 18
1717429965217 44.52187728881836 19
1717429971076 34.602813720703125 20
1717429995663 38.450008392333984 21
1717430001640 47.856910705566406 22
1717430007331 62.687477111816406 23
1717430013265 43.178932189941406 24
