1717428831008 0.6920353770256042 1
1717428831231 0.7170916199684143 2
1717428831420 0.699797511100769 3
1717428831623 0.6911100745201111 4
1717428831826 0.7002682089805603 5
1717428832015 0.7015304565429688 6
1717428832207 0.6953586935997009 7
1717428832406 0.6938979029655457 8
1717428832594 0.6939047574996948 9
1717428833002 0.694471538066864 10
1717428836845 0.6933857798576355 11
1717428837084 0.6912310719490051 12
1717428837278 0.6937190294265747 13
1717428837475 0.6941956877708435 14
1717428837701 0.6935138702392578 15
1717428837889 0.6948268413543701 16
1717428838093 0.6924402713775635 17
1717428838302 0.695780873298645 18
1717428838505 0.6936620473861694 19
1717428838708 0.693108081817627 20
1717428839499 0.6924800276756287 21
1717428839754 0.6939687728881836 22
1717428839958 0.6931716203689575 23
1717428840209 0.6929541826248169 24
1717428840412 0.6938244700431824 25
1717428840616 0.6971122622489929 26
1717428840798 0.6911332011222839 27
1717428841023 0.6937479972839355 28
1717428841242 0.6916942596435547 29
1717428841430 0.6941965222358704 30
1717428842213 0.6927388906478882 31
1717428842393 0.6920931935310364 32
1717428842606 0.6936756372451782 33
1717428842815 0.6933727860450745 34
1717428843014 0.6932306289672852 35
1717428843221 0.6929796934127808 36
1717428843439 0.6933772563934326 37
1717428843641 0.6927480101585388 38
1717428843844 0.693469762802124 39
1717428844047 0.6932262778282166 40
1717428847923 0.6932388544082642 41
1717428848135 0.6936456561088562 42
1717428848358 0.6925200819969177 43
1717428848546 0.6930347084999084 44
1717428848781 0.6943796873092651 45
1717428848984 0.6937900185585022 46
1717428849200 0.6933938264846802 47
1717428849390 0.693775475025177 48
1717428849594 0.6931138038635254 49
1717428849797 0.6932643055915833 50
1717428850596 0.6930701732635498 51
1717428850799 0.6925318837165833 52
1717428851003 0.6928460001945496 53
1717428851206 0.691042959690094 54
1717428851408 0.6900098323822021 55
1717428851615 0.6951406002044678 56
1717428851818 0.7012486457824707 57
1717428852022 0.6915380358695984 58
1717428852226 0.6982159614562988 59
1717428852416 0.6926005482673645 60
1717428853213 0.693638265132904 61
1717428853415 0.6929218769073486 62
1717428853621 0.6955314874649048 63
1717428853822 0.6936962008476257 64
1717428854028 0.6926408410072327 65
1717428854232 0.697059154510498 66
1717428854431 0.6934949159622192 67
1717428854638 0.695526123046875 68
1717428854827 0.6937347054481506 69
1717428855000 0.6935996413230896 70
1717428855751 0.6932010054588318 71
1717428855932 0.695687472820282 72
1717428856103 0.6935878396034241 73
1717428856304 0.6915655732154846 74
1717428856476 0.6949323415756226 75
1717428856679 0.6943036317825317 76
1717428856864 0.6921709775924683 77
1717428857048 0.6927434802055359 78
1717428857236 0.693193256855011 79
1717428857413 0.6940454244613647 80
1717428858210 0.6934764981269836 81
1717428858415 0.6932624578475952 82
1717428858619 0.6935188174247742 83
1717428858824 0.6945727467536926 84
1717428859027 0.6940932869911194 85
1717428859246 0.694049596786499 86
1717428859449 0.6930897235870361 87
1717428859664 0.693345308303833 88
1717428859867 0.6930004954338074 89
1717428860060 0.6931779384613037 90
1717428860843 0.6932672262191772 91
1717428861049 0.6932384371757507 92
1717428861254 0.6930856704711914 93
1717428861472 0.6939002871513367 94
1717428861679 0.6941766738891602 95
1717428861882 0.6927576065063477 96
1717428862082 0.6931983232498169 97
1717428862280 0.6923744678497314 98
1717428862487 0.6941882967948914 99
1717428862677 0.6925185322761536 100
1717428863464 0.693450927734375 101
1717428863664 0.6936936378479004 102
1717428863883 0.693052351474762 103
1717428864102 0.692940890789032 104
1717428864313 0.6928775906562805 105
1717428864517 0.6929712891578674 106
1717428864729 0.693771243095398 107
1717428864932 0.6926673054695129 108
1717428865183 0.6929572224617004 109
1717428865375 0.6936994194984436 110
1717428866174 0.6925051212310791 111
1717428866375 0.6927333474159241 112
1717428866578 0.6940474510192871 113
1717428866781 0.6926733255386353 114
1717428867002 0.6943151354789734 115
1717428867202 0.6920686960220337 116
1717428867408 0.6942139863967896 117
1717428867612 0.6934946775436401 118
1717428867804 0.693098783493042 119
1717428868020 0.6935413479804993 120
1717428868787 0.6933090090751648 121
1717428868976 0.6925599575042725 122
1717428869179 0.6940966248512268 123
1717428869403 0.6919664740562439 124
1717428869601 0.6929812431335449 125
1717428869805 0.6939395070075989 126
1717428869993 0.6918128728866577 127
1717428870212 0.6935600638389587 128
1717428870417 0.694323718547821 129
1717428870625 0.6926299333572388 130
1717428871418 0.6942906379699707 131
1717428871623 0.694259762763977 132
1717428871824 0.6934137344360352 133
1717428872046 0.6924710869789124 134
1717428872250 0.6978356838226318 135
1717428872448 0.6926459670066833 136
1717428872652 0.6956561207771301 137
1717428872862 0.6950778961181641 138
1717428873057 0.6927624940872192 139
1717428873269 0.6932992935180664 140
1717428874074 0.6953917145729065 141
1717428874256 0.6940478086471558 142
1717428874478 0.6928470134735107 143
1717428874681 0.6939486265182495 144
1717428874898 0.6938129663467407 145
1717428875117 0.6934720277786255 146
1717428875321 0.6930239796638489 147
1717428875534 0.6935243606567383 148
1717428875722 0.6933432221412659 149
1717428875901 0.6930360794067383 150
1717428876686 0.6934155225753784 151
1717428876894 0.6928824186325073 152
1717428877107 0.6931300163269043 153
1717428877319 0.6939359307289124 154
1717428877561 0.6950728297233582 155
1717428877781 0.6929869055747986 156
1717428877969 0.692672848701477 157
1717428878189 0.6932904720306396 158
1717428878397 0.6932225227355957 159
1717428878596 0.6938949227333069 160
1717428879387 0.6943814754486084 161
1717428879598 0.6931575536727905 162
1717428879801 0.6931542754173279 163
1717428880026 0.6938334107398987 164
1717428880251 0.6920849680900574 165
1717428880473 0.6921848058700562 166
1717428880695 0.69334876537323 167
1717428880883 0.6965572237968445 168
1717428881086 0.6923072934150696 169
1717428881291 0.6942022442817688 170
1717428882074 0.6940013766288757 171
1717428882293 0.6933677196502686 172
1717428882503 0.692886471748352 173
1717428882712 0.6933029294013977 174
1717428882904 0.6933028697967529 175
1717428883094 0.6927947998046875 176
1717428883297 0.6945691704750061 177
1717428883503 0.6918825507164001 178
1717428883691 0.6943309307098389 179
1717428883896 0.6943072080612183 180
1717428884705 0.6950902342796326 181
1717428884942 0.6930860877037048 182
1717428885142 0.6942281126976013 183
1717428885361 0.6942418813705444 184
1717428885567 0.6952042579650879 185
1717428885771 0.6933772563934326 186
1717428885976 0.6945986747741699 187
1717428886189 0.6933740377426147 188
1717428886390 0.6937615871429443 189
1717428886602 0.6932337880134583 190
1717428887412 0.6918996572494507 191
1717428887605 0.6947137713432312 192
1717428887792 0.6937604546546936 193
1717428888011 0.6971794962882996 194
1717428888215 0.6931594014167786 195
1717428888421 0.6922106146812439 196
1717428888627 0.6931225061416626 197
1717428888848 0.6916070580482483 198
1717428889051 0.6928442716598511 199
1717428889251 0.6938064694404602 200
1717428890042 0.6943367123603821 201
1717428890238 0.6931282877922058 202
1717428890449 0.6940686106681824 203
1717428890668 0.6946684718132019 204
1717428890880 0.6929236054420471 205
1717428891090 0.6939975619316101 206
1717428891272 0.6926711201667786 207
1717428891479 0.6928056478500366 208
1717428891683 0.6929520964622498 209
1717428891884 0.6929876208305359 210
1717428892667 0.695351779460907 211
1717428892870 0.6931256055831909 212
1717428893073 0.6936892867088318 213
1717428893261 0.6936634182929993 214
1717428893473 0.6926062107086182 215
1717428893676 0.693182110786438 216
1717428893873 0.692684531211853 217
1717428894076 0.6931824684143066 218
1717428894277 0.694607675075531 219
1717428894483 0.6933543682098389 220
1717428895288 0.6931707859039307 221
1717428895486 0.6950494647026062 222
1717428895689 0.6915575265884399 223
1717428895871 0.6923316121101379 224
1717428896066 0.6938356757164001 225
1717428896261 0.6954744458198547 226
1717428896477 0.6934624314308167 227
1717428896913 0.6939928531646729 228
1717428897133 0.6924275755882263 229
1717428897335 0.693170964717865 230
1717428898120 0.6936219334602356 231
1717428898318 0.6926313042640686 232
1717428898522 0.6942686438560486 233
1717428898730 0.6936153173446655 234
1717428898933 0.6956313848495483 235
1717428899136 0.6918646693229675 236
1717428899334 0.6943139433860779 237
1717428899515 0.692547082901001 238
1717428899717 0.6932176947593689 239
1717428899921 0.692723274230957 240
1717428900698 0.692502498626709 241
1717428900908 0.6928939819335938 242
1717428901127 0.6916597485542297 243
1717428901332 0.6938244700431824 244
1717428901535 0.6937389373779297 245
1717428901738 0.6933665871620178 246
1717428901913 0.6956110000610352 247
1717428902116 0.6954786777496338 248
1717428902315 0.695175290107727 249
1717428902521 0.693623960018158 250
1717428903315 0.6932064294815063 251
1717428903524 0.6938570737838745 252
1717428903727 0.6948224902153015 253
1717428903931 0.694218635559082 254
1717428904168 0.6933093667030334 255
1717428904407 0.6943649649620056 256
1717428904605 0.6955968141555786 257
1717428904808 0.6933697462081909 258
1717428905013 0.6928035020828247 259
1717428905216 0.6944569945335388 260
1717428905999 0.6934162378311157 261
1717428906203 0.6933143734931946 262
1717428906408 0.6938912868499756 263
1717428906612 0.6929761171340942 264
1717428906803 0.693014919757843 265
1717428907006 0.6950852274894714 266
1717428907223 0.693581223487854 267
1717428907421 0.6930112838745117 268
1717428907624 0.6917240023612976 269
1717428907811 0.6965765953063965 270
1717428908609 0.6918575763702393 271
1717428908820 0.6937441825866699 272
1717428909027 0.6913745999336243 273
1717428909232 0.6954506039619446 274
1717428909436 0.6943486332893372 275
1717428909623 0.6924948692321777 276
1717428909824 0.6932187080383301 277
1717428910027 0.6929172277450562 278
1717428910243 0.6935800313949585 279
1717428910436 0.6932637691497803 280
1717428911217 0.6932583451271057 281
1717428911441 0.6931934952735901 282
1717428911661 0.6928423643112183 283
1717428911849 0.6932747960090637 284
1717428912064 0.6940613389015198 285
1717428912267 0.6931419968605042 286
1717428912455 0.6935592293739319 287
1717428912674 0.6928738355636597 288
1717428912892 0.6927188634872437 289
1717428913097 0.692320704460144 290
1717428913873 0.6940155625343323 291
1717428914085 0.6964452266693115 292
1717428914290 0.6934754252433777 293
1717428914467 0.6939125657081604 294
1717428914665 0.692615807056427 295
1717428914868 0.6933364272117615 296
1717428915072 0.693607747554779 297
1717428915291 0.6931860446929932 298
1717428915493 0.6921517252922058 299
1717428915698 0.6914716362953186 300
1717428916467 0.6933044791221619 301
1717428916670 0.6919031739234924 302
1717428916873 0.6925397515296936 303
1717428917076 0.6930983066558838 304
1717428917281 0.6923711895942688 305
1717428917470 0.6913924813270569 306
1717428917689 0.6933872103691101 307
1717428917892 0.6936743855476379 308
1717428918095 0.6938274502754211 309
1717428918302 0.6983070969581604 310
1717428919083 0.6925813555717468 311
1717428919293 0.6927408576011658 312
1717428919506 0.6936769485473633 313
1717428919693 0.6949953436851501 314
1717428919931 0.6928298473358154 315
1717428920134 0.6948369145393372 316
1717428920333 0.6916892528533936 317
1717428920515 0.692719042301178 318
1717428920726 0.693779706954956 319
1717428920917 0.6934705972671509 320
1717428921716 0.6933901906013489 321
1717428921923 0.6921065449714661 322
1717428922123 0.6950235366821289 323
1717428922331 0.6936943531036377 324
1717428922533 0.6980661153793335 325
1717428922739 0.690602719783783 326
1717428922939 0.6938015818595886 327
1717428923126 0.6933164000511169 328
1717428923331 0.6935591697692871 329
1717428923522 0.6943015456199646 330
1717428924298 0.6930318474769592 331
1717428924505 0.6951438188552856 332
1717428924711 0.6952391266822815 333
1717428924915 0.6943022012710571 334
1717428925102 0.6953983902931213 335
1717428925298 0.6928613781929016 336
1717428925516 0.6930329203605652 337
1717428925711 0.6934221982955933 338
1717428925925 0.6933973431587219 339
1717428926128 0.6931689381599426 340
1717428927157 0.6930902004241943 341
1717428927358 0.6932318210601807 342
1717428927577 0.6931458115577698 343
1717428927781 0.693540632724762 344
1717428927999 0.6935781240463257 345
1717428928186 0.6932778358459473 346
1717428928406 0.6937020421028137 347
1717428928594 0.6930102705955505 348
1717428928804 0.6933072805404663 349
1717428928970 0.6933050751686096 350
1717428929756 0.6917558908462524 351
1717428929957 0.6926009654998779 352
1717428930160 0.695488452911377 353
1717428930372 0.6949536204338074 354
1717428930568 0.6932124495506287 355
1717428930773 0.6929672956466675 356
1717428930976 0.6930608153343201 357
1717428931179 0.6931607723236084 358
1717428931387 0.6931165456771851 359
1717428931571 0.6931649446487427 360
1717428932371 0.6921294331550598 361
1717428932589 0.6926606297492981 362
1717428932790 0.6947650909423828 363
1717428932993 0.6928056478500366 364
1717428933200 0.6946783065795898 365
1717428933386 0.6950159668922424 366
1717428933589 0.6954355835914612 367
1717428933795 0.6933667659759521 368
1717428933998 0.6934588551521301 369
1717428934206 0.6944754719734192 370
1717428934993 0.6954251527786255 371
1717428935197 0.6940304636955261 372
1717428935399 0.6948574185371399 373
1717428935599 0.6924765110015869 374
1717428935801 0.6941742300987244 375
1717428936004 0.6937767267227173 376
1717428936207 0.693218469619751 377
1717428936414 0.6926602721214294 378
1717428936604 0.694568932056427 379
1717428936821 0.6969663500785828 380
1717428937603 0.6928421258926392 381
1717428937810 0.69340980052948 382
1717428938014 0.6934932470321655 383
1717428938214 0.692653477191925 384
1717428938417 0.6925811171531677 385
1717428938636 0.6930657625198364 386
1717428938851 0.6923877596855164 387
1717428939052 0.6928984522819519 388
1717428939257 0.6961896419525146 389
1717428939452 0.6921216249465942 390
1717428940269 0.6932932138442993 391
1717428940489 0.6940290331840515 392
1717428940690 0.6930549740791321 393
1717428940914 0.6928815245628357 394
1717428941113 0.693195104598999 395
1717428941317 0.6932525634765625 396
1717428941500 0.6935188174247742 397
1717428941708 0.6950832009315491 398
1717428941927 0.693382740020752 399
1717428942115 0.6939875483512878 400
1717428942916 0.6929136514663696 401
1717428943123 0.6931025981903076 402
1717428943346 0.6944135427474976 403
1717428943518 0.6941489577293396 404
1717428943713 0.6925957798957825 405
1717428943927 0.6924472451210022 406
1717428944115 0.6897717118263245 407
1717428944314 0.6943390965461731 408
1717428944517 0.6971498727798462 409
1717428944720 0.6942467093467712 410
1717428945518 0.6954073309898376 411
1717428945736 0.6928902864456177 412
1717428945939 0.6931240558624268 413
1717428946142 0.6925520300865173 414
1717428946345 0.6934179067611694 415
1717428946549 0.6936142444610596 416
1717428946767 0.6926295757293701 417
1717428946963 0.694430947303772 418
1717428947166 0.6944225430488586 419
1717428947374 0.6918461322784424 420
1717428948163 0.6930251717567444 421
1717428948358 0.6934018135070801 422
1717428948557 0.6918684840202332 423
1717428948770 0.6929075121879578 424
1717428948978 0.6927583813667297 425
1717428949182 0.6930979490280151 426
1717428949388 0.6931289434432983 427
1717428949574 0.6916061043739319 428
1717428949777 0.693120539188385 429
1717428949985 0.6917168498039246 430
1717428950780 0.6976555585861206 431
1717428950983 0.6941320300102234 432
1717428951188 0.6939628720283508 433
1717428951403 0.6950706839561462 434
1717428951591 0.6933483481407166 435
1717428951783 0.6935666799545288 436
1717428952002 0.6948160529136658 437
1717428952208 0.6921600103378296 438
1717428952401 0.695482075214386 439
1717428952620 0.6933519244194031 440
1717428953401 0.6930432915687561 441
1717428953599 0.6925656795501709 442
1717428953804 0.6947808861732483 443
1717428954007 0.6953675150871277 444
1717428954242 0.6944385766983032 445
1717428954447 0.6924226880073547 446
1717428954656 0.6932042241096497 447
1717428954854 0.6930981278419495 448
1717428955055 0.6934682130813599 449
1717428955258 0.69291752576828 450
1717428956044 0.6939440965652466 451
1717428956261 0.6936657428741455 452
1717428956468 0.6914016008377075 453
1717428956671 0.6923503875732422 454
1717428956874 0.6932987570762634 455
1717428957070 0.6973912715911865 456
1717428957258 0.6931794285774231 457
1717428957471 0.6929007768630981 458
1717428957675 0.692951500415802 459
1717428957862 0.6931077837944031 460
1717428958662 0.6931007504463196 461
1717428958876 0.693638265132904 462
1717428959069 0.6932495832443237 463
1717428959303 0.6931846737861633 464
1717428959502 0.6920770406723022 465
1717428959711 0.6946402192115784 466
1717428959914 0.6932919025421143 467
1717428960118 0.6930658221244812 468
1717428960318 0.6931348443031311 469
1717428960521 0.6932469010353088 470
1717428961301 0.6930959224700928 471
1717428961508 0.6933862566947937 472
1717428961717 0.6927464008331299 473
1717428961930 0.6930705308914185 474
1717428962133 0.6933711171150208 475
1717428962332 0.692756175994873 476
1717428962535 0.69285649061203 477
1717428962738 0.6935148239135742 478
1717428962938 0.6929141283035278 479
1717428963131 0.6932423710823059 480
1717428963926 0.6922649145126343 481
1717428964107 0.6933973431587219 482
1717428964314 0.6932300925254822 483
1717428964521 0.6939478516578674 484
1717428964740 0.6933981776237488 485
1717428964944 0.6929566264152527 486
1717428965148 0.692528486251831 487
1717428965361 0.6937111020088196 488
1717428965573 0.6915291547775269 489
1717428965776 0.6924111247062683 490
1717428966558 0.6949973702430725 491
1717428966772 0.6937049627304077 492
1717428966944 0.694861888885498 493
1717428967154 0.6928956508636475 494
1717428967359 0.6931461095809937 495
1717428967562 0.6929336190223694 496
1717428967780 0.6930372714996338 497
1717428967971 0.6939310431480408 498
1717428968188 0.6946715712547302 499
1717428968390 0.6933709383010864 500
