1717442951197 0.6918355226516724 1
1717442952100 0.7177753448486328 2
1717442953005 0.6942450404167175 3
1717442953832 0.7028799653053284 4
1717442954705 0.7030554413795471 5
1717442955549 0.6927013397216797 6
1717442956328 0.6901323795318604 7
1717442957261 0.6962682604789734 8
1717442958190 0.6938881278038025 9
1717442959029 0.6906681656837463 10
1717442966697 0.6960030198097229 11
1717442967545 0.6935381889343262 12
1717442968428 0.6925839185714722 13
1717442969272 0.6929376721382141 14
1717442970060 0.6912526488304138 15
1717442970895 0.6932832598686218 16
1717442971763 0.6966152787208557 17
1717442972596 0.6982394456863403 18
1717442973393 0.6983848214149475 19
1717442974251 0.6901556253433228 20
1717442978749 0.6926333904266357 21
1717442979606 0.6945153474807739 22
1717442980451 0.6931008100509644 23
1717442981293 0.6937553882598877 24
1717442982123 0.694425106048584 25
1717442982949 0.694167971611023 26
1717442983794 0.6937038898468018 27
1717442984650 0.6939831972122192 28
1717442985494 0.694106936454773 29
1717442986242 0.6926451325416565 30
1717442993488 0.6937728524208069 31
1717442994268 0.6959905028343201 32
1717442995052 0.6933132410049438 33
1717442995767 0.6937103867530823 34
1717442996528 0.6940374374389648 35
1717442997250 0.6946033239364624 36
1717442998022 0.6950868368148804 37
1717442998800 0.6962807178497314 38
1717442999562 0.6935175061225891 39
1717443000244 0.6932266354560852 40
1717443004588 0.6943284273147583 41
1717443005397 0.6912021040916443 42
1717443006174 0.6961801648139954 43
1717443006905 0.6922815442085266 44
1717443007673 0.6938028931617737 45
1717443008441 0.6910423040390015 46
1717443009123 0.692407488822937 47
1717443009824 0.6903536915779114 48
1717443010579 0.6896976828575134 49
1717443011307 0.6999053955078125 50
1717443018671 0.6861149668693542 51
1717443019510 0.6927920579910278 52
1717443020292 0.6946346759796143 53
1717443021090 0.6914447546005249 54
1717443021903 0.6920652389526367 55
1717443022700 0.6904824376106262 56
1717443023466 0.6887344717979431 57
1717443024248 0.6917905211448669 58
1717443025046 0.6927756071090698 59
1717443025874 0.6948719024658203 60
1717443030062 0.6903483271598816 61
1717443030810 0.6936166882514954 62
1717443031571 0.6902992725372314 63
1717443032304 0.68854159116745 64
1717443033033 0.6887235045433044 65
1717443033755 0.6899088621139526 66
1717443034490 0.6927051544189453 67
1717443035190 0.6925920844078064 68
1717443035866 0.6938281059265137 69
1717443036604 0.6921142339706421 70
1717443043913 0.6886656284332275 71
1717443044663 0.6935244202613831 72
1717443045481 0.6937431693077087 73
1717443046294 0.6899412870407104 74
1717443047108 0.6933096647262573 75
1717443047927 0.7038142681121826 76
1717443048608 0.6924088597297668 77
1717443049335 0.6888270974159241 78
1717443050091 0.690679132938385 79
1717443050870 0.697215735912323 80
1717443054783 0.6912595629692078 81
1717443055436 0.6936011910438538 82
1717443056136 0.6928113698959351 83
1717443056841 0.6909372806549072 84
1717443057582 0.6926620006561279 85
1717443058284 0.6916510462760925 86
1717443058989 0.6918310523033142 87
1717443059739 0.6891881823539734 88
1717443060499 0.6944828629493713 89
1717443061215 0.6930760741233826 90
1717443064944 0.6965110301971436 91
1717443065662 0.6955012083053589 92
1717443066327 0.6921462416648865 93
1717443066944 0.6931827664375305 94
1717443067626 0.691706120967865 95
1717443068345 0.6924909949302673 96
1717443069118 0.6916434168815613 97
1717443069862 0.6928401589393616 98
1717443070592 0.6931757926940918 99
1717443071288 0.6934048533439636 100
1717443075121 0.6906754374504089 101
1717443075906 0.6906542778015137 102
1717443076650 0.691133439540863 103
1717443077318 0.689659595489502 104
1717443077999 0.6918818354606628 105
1717443078698 0.6919477581977844 106
1717443079388 0.6899005174636841 107
1717443080102 0.6880829930305481 108
1717443080826 0.6925927996635437 109
1717443081582 0.6901019811630249 110
1717443085273 0.6961899995803833 111
1717443085969 0.6979767084121704 112
1717443086644 0.6921435594558716 113
1717443087325 0.6885819435119629 114
1717443088010 0.6881550550460815 115
1717443088751 0.6927304863929749 116
1717443089504 0.6924695372581482 117
1717443090254 0.6901727318763733 118
1717443090922 0.6937662959098816 119
1717443091674 0.6927260756492615 120
1717443095465 0.6863061189651489 121
1717443096175 0.6868340373039246 122
1717443096911 0.689761757850647 123
1717443097630 0.6941801309585571 124
1717443098400 0.6971265077590942 125
1717443099110 0.6920502781867981 126
1717443099896 0.6919504404067993 127
1717443100609 0.6901775002479553 128
1717443101338 0.6922682523727417 129
1717443102065 0.6914545297622681 130
1717443105933 0.6887900233268738 131
1717443106628 0.6946194171905518 132
1717443107371 0.6909528970718384 133
1717443108095 0.6900155544281006 134
1717443108829 0.6886316537857056 135
1717443109717 0.6937790513038635 136
1717443110540 0.6942349076271057 137
1717443111299 0.6947839856147766 138
1717443112019 0.6950898766517639 139
1717443112816 0.6911834478378296 140
1717443116808 0.6882140636444092 141
1717443117525 0.6931995749473572 142
1717443118258 0.6880303621292114 143
1717443118973 0.6872165203094482 144
1717443119627 0.6918835043907166 145
1717443120488 0.6951208710670471 146
1717443121215 0.6843129992485046 147
1717443121913 0.6864382028579712 148
1717443122615 0.6957576870918274 149
1717443123391 0.6968783736228943 150
1717443127267 0.6935656070709229 151
1717443127985 0.6860553026199341 152
1717443128760 0.6912775039672852 153
1717443129424 0.6878218650817871 154
1717443130098 0.6884093284606934 155
1717443130862 0.6856424808502197 156
1717443131637 0.6874650716781616 157
1717443132362 0.6855956315994263 158
1717443133080 0.6957882642745972 159
1717443133740 0.6883666515350342 160
1717443137580 0.6884468197822571 161
1717443138314 0.6892358064651489 162
1717443139000 0.6811714768409729 163
1717443139714 0.6872305870056152 164
1717443140467 0.6881105303764343 165
1717443141238 0.6901606917381287 166
1717443142051 0.6934057474136353 167
1717443142833 0.6842532753944397 168
1717443143616 0.7017440795898438 169
1717443144414 0.6941125988960266 170
1717443148308 0.694119393825531 171
1717443149055 0.6926238536834717 172
1717443149837 0.6970275044441223 173
1717443150604 0.6917809247970581 174
1717443151385 0.6907856464385986 175
1717443152204 0.6915228962898254 176
1717443153019 0.6906319856643677 177
1717443153790 0.6891762018203735 178
1717443154513 0.6912772059440613 179
1717443155228 0.6952317357063293 180
1717443158999 0.6877473592758179 181
1717443159735 0.6946145296096802 182
1717443160496 0.6947434544563293 183
1717443161264 0.6931074261665344 184
1717443162077 0.6909738183021545 185
1717443162843 0.6967241764068604 186
1717443163641 0.6899300813674927 187
1717443164408 0.6909382343292236 188
1717443165206 0.6928333640098572 189
1717443166003 0.6889470219612122 190
1717443169926 0.6914268136024475 191
1717443170614 0.6965787410736084 192
1717443171323 0.6884686350822449 193
1717443171998 0.6937945485115051 194
1717443172672 0.6996885538101196 195
1717443173347 0.6908142566680908 196
1717443174082 0.693608820438385 197
1717443174788 0.6913774609565735 198
1717443175453 0.6890004873275757 199
1717443176205 0.693753182888031 200
1717443179741 0.6898945569992065 201
1717443180470 0.6879574060440063 202
1717443181336 0.6902159452438354 203
1717443182022 0.6899716854095459 204
1717443182757 0.6878036260604858 205
1717443183388 0.6893573999404907 206
1717443184108 0.6917967200279236 207
1717443184894 0.6927606463432312 208
1717443185548 0.6891988515853882 209
1717443186314 0.6955384612083435 210
1717443190193 0.6869559288024902 211
1717443190907 0.6905871033668518 212
1717443191556 0.690162718296051 213
1717443192237 0.687275767326355 214
1717443192935 0.6915563941001892 215
1717443193679 0.6905883550643921 216
1717443194455 0.6904597282409668 217
1717443195155 0.6955965161323547 218
1717443195838 0.6801705956459045 219
1717443196527 0.6875749826431274 220
1717443199918 0.6937379837036133 221
1717443200583 0.6905317902565002 222
1717443201230 0.6984076499938965 223
1717443201879 0.6916947960853577 224
1717443202620 0.6907353401184082 225
1717443203287 0.6904639005661011 226
1717443204070 0.6892250776290894 227
1717443204823 0.6969468593597412 228
1717443205421 0.6959196925163269 229
1717443206145 0.6896029710769653 230
1717443209877 0.6938287019729614 231
1717443210591 0.6858949065208435 232
1717443211345 0.6949519515037537 233
1717443212023 0.6913200616836548 234
1717443212785 0.6889377236366272 235
1717443213505 0.6865659356117249 236
1717443214287 0.6891534924507141 237
1717443215004 0.6914001107215881 238
1717443215699 0.688240647315979 239
1717443216511 0.6997807025909424 240
1717443223368 0.6909507513046265 241
1717443224026 0.6936178207397461 242
1717443224702 0.6948979496955872 243
1717443225459 0.683898389339447 244
1717443226241 0.6896169185638428 245
1717443227013 0.6933311223983765 246
1717443227731 0.6910430192947388 247
1717443228384 0.6932387948036194 248
1717443229114 0.6956368088722229 249
1717443229880 0.6972118020057678 250
1717443233777 0.6944194436073303 251
1717443234559 0.6860831379890442 252
1717443235391 0.6870748400688171 253
1717443236162 0.6918139457702637 254
1717443236908 0.6894964575767517 255
1717443237644 0.6881400942802429 256
1717443238411 0.6904706954956055 257
1717443239177 0.6896927356719971 258
1717443239975 0.6881459355354309 259
1717443240725 0.6913745999336243 260
1717443244883 0.6876847743988037 261
1717443245619 0.6849212050437927 262
1717443246418 0.6855434775352478 263
1717443247215 0.6872981190681458 264
1717443247966 0.6887903809547424 265
1717443248748 0.6842083930969238 266
1717443249530 0.6868835091590881 267
1717443250250 0.700758695602417 268
1717443251032 0.6897823214530945 269
1717443251784 0.688040554523468 270
1717443255617 0.6905469298362732 271
1717443256352 0.6907680034637451 272
1717443257088 0.6898120641708374 273
1717443257713 0.7013558149337769 274
1717443258386 0.6918651461601257 275
1717443259059 0.6876717209815979 276
1717443259762 0.6978054642677307 277
1717443260387 0.6934981346130371 278
1717443261060 0.6890931129455566 279
1717443261716 0.6944807767868042 280
1717443265736 0.6951732039451599 281
1717443266424 0.6958245038986206 282
1717443267097 0.6915026307106018 283
1717443267769 0.6929196119308472 284
1717443268473 0.6931207180023193 285
1717443269130 0.6898607611656189 286
1717443269818 0.6928432583808899 287
1717443270553 0.6943490505218506 288
1717443271304 0.6961175799369812 289
1717443271978 0.6929906010627747 290
1717443275796 0.6912945508956909 291
1717443276469 0.6931824684143066 292
1717443277204 0.6931559443473816 293
1717443277939 0.6958217620849609 294
1717443278674 0.6903543472290039 295
1717443279409 0.6917626261711121 296
1717443280145 0.693458080291748 297
1717443280912 0.691114068031311 298
1717443281662 0.6894742846488953 299
1717443282382 0.6869244575500488 300
1717443286277 0.6861269474029541 301
1717443287028 0.6876329779624939 302
1717443287731 0.6972402930259705 303
1717443288482 0.687528133392334 304
1717443289232 0.6868633031845093 305
1717443289952 0.6889795064926147 306
1717443290688 0.6871647834777832 307
1717443291392 0.693650484085083 308
1717443292111 0.6900843977928162 309
1717443292847 0.6928355693817139 310
1717443296634 0.6953545808792114 311
1717443297337 0.6946219205856323 312
1717443298073 0.6905238628387451 313
1717443298808 0.697242259979248 314
1717443299544 0.6913716197013855 315
1717443300311 0.6994624137878418 316
1717443301015 0.6888197660446167 317
1717443301751 0.682811975479126 318
1717443302518 0.695818305015564 319
1717443303268 0.6906406879425049 320
1717443306818 0.6922534108161926 321
1717443307493 0.6917759776115417 322
1717443308080 0.6910843849182129 323
1717443308710 0.6956085562705994 324
1717443309366 0.6922014951705933 325
1717443310034 0.6900795698165894 326
1717443310754 0.6905982494354248 327
1717443311491 0.69583660364151 328
1717443312145 0.6949542164802551 329
1717443312777 0.6898226141929626 330
1717443316249 0.689905047416687 331
1717443316889 0.6872777342796326 332
1717443317609 0.6946283578872681 333
1717443318287 0.6923093199729919 334
1717443318991 0.6901925802230835 335
1717443319654 0.6947405934333801 336
1717443320299 0.6861281394958496 337
1717443320939 0.6916205286979675 338
1717443321564 0.6894597411155701 339
1717443322236 0.6937304735183716 340
1717443325565 0.691087007522583 341
1717443326157 0.688417911529541 342
1717443326787 0.6991477012634277 343
1717443327434 0.6927348375320435 344
1717443328088 0.6951138377189636 345
1717443328706 0.6934260725975037 346
1717443329343 0.6943683624267578 347
1717443330008 0.6930569410324097 348
1717443330669 0.693440854549408 349
1717443331392 0.689198911190033 350
1717443334773 0.694232165813446 351
1717443335389 0.6885743141174316 352
1717443336046 0.6901296377182007 353
1717443336704 0.6903103590011597 354
1717443337295 0.6909356117248535 355
1717443337936 0.6924675107002258 356
1717443338620 0.6922913789749146 357
1717443339253 0.6941149830818176 358
1717443339935 0.6885626316070557 359
1717443340584 0.6918501257896423 360
1717443343998 0.6924479603767395 361
1717443344696 0.6906946301460266 362
1717443345314 0.6904228329658508 363
1717443345963 0.6922495365142822 364
1717443346623 0.6932241916656494 365
1717443347226 0.6882855892181396 366
1717443347857 0.6891958117485046 367
1717443348514 0.690446138381958 368
1717443349183 0.69046950340271 369
1717443349835 0.6883432269096375 370
1717443353157 0.6838886141777039 371
1717443353811 0.6976433992385864 372
1717443354457 0.6852766871452332 373
1717443355139 0.6933131217956543 374
1717443355774 0.6855218410491943 375
1717443356378 0.7009814977645874 376
1717443356954 0.6896583437919617 377
1717443357591 0.6896564960479736 378
1717443358247 0.689021646976471 379
1717443358869 0.6954190135002136 380
1717443362383 0.6850835680961609 381
1717443362986 0.682367205619812 382
1717443363649 0.6934154629707336 383
1717443364282 0.6955732703208923 384
1717443364921 0.6893874406814575 385
1717443365550 0.6906915903091431 386
1717443366180 0.6875886917114258 387
1717443366855 0.6987981200218201 388
1717443367515 0.6910079717636108 389
1717443368219 0.6898800730705261 390
1717443371742 0.6862339973449707 391
1717443372392 0.6899139285087585 392
1717443373074 0.6920380592346191 393
1717443373734 0.6899800896644592 394
1717443374382 0.6975402235984802 395
1717443375044 0.6931952834129333 396
1717443375675 0.6833328008651733 397
1717443376367 0.6908124685287476 398
1717443377034 0.6950234174728394 399
1717443377687 0.691909670829773 400
1717443381420 0.68619704246521 401
1717443382095 0.6965031623840332 402
1717443382774 0.6868894100189209 403
1717443383466 0.6877361536026001 404
1717443384082 0.6916918754577637 405
1717443384781 0.6909193992614746 406
1717443385439 0.689751386642456 407
1717443386113 0.6920470595359802 408
1717443386780 0.6891686916351318 409
1717443387446 0.68306565284729 410
1717443393981 0.6911957263946533 411
1717443394656 0.6853943467140198 412
1717443395308 0.6952908039093018 413
1717443395907 0.6945624351501465 414
1717443396552 0.6890653967857361 415
1717443397204 0.6970096230506897 416
1717443397879 0.6874810457229614 417
1717443398537 0.6876233816146851 418
1717443399202 0.6966562271118164 419
1717443399846 0.6896681189537048 420
1717443403332 0.68941330909729 421
1717443404014 0.6879352331161499 422
1717443404675 0.6936730742454529 423
1717443405389 0.6908386945724487 424
1717443406072 0.6930575966835022 425
1717443406757 0.6921000480651855 426
1717443407429 0.6873087286949158 427
1717443408096 0.6937549114227295 428
1717443408748 0.6897917985916138 429
1717443409372 0.6880755424499512 430
1717443412772 0.6907163262367249 431
1717443413458 0.6863539218902588 432
1717443414057 0.6884425282478333 433
1717443414755 0.6923037767410278 434
1717443415413 0.6836469769477844 435
1717443416088 0.6893877387046814 436
1717443416748 0.6904683113098145 437
1717443417367 0.6954705119132996 438
1717443418001 0.6901779174804688 439
1717443418679 0.6985765099525452 440
1717443422251 0.686201810836792 441
1717443422860 0.6914183497428894 442
1717443423537 0.6885328888893127 443
1717443424198 0.6824951767921448 444
1717443424862 0.6907187104225159 445
1717443425500 0.6917608380317688 446
1717443426139 0.6953595876693726 447
1717443426801 0.69943767786026 448
1717443427496 0.6941008567810059 449
1717443428154 0.6916095614433289 450
1717443431651 0.6909576058387756 451
1717443432309 0.6885815858840942 452
1717443432974 0.6889166235923767 453
1717443433652 0.695241391658783 454
1717443434275 0.6894218921661377 455
1717443434873 0.6932224631309509 456
1717443435576 0.6892028450965881 457
1717443436222 0.6986018419265747 458
1717443436865 0.6895983815193176 459
1717443437519 0.6861265897750854 460
1717443440935 0.6885812282562256 461
1717443441585 0.6937448382377625 462
1717443442201 0.6911155581474304 463
1717443442810 0.6918652057647705 464
1717443443450 0.6937125325202942 465
1717443444079 0.68538498878479 466
1717443444723 0.6875460147857666 467
1717443445382 0.6911009550094604 468
1717443446045 0.6930408477783203 469
1717443446688 0.6876535415649414 470
1717443450091 0.6873111724853516 471
1717443450794 0.69126296043396 472
1717443451460 0.690110445022583 473
1717443452072 0.6903172135353088 474
1717443452751 0.6887634992599487 475
1717443453426 0.6893373727798462 476
1717443454070 0.6854648590087891 477
1717443454690 0.6854771971702576 478
1717443455336 0.696415364742279 479
1717443455973 0.6894605159759521 480
1717443459336 0.6906237006187439 481
1717443460017 0.6929305791854858 482
1717443460685 0.6897918581962585 483
1717443461350 0.6929736137390137 484
1717443461985 0.6917883157730103 485
1717443462667 0.6859199404716492 486
1717443463314 0.692499577999115 487
1717443463989 0.6882095336914062 488
1717443464649 0.688500165939331 489
1717443465330 0.6991185545921326 490
1717443468706 0.6895046234130859 491
1717443469355 0.6907289028167725 492
1717443470011 0.6911162734031677 493
1717443470661 0.686684787273407 494
1717443471310 0.6896688342094421 495
1717443471924 0.6868297457695007 496
1717443472613 0.6892587542533875 497
1717443473275 0.692192018032074 498
1717443473899 0.6908096075057983 499
1717443474577 0.6969645619392395 500
