1717345258096 0.7147484421730042 1
1717345258186 0.7043628692626953 2
1717345258300 0.698375940322876 3
1717345258362 0.7158920168876648 4
1717345258440 0.7072415947914124 5
1717345258503 0.7076056003570557 6
1717345258565 0.7105720043182373 7
1717345258675 0.6997559070587158 8
1717345258784 0.7020729780197144 9
1717345258893 0.7043502330780029 10
1717345262513 0.7037889361381531 11
1717345262614 0.6974267363548279 12
1717345262727 0.6997011303901672 13
1717345262821 0.6952806115150452 14
1717345262935 0.7051810026168823 15
1717345263043 0.6978700160980225 16
1717345263105 0.7022773623466492 17
1717345263198 0.7033557891845703 18
1717345263291 0.697782576084137 19
1717345263401 0.6953594088554382 20
1717345263889 0.6970091462135315 21
1717345263995 0.6954681873321533 22
1717345264096 0.6954602599143982 23
1717345264209 0.695782482624054 24
1717345264315 0.6920651197433472 25
1717345264378 0.6954072713851929 26
1717345264472 0.6957372426986694 27
1717345264581 0.6945301294326782 28
1717345264681 0.6953567266464233 29
1717345264774 0.6947912573814392 30
1717345265282 0.6947513818740845 31
1717345265396 0.6929357647895813 32
1717345265494 0.6915276646614075 33
1717345265604 0.691609263420105 34
1717345265715 0.6902875304222107 35
1717345265793 0.6961831450462341 36
1717345265887 0.6932210922241211 37
1717345265962 0.6923259496688843 38
1717345266055 0.6964305639266968 39
1717345266118 0.6936460733413696 40
1717345266598 0.6912532448768616 41
1717345266676 0.6952230334281921 42
1717345266755 0.6950278282165527 43
1717345266841 0.6925144195556641 44
1717345266932 0.6935850381851196 45
1717345267095 0.6919815540313721 46
1717345267258 0.6939932107925415 47
1717345267305 0.6939095854759216 48
1717345267399 0.6947931051254272 49
1717345267493 0.6941134929656982 50
