1717621182937 0.7355035543441772 1
1717621196186 1.3798264265060425 2
1717621212757 0.7004529237747192 3
1717621229643 0.696105420589447 4
1717621240378 0.7483822107315063 5
1717621245976 0.710025429725647 6
1717621248304 0.6960184574127197 7
1717621250081 0.6984997987747192 8
1717621252018 0.6961063146591187 9
1717621253946 0.6925815343856812 10
1717621290651 0.6946805715560913 11
1717621293765 0.6884971857070923 12
1717621296511 0.6888680458068848 13
1717621299541 0.6957607269287109 14
1717621302254 0.6914412379264832 15
1717621304921 0.6923927068710327 16
1717621307509 0.6941232085227966 17
1717621310187 0.6892749667167664 18
1717621312950 0.6886067986488342 19
1717621315026 0.6895890831947327 20
1717621363600 0.6883857250213623 21
