1717594844098 0.7157138586044312 1
1717594846248 0.690713107585907 2
1717594848417 0.6873812675476074 3
1717594850573 0.6905059218406677 4
1717594852403 0.691133439540863 5
1717594854209 0.6884487271308899 6
1717594855954 0.6835293173789978 7
1717594857618 0.6835958957672119 8
1717594859340 0.6926557421684265 9
1717594861069 0.6806417107582092 10
1717594871428 0.6675750017166138 11
1717594873359 0.6781867742538452 12
1717594875019 0.6677111983299255 13
1717594876656 0.6613603830337524 14
1717594878344 0.644392192363739 15
1717594880237 0.634808361530304 16
1717594882175 0.6259246468544006 17
1717594884032 0.6399828195571899 18
1717594885838 0.6154072880744934 19
1717594887665 0.612170934677124 20
1717594898161 0.575779139995575 21
1717594899859 0.6369643211364746 22
1717594901390 0.6012870669364929 23
1717594902844 0.580224871635437 24
1717594904173 0.5712330341339111 25
1717594905471 0.5521754622459412 26
1717594906821 0.6105331182479858 27
1717594908166 0.523166298866272 28
1717594909826 0.6154123544692993 29
1717594911390 0.5665123462677002 30
1717594921854 0.5027583837509155 31
1717594923557 0.5846552848815918 32
1717594925200 0.515012264251709 33
1717594926771 0.48763686418533325 34
1717594928352 0.5083766579627991 35
1717594930073 0.4903108775615692 36
1717594931886 0.5083654522895813 37
1717594933638 0.48067617416381836 38
1717594935280 0.5288667678833008 39
1717594937040 0.4664632976055145 40
1717594947278 0.4463748335838318 41
1717594948851 0.46039119362831116 42
1717594950479 0.38640958070755005 43
1717594951775 0.37429946660995483 44
1717594953150 0.5119019746780396 45
1717594954594 0.40039435029029846 46
1717594956225 0.5089385509490967 47
1717594957723 0.3909509479999542 48
1717594959145 0.36608025431632996 49
1717594960425 0.40382522344589233 50
1717594970112 0.4270526170730591 51
1717594971417 0.3880285322666168 52
1717594972798 0.36909082531929016 53
1717594973027 0.3892170190811157 54
1717594974430 0.354921817779541 55
1717594975808 0.29093673825263977 56
1717594977224 0.3352383077144623 57
1717594978594 0.3926767110824585 58
1717594980023 0.2773464322090149 59
1717594981368 0.31983092427253723 60
1717594982759 0.2831045091152191 61
1717594984077 0.32839420437812805 62
1717594985500 0.28154268860816956 63
1717594986920 0.27659711241722107 64
1717594996768 0.31170764565467834 65
1717594998063 0.2805246412754059 66
1717594999312 0.30139222741127014 67
1717595000615 0.28191056847572327 68
1717595001894 0.2557804584503174 69
1717595003176 0.22954346239566803 70
1717595004441 0.31063494086265564 71
1717595005729 0.2922191023826599 72
1717595007003 0.25471562147140503 73
1717595008283 0.2303817719221115 74
1717595017943 0.27572205662727356 75
1717595019364 0.2655065953731537 76
1717595020793 0.29656222462654114 77
1717595022183 0.30040645599365234 78
1717595023548 0.25646287202835083 79
1717595024953 0.2742834687232971 80
1717595026390 0.23117534816265106 81
1717595027811 0.2363920956850052 82
1717595029200 0.2642704248428345 83
1717595030621 0.311129093170166 84
1717595040723 0.2636924386024475 85
1717595042143 0.2878817319869995 86
1717595043566 0.23934176564216614 87
1717595044985 0.2698718011379242 88
1717595046437 0.30749160051345825 89
1717595047865 0.27916964888572693 90
1717595049286 0.24256330728530884 91
1717595050716 0.2565659284591675 92
1717595052085 0.2985379993915558 93
1717595053364 0.28984925150871277 94
1717595058883 0.2287789136171341 95
1717595060302 0.3097611963748932 96
1717595061722 0.25030821561813354 97
1717595063158 0.24303777515888214 98
1717595064596 0.28537771105766296 99
1717595065906 0.2834247648715973 100
1717595067255 0.23286400735378265 101
1717595068628 0.25887438654899597 102
1717595070059 0.2834591269493103 103
1717595071483 0.22895877063274384 104
1717595081394 0.24816524982452393 105
1717595082846 0.26122191548347473 106
1717595084266 0.23728440701961517 107
1717595084501 0.20269925892353058 108
1717595085919 0.1562955528497696 109
1717595087253 0.1404767781496048 110
1717595088663 0.16976508498191833 111
1717595090090 0.2344254106283188 112
1717595091512 0.17954707145690918 113
1717595092901 0.18564534187316895 114
1717595094337 0.2182278037071228 115
1717595095804 0.17484794557094574 116
1717595097225 0.1683897227048874 117
1717595098664 0.20121848583221436 118
1717595108592 0.1857854276895523 119
1717595110044 0.24939747154712677 120
1717595111465 0.1419786512851715 121
1717595112901 0.12094364315271378 122
1717595114322 0.18309427797794342 123
1717595115743 0.21587833762168884 124
1717595117039 0.19871386885643005 125
1717595118359 0.21820150315761566 126
1717595119765 0.1581268012523651 127
1717595121144 0.18414241075515747 128
1717595126765 0.1638808250427246 129
1717595128201 0.20990176498889923 130
1717595129655 0.17444966733455658 131
1717595131090 0.18968123197555542 132
1717595132527 0.16926762461662292 133
1717595133949 0.19584567844867706 134
1717595135369 0.18223614990711212 135
1717595136793 0.20533093810081482 136
1717595138213 0.2093716710805893 137
1717595139662 0.16809238493442535 138
1717595149623 0.22739937901496887 139
1717595151044 0.16034790873527527 140
1717595152475 0.1770256757736206 141
1717595153916 0.2172156721353531 142
1717595155368 0.16843140125274658 143
1717595156803 0.2295369654893875 144
1717595158223 0.23514936864376068 145
1717595159679 0.24394196271896362 146
1717595161115 0.1663750410079956 147
1717595162535 0.17208024859428406 148
1717595167766 0.22257991135120392 149
1717595169186 0.13680769503116608 150
1717595170609 0.16900721192359924 151
1717595172043 0.19013604521751404 152
1717595173448 0.18858984112739563 153
1717595174887 0.18701399862766266 154
1717595176309 0.15895871818065643 155
1717595177789 0.14288616180419922 156
1717595179225 0.2551661431789398 157
1717595180656 0.20359483361244202 158
1717595186085 0.21654856204986572 159
1717595187528 0.23803788423538208 160
1717595188801 0.22471188008785248 161
1717595189016 0.19583779573440552 162
1717595190371 0.16109997034072876 163
1717595191667 0.14861583709716797 164
1717595192935 0.13396938145160675 165
1717595194207 0.14252443611621857 166
1717595195467 0.11367574334144592 167
1717595196675 0.16344837844371796 168
1717595197948 0.12806455790996552 169
1717595199214 0.14278638362884521 170
1717595200496 0.12037786841392517 171
1717595201827 0.1584637463092804 172
1717595207023 0.16749590635299683 173
1717595208373 0.11403347551822662 174
1717595209713 0.11935286223888397 175
1717595211060 0.14037051796913147 176
1717595212423 0.13928192853927612 177
1717595213778 0.13116492331027985 178
1717595215135 0.1716376394033432 179
1717595216509 0.1134711503982544 180
1717595217867 0.12798956036567688 181
1717595219243 0.1286676973104477 182
1717595224492 0.17537462711334229 183
1717595225848 0.10119298100471497 184
1717595227235 0.14422282576560974 185
1717595228624 0.1551903784275055 186
1717595229987 0.13751593232154846 187
1717595231342 0.12274466454982758 188
1717595232733 0.13758789002895355 189
1717595234089 0.13736754655838013 190
1717595235447 0.12553435564041138 191
1717595236795 0.14345349371433258 192
1717595242041 0.13335028290748596 193
1717595243396 0.13179080188274384 194
1717595244737 0.1721346229314804 195
1717595246095 0.13038522005081177 196
1717595247469 0.15611234307289124 197
1717595248818 0.15642111003398895 198
1717595250186 0.19349168241024017 199
1717595251554 0.11420146375894547 200
1717595252902 0.18815983831882477 201
1717595254266 0.14862684905529022 202
1717595259743 0.15997570753097534 203
1717595261101 0.20701803267002106 204
1717595262456 0.13169044256210327 205
1717595263827 0.16112542152404785 206
1717595265179 0.16221299767494202 207
1717595266553 0.12515898048877716 208
1717595267907 0.20272697508335114 209
1717595269184 0.1470220983028412 210
1717595270471 0.220197394490242 211
1717595271758 0.16739782691001892 212
1717595276946 0.14469093084335327 213
1717595278294 0.17128701508045197 214
1717595279654 0.19744497537612915 215
1717595279881 0.20704664289951324 216
1717595281268 0.14711657166481018 217
1717595282614 0.07810629904270172 218
1717595283960 0.11098678410053253 219
1717595285318 0.10177265852689743 220
1717595286640 0.10094921290874481 221
1717595287984 0.11447449028491974 222
1717595289342 0.053514979779720306 223
1717595290707 0.08773546665906906 224
1717595292076 0.09710314869880676 225
1717595293289 0.09571550786495209 226
1717595298267 0.09503884613513947 227
1717595299582 0.07889746129512787 228
1717595300921 0.10282912105321884 229
1717595302169 0.09835027158260345 230
1717595303413 0.11002042889595032 231
1717595304580 0.1404200792312622 232
1717595305811 0.09508395940065384 233
1717595307026 0.1761193722486496 234
1717595308241 0.11747708171606064 235
1717595309431 0.11185242235660553 236
1717595314336 0.07834025472402573 237
1717595315568 0.1121537908911705 238
1717595316884 0.12392551451921463 239
1717595318209 0.15400680899620056 240
1717595319515 0.14656811952590942 241
1717595320807 0.15773525834083557 242
1717595322114 0.15822817385196686 243
1717595323470 0.12847788631916046 244
1717595324824 0.12135595828294754 245
1717595326207 0.105890654027462 246
