1717344864024 0.7065485119819641 1
1717344864129 0.7135899066925049 2
1717344864221 0.7196410298347473 3
1717344864314 0.7167069315910339 4
1717344864409 0.7311772108078003 5
1717344864506 0.7063868045806885 6
1717344864588 0.7071454524993896 7
1717344864666 0.6990762948989868 8
1717344864776 0.7222051620483398 9
1717344864869 0.7080919146537781 10
1717344868424 0.6974918246269226 11
1717344868523 0.697548508644104 12
1717344868623 0.7204203009605408 13
1717344868738 0.6993246674537659 14
1717344868847 0.7111705541610718 15
1717344868956 0.7039691209793091 16
1717344869017 0.713138997554779 17
1717344869104 0.7126245498657227 18
1717344869207 0.7070651650428772 19
1717344869307 0.7170409560203552 20
1717344872735 0.7047610878944397 21
1717344872836 0.7151731848716736 22
1717344872935 0.7075439095497131 23
1717344873078 0.7110974788665771 24
1717344873186 0.713792622089386 25
1717344873253 0.7033854722976685 26
1717344873319 0.7055301666259766 27
1717344873419 0.6977853775024414 28
1717344873535 0.6942246556282043 29
1717344873585 0.7108930349349976 30
1717344876994 0.715126633644104 31
1717344877100 0.7183718681335449 32
1717344877182 0.710312008857727 33
1717344877280 0.6914258599281311 34
1717344877358 0.6989538073539734 35
1717344877467 0.7155123353004456 36
1717344877592 0.7089511752128601 37
1717344877710 0.7218212485313416 38
1717344877809 0.6998324990272522 39
1717344877915 0.7063709497451782 40
1717344878377 0.7030486464500427 41
1717344878486 0.7043029069900513 42
1717344878596 0.7121447324752808 43
1717344878706 0.7065644264221191 44
1717344878812 0.7023438215255737 45
1717344878883 0.7167114019393921 46
1717344878945 0.705864429473877 47
1717344879023 0.7138046026229858 48
1717344879132 0.702283501625061 49
1717344879248 0.717656672000885 50
