1717595417093 0.7027009725570679 1
1717595423521 0.6992372274398804 2
1717595429444 0.6885750889778137 3
1717595436787 0.6886463761329651 4
1717595442846 0.6939155459403992 5
1717595448028 0.6893903613090515 6
1717595452167 0.6830450296401978 7
1717595456687 0.6724668741226196 8
1717595460864 0.6635137796401978 9
1717595465329 0.6659142971038818 10
1717595479462 0.6517246961593628 11
1717595484240 0.6646385192871094 12
1717595488955 0.664597749710083 13
1717595493452 0.6290549635887146 14
1717595498341 0.6212729811668396 15
1717595503349 0.6765884757041931 16
1717595508344 0.6464470028877258 17
1717595512639 0.6399252414703369 18
1717595517293 0.641949474811554 19
1717595522133 0.6322609782218933 20
1717595537402 0.6365348100662231 21
1717595542555 0.5891251564025879 22
1717595547784 0.5886932611465454 23
1717595552686 0.614082396030426 24
1717595559026 0.5995022058486938 25
1717595563896 0.6040775179862976 26
1717595568401 0.5995179414749146 27
1717595572703 0.6064963936805725 28
1717595575903 0.6311962008476257 29
1717595579198 0.6236586570739746 30
1717595592173 0.5785278081893921 31
1717595594638 0.5819145441055298 32
1717595596778 0.5799886584281921 33
1717595598698 0.6015668511390686 34
1717595600601 0.6332008242607117 35
1717595602277 0.5677314400672913 36
1717595603710 0.5899370312690735 37
1717595604896 0.5739367008209229 38
1717595606100 0.5487257242202759 39
1717595607302 0.53045654296875 40
1717595618842 0.5483649969100952 41
1717595620011 0.583355724811554 42
1717595621186 0.5275244116783142 43
1717595622389 0.5615899562835693 44
1717595623559 0.511701226234436 45
1717595624710 0.5907636880874634 46
1717595625897 0.5386636853218079 47
1717595627086 0.5646775960922241 48
1717595628258 0.5129271745681763 49
1717595629448 0.5109557509422302 50
1717595641125 0.505963921546936 51
1717595642368 0.564194917678833 52
1717595643609 0.530459463596344 53
1717595644951 0.5107195973396301 54
1717595646396 0.5549030900001526 55
1717595647849 0.5705408453941345 56
1717595649190 0.5236560106277466 57
1717595650456 0.5156549215316772 58
1717595650642 0.526279628276825 59
1717595651860 0.4083622097969055 60
1717595653119 0.46365657448768616 61
1717595654359 0.4164782464504242 62
1717595655595 0.404682457447052 63
1717595656856 0.4931556284427643 64
1717595658105 0.4550885856151581 65
1717595659342 0.4181594252586365 66
1717595660526 0.42888787388801575 67
1717595661758 0.4005136787891388 68
1717595662996 0.40037405490875244 69
1717595674639 0.4928898215293884 70
1717595675889 0.4583815932273865 71
1717595677133 0.4390273094177246 72
1717595678371 0.36954885721206665 73
1717595679603 0.4050754904747009 74
1717595680853 0.5025672912597656 75
1717595682104 0.37810948491096497 76
1717595683320 0.47244301438331604 77
1717595684539 0.43218833208084106 78
1717595685772 0.39912644028663635 79
1717595692751 0.39533481001853943 80
1717595693953 0.4584563970565796 81
1717595695195 0.40392985939979553 82
1717595696405 0.4531821608543396 83
1717595697637 0.39823639392852783 84
1717595698824 0.4540677070617676 85
1717595700042 0.3505626618862152 86
1717595701266 0.4891784191131592 87
1717595702479 0.45062845945358276 88
1717595703694 0.43467503786087036 89
1717595715093 0.4741091728210449 90
1717595716295 0.4292204976081848 91
1717595717527 0.45388755202293396 92
1717595718746 0.4208935499191284 93
1717595719904 0.4182779788970947 94
1717595720885 0.47019684314727783 95
1717595722119 0.43673741817474365 96
1717595723292 0.4596177935600281 97
1717595724524 0.4325728714466095 98
1717595725756 0.44312170147895813 99
1717595737331 0.4257585406303406 100
1717595738514 0.4019220471382141 101
1717595739714 0.49756327271461487 102
1717595740917 0.47862663865089417 103
1717595742134 0.46904343366622925 104
1717595743369 0.4766865670681 105
1717595744602 0.4476357698440552 106
1717595745834 0.4585202932357788 107
1717595747054 0.452837735414505 108
1717595748289 0.41235774755477905 109
1717595759733 0.4582250118255615 110
1717595760979 0.3832576274871826 111
1717595762217 0.45562469959259033 112
1717595763416 0.3795218765735626 113
1717595764656 0.4321936070919037 114
1717595765919 0.44426843523979187 115
1717595767131 0.4002635180950165 116
1717595768387 0.43321916460990906 117
1717595768559 0.49510428309440613 118
1717595769777 0.37374159693717957 119
1717595770988 0.36003971099853516 120
1717595772182 0.3959290385246277 121
1717595773408 0.4027065634727478 122
1717595774604 0.3425339162349701 123
1717595775821 0.3712497651576996 124
1717595777030 0.3755989670753479 125
1717595778306 0.38290053606033325 126
1717595779546 0.4021024703979492 127
1717595780779 0.4615027904510498 128
1717595787833 0.42909330129623413 129
1717595789052 0.39297762513160706 130
1717595790333 0.39064913988113403 131
1717595791566 0.37135615944862366 132
1717595792767 0.4158540964126587 133
1717595794004 0.33754077553749084 134
1717595795220 0.4242914915084839 135
1717595796425 0.370405912399292 136
1717595797670 0.4148641526699066 137
1717595798888 0.45520034432411194 138
1717595805914 0.3611394166946411 139
1717595807116 0.3942679762840271 140
1717595808263 0.4398843050003052 141
1717595809442 0.3672425150871277 142
1717595810643 0.4021497964859009 143
1717595811807 0.38069358468055725 144
1717595813018 0.43255409598350525 145
1717595814217 0.442975789308548 146
1717595815470 0.4767065942287445 147
1717595816733 0.4447210729122162 148
1717595823392 0.45538100600242615 149
1717595824513 0.4373241066932678 150
1717595825717 0.3832322955131531 151
1717595826872 0.4235858917236328 152
1717595827997 0.48674479126930237 153
1717595829248 0.3961959481239319 154
1717595830450 0.4253159761428833 155
1717595831744 0.4004043936729431 156
1717595832987 0.4239532947540283 157
1717595834243 0.43461430072784424 158
1717595840929 0.4131699800491333 159
1717595842278 0.4299842417240143 160
1717595843701 0.47977063059806824 161
1717595845202 0.41375651955604553 162
1717595846577 0.4647688865661621 163
1717595847922 0.4224622845649719 164
1717595849282 0.42265239357948303 165
1717595850704 0.4708663523197174 166
1717595852045 0.441630095243454 167
1717595853268 0.4071189761161804 168
1717595860030 0.44832804799079895 169
1717595861366 0.40089085698127747 170
1717595862817 0.44533172249794006 171
1717595864187 0.4287550747394562 172
1717595865603 0.4068446755409241 173
1717595867116 0.4415159821510315 174
1717595868562 0.4650789499282837 175
1717595870053 0.4304586350917816 176
1717595870240 0.5065467357635498 177
1717595871590 0.37567660212516785 178
1717595872721 0.37170863151550293 179
1717595873815 0.3363574147224426 180
1717595875283 0.34467723965644836 181
1717595877296 0.3469696640968323 182
1717595879201 0.33628448843955994 183
1717595880553 0.33939889073371887 184
1717595881917 0.40275028347969055 185
1717595883323 0.38942816853523254 186
1717595884714 0.3800358176231384 187
1717595892066 0.41412657499313354 188
1717595893523 0.4110201597213745 189
1717595894942 0.39383959770202637 190
1717595896422 0.319349080324173 191
1717595897796 0.3722710609436035 192
1717595899286 0.3601464331150055 193
1717595900785 0.34998637437820435 194
1717595902246 0.4057946801185608 195
1717595903582 0.3926812708377838 196
1717595904863 0.3701636493206024 197
1717595916814 0.3997141718864441 198
1717595918109 0.34446123242378235 199
1717595919391 0.3090011179447174 200
1717595920700 0.37798815965652466 201
1717595922028 0.43239665031433105 202
1717595923297 0.40100371837615967 203
1717595924589 0.39211392402648926 204
1717595925883 0.43950504064559937 205
1717595927231 0.415203332901001 206
1717595928522 0.4055713713169098 207
1717595935688 0.39265623688697815 208
1717595937040 0.3926909565925598 209
1717595938406 0.3757842183113098 210
1717595939716 0.41667646169662476 211
1717595941012 0.4428386390209198 212
1717595942418 0.43089401721954346 213
1717595943700 0.4577508270740509 214
1717595945025 0.48667556047439575 215
1717595946337 0.4353974461555481 216
1717595947648 0.3923802673816681 217
1717595954830 0.4710354804992676 218
1717595956205 0.4369066059589386 219
1717595957535 0.47657260298728943 220
1717595958874 0.4595023989677429 221
1717595960186 0.3861433267593384 222
1717595961548 0.40198978781700134 223
1717595962839 0.43836042284965515 224
1717595964151 0.37335261702537537 225
1717595965499 0.4277799427509308 226
1717595966868 0.3781547248363495 227
1717595974112 0.38224872946739197 228
1717595975464 0.4746488034725189 229
1717595976797 0.4438951015472412 230
1717595978191 0.36706507205963135 231
1717595979578 0.4428044557571411 232
1717595981076 0.36841487884521484 233
1717595982595 0.42078468203544617 234
1717595984125 0.4246046841144562 235
1717595984312 0.49718648195266724 236
1717595985828 0.37288665771484375 237
1717595987461 0.3818182051181793 238
1717595989038 0.39294689893722534 239
1717595990630 0.39295533299446106 240
1717595992313 0.3572235405445099 241
1717595994000 0.4257471561431885 242
1717595995768 0.3712031841278076 243
1717595997532 0.41530629992485046 244
1717595999265 0.3387458622455597 245
1717596000966 0.352378785610199 246
1717596008577 0.4269026219844818 247
1717596010264 0.36514991521835327 248
1717596012123 0.38902202248573303 249
1717596013879 0.3663173317909241 250
1717596015471 0.44294217228889465 251
1717596017704 0.3105286657810211 252
1717596019921 0.31867146492004395 253
1717596021856 0.37595289945602417 254
1717596023870 0.4025554358959198 255
1717596025931 0.38361188769340515 256
1717596033894 0.43184924125671387 257
1717596035830 0.3779520094394684 258
1717596037829 0.44264987111091614 259
1717596039921 0.371376097202301 260
1717596041950 0.3792370557785034 261
1717596043824 0.4266636371612549 262
1717596045932 0.37981972098350525 263
1717596048056 0.3611847162246704 264
1717596050002 0.4989502727985382 265
1717596051912 0.4255430996417999 266
1717596059921 0.4307026267051697 267
1717596061763 0.4258272647857666 268
1717596063715 0.3911490738391876 269
1717596065648 0.39221376180648804 270
1717596067650 0.42414095997810364 271
1717596069664 0.3694440722465515 272
1717596071366 0.39544153213500977 273
1717596073005 0.4556314945220947 274
1717596074644 0.3876326382160187 275
1717596076300 0.3827382028102875 276
1717596083840 0.36799120903015137 277
1717596085511 0.44338229298591614 278
1717596087199 0.4409172236919403 279
1717596088884 0.37169668078422546 280
1717596090383 0.38746902346611023 281
1717596091973 0.372312068939209 282
1717596093556 0.3904026746749878 283
1717596095009 0.4550148546695709 284
1717596096503 0.3921993374824524 285
1717596097916 0.41187119483947754 286
1717596105071 0.4164813756942749 287
1717596106558 0.4550105929374695 288
1717596108042 0.3918108344078064 289
1717596109583 0.41452863812446594 290
1717596111113 0.43703168630599976 291
1717596112787 0.4043460190296173 292
1717596114443 0.4372533857822418 293
1717596116144 0.40232086181640625 294
1717596116363 0.4468391239643097 295
1717596118205 0.3863840103149414 296
1717596120031 0.3917888104915619 297
1717596121639 0.41838333010673523 298
1717596123238 0.3982393741607666 299
1717596124824 0.35878586769104004 300
1717596126533 0.3459666669368744 301
1717596128134 0.37362468242645264 302
1717596129635 0.39535990357398987 303
1717596131063 0.40575462579727173 304
1717596132691 0.3342643082141876 305
1717596139541 0.431558758020401 306
1717596141174 0.34545621275901794 307
1717596142786 0.40141549706459045 308
1717596144347 0.3809189796447754 309
1717596146082 0.35087448358535767 310
1717596147697 0.36675119400024414 311
1717596149431 0.3515036404132843 312
1717596151122 0.3539453148841858 313
1717596152774 0.42501482367515564 314
1717596154679 0.3935779929161072 315
