1717619972663 0.7601646780967712 1
1717619977047 1.0887974500656128 2
1717619980580 0.697334349155426 3
1717619981825 0.7649074196815491 4
1717619983748 0.7128307819366455 5
1717619988113 0.7100521326065063 6
1717619993034 0.7134144306182861 7
1717619997992 0.7026157975196838 8
1717620002344 0.6871506571769714 9
1717620006648 0.6886157393455505 10
1717620027724 0.6920315027236938 11
1717620031420 0.7098143100738525 12
1717620035888 0.7045262455940247 13
1717620039318 0.6987882256507874 14
1717620042617 0.697566568851471 15
1717620046679 0.6941787004470825 16
1717620050199 0.6945744156837463 17
1717620053331 0.6923953294754028 18
1717620056234 0.6943591833114624 19
1717620059436 0.6956033110618591 20
1717620083371 0.6928411722183228 21
1717620086625 0.6930524706840515 22
1717620089408 0.6936585903167725 23
1717620092086 0.6939353346824646 24
1717620094825 0.6922935247421265 25
1717620097321 0.6928629875183105 26
1717620100099 0.6947126984596252 27
1717620102800 0.6951779127120972 28
1717620105425 0.6933934688568115 29
1717620107945 0.6955536603927612 30
1717620124436 0.6933140158653259 31
1717620127162 0.6917153000831604 32
1717620130018 0.6936572790145874 33
1717620132426 0.6923191547393799 34
1717620134804 0.694023072719574 35
1717620137295 0.6948336362838745 36
1717620139744 0.6942609548568726 37
1717620142522 0.6912111639976501 38
1717620144595 0.6941669583320618 39
1717620147456 0.693241536617279 40
1717620163923 0.6900953650474548 41
1717620166369 0.6912268996238708 42
1717620168746 0.695919930934906 43
1717620171008 0.6915572285652161 44
1717620172884 0.6909472942352295 45
1717620174999 0.6946370601654053 46
1717620177296 0.6944599151611328 47
1717620179555 0.6930803656578064 48
1717620181862 0.6905604004859924 49
1717620183811 0.689748227596283 50
1717620200816 0.6950584053993225 51
1717620202680 0.6950934529304504 52
1717620205055 0.6958845853805542 53
1717620207132 0.6919304132461548 54
1717620209092 0.692865788936615 55
1717620211227 0.6943649649620056 56
1717620213087 0.6948362588882446 57
1717620215156 0.6922561526298523 58
1717620217212 0.6932430863380432 59
1717620219278 0.6925427913665771 60
1717620238356 0.6933541893959045 61
1717620240325 0.6934793591499329 62
1717620242185 0.693499743938446 63
1717620244265 0.695047914981842 64
1717620246231 0.6897268891334534 65
1717620247935 0.698743999004364 66
1717620249564 0.6925438046455383 67
1717620251359 0.6967173218727112 68
1717620253106 0.6921292543411255 69
1717620255026 0.6921850442886353 70
1717620279195 0.6936419606208801 71
1717620279284 0.6955559253692627 72
1717620281266 0.6929344534873962 73
1717620283292 0.6943935751914978 74
1717620284922 0.6934800744056702 75
1717620286876 0.6942428350448608 76
1717620288924 0.6966676115989685 77
1717620290666 0.7022687196731567 78
1717620292416 0.6977333426475525 79
1717620294612 0.696570634841919 80
1717620296525 0.6945486068725586 81
1717620298308 0.6939592957496643 82
1717620317760 0.6932149529457092 83
1717620319721 0.6920948624610901 84
1717620321407 0.6960521340370178 85
1717620323131 0.6963765621185303 86
1717620324701 0.6982948780059814 87
1717620326375 0.6962195038795471 88
1717620328069 0.6959773302078247 89
1717620329505 0.6959694623947144 90
1717620330959 0.6968916654586792 91
1717620332563 0.6964848041534424 92
1717620350999 0.6928539276123047 93
1717620352338 0.6931563019752502 94
1717620354387 0.6921096444129944 95
1717620356134 0.694003701210022 96
1717620357700 0.6948656439781189 97
1717620359381 0.6956475377082825 98
1717620360962 0.6885632276535034 99
1717620362595 0.6929478049278259 100
1717620364425 0.6943251490592957 101
1717620366136 0.704492449760437 102
1717620386649 0.6925286650657654 103
1717620388747 0.6932498216629028 104
1717620391106 0.6931639909744263 105
1717620392870 0.6929897665977478 106
1717620394762 0.6931458115577698 107
1717620396711 0.6931235194206238 108
1717620398528 0.6940223574638367 109
1717620400146 0.6922323703765869 110
1717620401847 0.6932693123817444 111
1717620403449 0.693735659122467 112
1717620423214 0.6915453672409058 113
1717620425257 0.6943714022636414 114
1717620428231 0.693901002407074 115
1717620430842 0.6966818571090698 116
1717620433038 0.6952784061431885 117
1717620434968 0.6942654252052307 118
1717620437214 0.6929389238357544 119
1717620439044 0.6939395070075989 120
1717620440683 0.696033239364624 121
1717620442578 0.6914642453193665 122
1717620460574 0.6914536952972412 123
1717620462248 0.6933345198631287 124
1717620464157 0.6925841569900513 125
1717620465976 0.6940248608589172 126
1717620467880 0.694143533706665 127
1717620469707 0.6926292777061462 128
1717620471259 0.6954111456871033 129
1717620473021 0.6938785910606384 130
1717620475630 0.6916368007659912 131
1717620478217 0.691465437412262 132
1717620504796 0.6936273574829102 133
1717620506605 0.6939944624900818 134
1717620508998 0.6935617327690125 135
1717620511190 0.6932043433189392 136
1717620513340 0.693679690361023 137
1717620515338 0.6946840882301331 138
1717620517480 0.6916288733482361 139
1717620519589 0.695827066898346 140
1717620521387 0.6926038861274719 141
1717620523544 0.692852258682251 142
1717620541813 0.6927754878997803 143
1717620541938 0.7026513814926147 144
1717620543719 0.692792534828186 145
1717620545352 0.6926358938217163 146
1717620547061 0.6929869055747986 147
1717620548579 0.6928638219833374 148
1717620550263 0.6932842135429382 149
1717620551903 0.6930652260780334 150
1717620553370 0.6947330236434937 151
1717620554720 0.6925111413002014 152
1717620556087 0.6934441924095154 153
1717620558570 0.6935911178588867 154
1717620576607 0.6949051022529602 155
1717620578218 0.6933748722076416 156
1717620580085 0.6928153038024902 157
1717620581732 0.6929922699928284 158
1717620583057 0.692922830581665 159
1717620584579 0.6914054155349731 160
1717620586010 0.6932802796363831 161
1717620587354 0.6951356530189514 162
1717620588652 0.6943544745445251 163
1717620589924 0.6923249363899231 164
1717620607826 0.6936140060424805 165
1717620609273 0.6945464611053467 166
1717620611328 0.6931403279304504 167
1717620612931 0.6945500373840332 168
1717620614380 0.6937193870544434 169
1717620615821 0.6930239200592041 170
1717620617608 0.6930117011070251 171
1717620619172 0.6917251348495483 172
1717620621059 0.6918849349021912 173
1717620622617 0.6947622895240784 174
1717620640256 0.6953341364860535 175
1717620641692 0.690831184387207 176
1717620643199 0.6959505081176758 177
1717620644414 0.6919254660606384 178
1717620646132 0.690163254737854 179
1717620648089 0.6937453746795654 180
1717620649972 0.6927187442779541 181
1717620652005 0.6945216059684753 182
1717620653603 0.6908312439918518 183
1717620655093 0.6900428533554077 184
1717620672203 0.6916906833648682 185
1717620673897 0.697736918926239 186
1717620675556 0.6966103911399841 187
1717620677403 0.6943380832672119 188
1717620679292 0.6937005519866943 189
1717620681155 0.6945109963417053 190
1717620683117 0.6939511895179749 191
1717620684945 0.6913995742797852 192
1717620686730 0.6872665286064148 193
1717620688767 0.6942329406738281 194
1717620707581 0.6948965191841125 195
1717620709131 0.696608304977417 196
1717620710817 0.688511848449707 197
1717620712460 0.6944712996482849 198
1717620714042 0.6920701861381531 199
1717620715608 0.6972550749778748 200
1717620717062 0.6982725858688354 201
1717620718642 0.6911353468894958 202
1717620720257 0.6929597854614258 203
1717620721553 0.6940680146217346 204
1717620742647 0.693146288394928 205
1717620744542 0.6929865479469299 206
1717620746054 0.6936496496200562 207
1717620747701 0.6928402185440063 208
1717620749534 0.694540798664093 209
1717620751444 0.6923782229423523 210
1717620752997 0.69292151927948 211
1717620754298 0.696681797504425 212
1717620755824 0.6939209699630737 213
1717620757280 0.693263828754425 214
1717620776805 0.6965649724006653 215
1717620776887 0.6890389919281006 216
1717620778432 0.6927855014801025 217
1717620779952 0.6933866143226624 218
1717620781792 0.6942988038063049 219
1717620783570 0.6950070858001709 220
1717620785825 0.6927740573883057 221
1717620787490 0.6932322382926941 222
1717620789324 0.6929028034210205 223
1717620791108 0.6929964423179626 224
1717620792697 0.6935878992080688 225
1717620793998 0.6946507096290588 226
1717620812772 0.6927491426467896 227
1717620814184 0.6925849914550781 228
1717620815392 0.6925663352012634 229
1717620816947 0.6976302266120911 230
1717620818214 0.6933202743530273 231
1717620819588 0.6927390098571777 232
1717620821064 0.6936292052268982 233
1717620822549 0.6929470300674438 234
1717620824312 0.6922994256019592 235
1717620825905 0.6917992234230042 236
