1717597463419 0.692209005355835 1
1717597469085 0.6948260068893433 2
1717597474551 0.6960931420326233 3
1717597479687 0.6961361169815063 4
1717597485091 0.6941303610801697 5
1717597490242 0.6940560936927795 6
1717597495289 0.6923679113388062 7
1717597500702 0.689932107925415 8
1717597506276 0.688410758972168 9
1717597511773 0.6971058249473572 10
1717597531710 0.6920884847640991 11
1717597537565 0.694893479347229 12
1717597543264 0.693763256072998 13
1717597548600 0.6951404213905334 14
1717597554335 0.6883425712585449 15
1717597559656 0.6902989149093628 16
1717597565152 0.6874497532844543 17
1717597570373 0.6909624338150024 18
1717597576054 0.6881790161132812 19
1717597581578 0.6880052089691162 20
1717597601749 0.6893805265426636 21
1717597607597 0.6807405948638916 22
1717597613409 0.6917242407798767 23
1717597619364 0.6719602346420288 24
1717597625216 0.6669979691505432 25
1717597631149 0.6689485311508179 26
1717597636942 0.6661330461502075 27
1717597642631 0.6627622246742249 28
1717597648614 0.6581308841705322 29
1717597653444 0.6503669023513794 30
1717597673304 0.6484867930412292 31
1717597678149 0.6420899629592896 32
1717597682640 0.6513981819152832 33
1717597686652 0.6220564246177673 34
1717597690345 0.6360530257225037 35
1717597693585 0.6052380204200745 36
1717597696271 0.630678117275238 37
1717597698847 0.6190982460975647 38
1717597701079 0.5867128372192383 39
1717597702984 0.6073658466339111 40
1717597719129 0.5982135534286499 41
1717597720523 0.5626339912414551 42
1717597721844 0.5321467518806458 43
1717597723188 0.5742124319076538 44
1717597724701 0.5822317004203796 45
1717597726467 0.6551454663276672 46
1717597728214 0.6597493290901184 47
1717597729681 0.6336120963096619 48
1717597730806 0.5862782001495361 49
1717597731759 0.5848169922828674 50
1717597747477 0.556239902973175 51
1717597748546 0.5898260474205017 52
1717597749668 0.56369549036026 53
1717597750828 0.5849563479423523 54
1717597752040 0.5715216398239136 55
1717597753287 0.5590365529060364 56
1717597754555 0.5739223957061768 57
1717597755849 0.5401226878166199 58
1717597756989 0.5474177598953247 59
1717597758489 0.5701832175254822 60
1717597760081 0.535164475440979 61
1717597761704 0.537338137626648 62
1717597763334 0.5179487466812134 63
1717597764873 0.5485531687736511 64
1717597766342 0.5629854202270508 65
1717597767808 0.5309292078018188 66
1717597769095 0.5122261643409729 67
1717597770214 0.5255432724952698 68
1717597771348 0.5516571402549744 69
1717597787203 0.5195840001106262 70
1717597788512 0.5173479318618774 71
1717597789839 0.5179410576820374 72
1717597791280 0.506761908531189 73
1717597792759 0.48915669322013855 74
1717597794289 0.5038122534751892 75
1717597795708 0.49235495924949646 76
1717597797021 0.46641069650650024 77
1717597798426 0.5008136630058289 78
1717597799612 0.5117024779319763 79
1717597815385 0.5144628286361694 80
1717597816538 0.48128068447113037 81
1717597817677 0.5083841681480408 82
1717597818988 0.47828584909439087 83
1717597820285 0.5323004126548767 84
1717597821705 0.5868188142776489 85
1717597822408 0.5019449591636658 86
1717597823126 0.48831814527511597 87
1717597823875 0.5815112590789795 88
1717597824702 0.4861803352832794 89
1717597840615 0.46055224537849426 90
1717597841799 0.4828837811946869 91
1717597842576 0.5325236916542053 92
1717597843265 0.6456265449523926 93
1717597843943 0.6984037160873413 94
1717597844593 0.7013164758682251 95
1717597845224 0.6569985151290894 96
1717597845854 0.6773256659507751 97
1717597846475 0.6805955171585083 98
1717597847129 0.6408147811889648 99
1717597856966 0.6409862637519836 100
1717597857609 0.6301101446151733 101
1717597858253 0.5927106142044067 102
1717597858915 0.5981038212776184 103
1717597859778 0.5864685773849487 104
1717597860453 0.6004965901374817 105
1717597861108 0.5937551259994507 106
1717597861739 0.5704095363616943 107
1717597862369 0.5947747826576233 108
1717597863048 0.6247515082359314 109
1717597873911 0.5726252198219299 110
1717597874552 0.5907893180847168 111
1717597875195 0.6100900769233704 112
1717597875865 0.6201863288879395 113
1717597876539 0.6096489429473877 114
1717597877225 0.6025970578193665 115
1717597877913 0.5803486704826355 116
1717597878601 0.6005452871322632 117
1717597879645 0.5624924302101135 118
1717597880381 0.5707487463951111 119
1717597881057 0.5380163192749023 120
1717597881711 0.5663214921951294 121
1717597882361 0.5497307181358337 122
1717597882989 0.539052426815033 123
1717597883751 0.5057934522628784 124
1717597884394 0.5425907969474792 125
1717597884987 0.5668675899505615 126
1717597885660 0.543668270111084 127
1717597886283 0.5265118479728699 128
1717597896813 0.575724184513092 129
1717597897500 0.528702437877655 130
1717597898204 0.5463167428970337 131
1717597898892 0.5734995603561401 132
1717597899580 0.5147183537483215 133
1717597900284 0.5153325200080872 134
1717597900972 0.49524202942848206 135
1717597901676 0.5161100625991821 136
1717597902379 0.5460431575775146 137
1717597903077 0.5077855587005615 138
1717597913190 0.5219858288764954 139
1717597913867 0.49401968717575073 140
1717597914500 0.5563374161720276 141
1717597915167 0.595782995223999 142
1717597915831 0.5309571027755737 143
1717597916469 0.48908793926239014 144
1717597917105 0.5480676889419556 145
1717597917789 0.48154357075691223 146
1717597918426 0.4999217689037323 147
1717597919081 0.49740070104599 148
1717597929715 0.49864959716796875 149
1717597930361 0.5417835116386414 150
1717597931026 0.4881410598754883 151
1717597931713 0.486272931098938 152
1717597932416 0.5063487887382507 153
1717597933104 0.5011403560638428 154
1717597933805 0.5019773840904236 155
1717597934524 0.48795372247695923 156
1717597935212 0.5023511648178101 157
1717597935928 0.515389084815979 158
1717597947239 0.47253885865211487 159
1717597947952 0.5279409289360046 160
1717597948653 0.43539050221443176 161
1717597949341 0.4812849164009094 162
1717597950028 0.4717349410057068 163
1717597950729 0.5023372173309326 164
1717597951436 0.48097968101501465 165
1717597952119 0.4775301218032837 166
1717597952823 0.4931601881980896 167
1717597953529 0.5004678964614868 168
1717597964891 0.44081202149391174 169
1717597965586 0.46828803420066833 170
1717597966282 0.48791205883026123 171
1717597966968 0.48523977398872375 172
1717597967686 0.45228374004364014 173
1717597968421 0.45308011770248413 174
1717597969122 0.4530163109302521 175
1717597969828 0.42509183287620544 176
1717597970824 0.422409325838089 177
1717597971590 0.40419575572013855 178
1717597972311 0.3895428478717804 179
1717597973011 0.38976341485977173 180
1717597973716 0.43134987354278564 181
1717597974405 0.40313422679901123 182
1717597975101 0.3644338548183441 183
1717597975794 0.43900614976882935 184
1717597976481 0.331593781709671 185
1717597977210 0.3543892204761505 186
1717597977951 0.40638259053230286 187
1717597993781 0.3902814984321594 188
1717597994425 0.35713982582092285 189
1717597995029 0.398865669965744 190
1717597995650 0.4284503161907196 191
1717597996316 0.33096200227737427 192
1717597997023 0.37177515029907227 193
1717597997664 0.33939430117607117 194
1717597998283 0.34473687410354614 195
1717597998907 0.388694703578949 196
1717597999509 0.36534830927848816 197
1717598014550 0.37558871507644653 198
1717598015176 0.3858471214771271 199
1717598015819 0.41660162806510925 200
1717598016458 0.3639795184135437 201
1717598017135 0.3423023521900177 202
1717598017750 0.39541393518447876 203
1717598018370 0.3474593162536621 204
1717598019027 0.3705756962299347 205
1717598019691 0.3699626326560974 206
1717598020295 0.3611545264720917 207
1717598030468 0.39828014373779297 208
1717598031109 0.379871666431427 209
1717598031745 0.34723007678985596 210
1717598032377 0.3951483368873596 211
1717598032994 0.3305834233760834 212
1717598033620 0.41103222966194153 213
1717598034244 0.39552947878837585 214
1717598034891 0.40349072217941284 215
1717598035547 0.37341180443763733 216
1717598036204 0.3322683572769165 217
1717598051502 0.3753017783164978 218
1717598052138 0.3774920403957367 219
1717598052770 0.40569740533828735 220
1717598053384 0.2970271110534668 221
1717598054076 0.30544936656951904 222
1717598054714 0.3451192378997803 223
1717598055347 0.38821104168891907 224
1717598055960 0.3261285722255707 225
1717598056648 0.3473065495491028 226
1717598057321 0.35636022686958313 227
1717598072629 0.3268063962459564 228
1717598073238 0.3456811010837555 229
1717598073900 0.3972150981426239 230
1717598074584 0.31364935636520386 231
1717598075247 0.3358250856399536 232
1717598075865 0.35846370458602905 233
1717598076524 0.38860785961151123 234
1717598077181 0.3090578615665436 235
1717598078100 0.29043325781822205 236
1717598078783 0.22547832131385803 237
1717598079474 0.25808441638946533 238
1717598080109 0.31563299894332886 239
1717598080777 0.3048126697540283 240
1717598081412 0.308458536863327 241
1717598082012 0.29855743050575256 242
1717598082693 0.3017590343952179 243
1717598083304 0.30461350083351135 244
1717598083947 0.24724555015563965 245
1717598084642 0.26262399554252625 246
1717598100299 0.2437242716550827 247
1717598100976 0.2579876482486725 248
1717598101646 0.23854103684425354 249
1717598102349 0.28307273983955383 250
1717598103051 0.2379927933216095 251
1717598103738 0.2784401774406433 252
1717598104410 0.278501957654953 253
1717598105081 0.2920190989971161 254
1717598105783 0.2294405847787857 255
1717598106455 0.276248961687088 256
1717598117696 0.2515234649181366 257
1717598118384 0.2649482190608978 258
1717598119054 0.2671891748905182 259
1717598119760 0.2685273289680481 260
1717598120448 0.2684881091117859 261
1717598121162 0.3109430968761444 262
1717598121838 0.33386045694351196 263
1717598122526 0.26067039370536804 264
1717598123193 0.2435678392648697 265
1717598123871 0.25731414556503296 266
1717598135105 0.27623528242111206 267
1717598135792 0.2759011685848236 268
1717598136478 0.2542800307273865 269
1717598137135 0.24117381870746613 270
1717598138087 0.3158104121685028 271
1717598138805 0.2787073850631714 272
1717598139519 0.32720232009887695 273
1717598140196 0.2778197228908539 274
1717598140881 0.30002540349960327 275
1717598141583 0.3105529248714447 276
1717598157520 0.25775226950645447 277
1717598158197 0.2504989504814148 278
1717598158867 0.327271431684494 279
1717598159538 0.333528608083725 280
1717598160235 0.344352126121521 281
1717598160927 0.31256142258644104 282
1717598161600 0.26832130551338196 283
1717598162282 0.3099161386489868 284
1717598162975 0.3766997754573822 285
1717598163645 0.3449888229370117 286
1717598174856 0.3140769898891449 287
1717598175528 0.3137553334236145 288
1717598176247 0.33559268712997437 289
1717598176931 0.31069982051849365 290
1717598177620 0.3176967203617096 291
1717598178309 0.25529539585113525 292
1717598178977 0.21542850136756897 293
1717598179679 0.27377358078956604 294
1717598180646 0.2780480682849884 295
1717598181397 0.3024305999279022 296
1717598182099 0.22990426421165466 297
1717598182785 0.23425069451332092 298
1717598183504 0.2549782693386078 299
1717598184192 0.228464737534523 300
1717598184893 0.23949012160301208 301
1717598185581 0.2384491115808487 302
1717598186268 0.19572822749614716 303
1717598186957 0.19542738795280457 304
1717598187657 0.21265511214733124 305
1717598199055 0.16789491474628448 306
1717598199758 0.23134587705135345 307
1717598200462 0.22224746644496918 308
1717598201163 0.17318324744701385 309
1717598201865 0.19126780331134796 310
1717598202586 0.26430732011795044 311
1717598203271 0.21415846049785614 312
1717598203974 0.2379145622253418 313
1717598204676 0.17861886322498322 314
1717598205364 0.2054053694009781 315
1717598216713 0.20515543222427368 316
1717598217447 0.23143219947814941 317
1717598218150 0.24700067937374115 318
1717598218866 0.21473859250545502 319
1717598219570 0.2588082551956177 320
1717598220253 0.1957474797964096 321
1717598220945 0.19274699687957764 322
1717598221633 0.18904149532318115 323
1717598222303 0.2204793095588684 324
1717598222958 0.293017715215683 325
1717598238607 0.15744028985500336 326
1717598239266 0.2057221382856369 327
1717598239947 0.2000359445810318 328
1717598240612 0.2193787693977356 329
1717598241297 0.19397537410259247 330
1717598241962 0.24027299880981445 331
1717598242676 0.21202923357486725 332
1717598243360 0.23987704515457153 333
1717598244039 0.20176087319850922 334
1717598244707 0.24491377174854279 335
1717598255966 0.2798696458339691 336
1717598256650 0.20785416662693024 337
1717598257307 0.20645225048065186 338
1717598257996 0.23332813382148743 339
1717598258664 0.20174551010131836 340
1717598259354 0.20061303675174713 341
1717598260024 0.281343936920166 342
1717598260710 0.1776656210422516 343
1717598261408 0.1617765873670578 344
1717598262072 0.16334126889705658 345
1717598277775 0.1929069459438324 346
1717598278431 0.22904761135578156 347
1717598279108 0.26683560013771057 348
1717598279789 0.2111288458108902 349
1717598280493 0.22933298349380493 350
1717598281154 0.237140953540802 351
1717598281850 0.28239306807518005 352
1717598282539 0.2052081972360611 353
1717598283513 0.16914568841457367 354
1717598284271 0.16079047322273254 355
1717598284926 0.1705031543970108 356
1717598285643 0.17449146509170532 357
1717598286394 0.17418347299098969 358
1717598287074 0.2005646675825119 359
1717598287751 0.14950689673423767 360
1717598288439 0.17777219414710999 361
1717598289105 0.223301500082016 362
1717598289781 0.16890878975391388 363
1717598290485 0.17178770899772644 364
1717598306248 0.13564357161521912 365
1717598306908 0.1627635359764099 366
1717598307582 0.11128722131252289 367
1717598308252 0.17250487208366394 368
1717598308939 0.11332783102989197 369
1717598309597 0.1444409340620041 370
1717598310298 0.14177875220775604 371
1717598310969 0.1431184560060501 372
1717598311640 0.12313789129257202 373
1717598312327 0.12922252714633942 374
1717598328096 0.19736628234386444 375
1717598328768 0.19438967108726501 376
1717598329451 0.171322762966156 377
1717598330111 0.16314445436000824 378
1717598330797 0.1397940069437027 379
1717598331467 0.12636423110961914 380
1717598332155 0.17542964220046997 381
1717598332842 0.14860990643501282 382
1717598333499 0.15670329332351685 383
1717598334170 0.16822241246700287 384
1717598345416 0.1824658364057541 385
1717598346066 0.12427270412445068 386
1717598346738 0.1502281129360199 387
1717598347411 0.17479242384433746 388
1717598348080 0.20948639512062073 389
1717598348783 0.11369632929563522 390
1717598349514 0.1619604080915451 391
1717598350205 0.1824764907360077 392
1717598350922 0.19082385301589966 393
1717598351608 0.21373297274112701 394
1717598362976 0.17766651511192322 395
1717598363680 0.1628403216600418 396
1717598364368 0.15994060039520264 397
1717598365068 0.15262995660305023 398
1717598365758 0.17620301246643066 399
1717598366461 0.21819397807121277 400
1717598367160 0.13629712164402008 401
1717598367851 0.15502648055553436 402
1717598368555 0.18777680397033691 403
1717598369268 0.1754666417837143 404
1717598380617 0.15937361121177673 405
1717598381306 0.1653117835521698 406
1717598382019 0.23207762837409973 407
1717598382756 0.15905573964118958 408
1717598383459 0.20306386053562164 409
1717598384143 0.16569620370864868 410
1717598384834 0.17938069999217987 411
1717598385522 0.13351155817508698 412
1717598386517 0.22778654098510742 413
1717598387270 0.12419801205396652 414
1717598388004 0.15889166295528412 415
1717598388690 0.12196771055459976 416
1717598389393 0.11305241286754608 417
1717598390096 0.09723681211471558 418
1717598390782 0.125621035695076 419
1717598391475 0.11837232857942581 420
1717598392172 0.15638336539268494 421
1717598392874 0.08974948525428772 422
1717598393566 0.12641271948814392 423
1717598409330 0.1327618956565857 424
1717598410033 0.12945885956287384 425
1717598410704 0.11124034970998764 426
1717598411377 0.10297678411006927 427
1717598412047 0.13983985781669617 428
1717598412703 0.123008131980896 429
1717598413391 0.13739874958992004 430
1717598414063 0.1224752739071846 431
1717598414764 0.13063544034957886 432
1717598415436 0.12627191841602325 433
1717598431126 0.14207227528095245 434
1717598431820 0.16023117303848267 435
1717598432523 0.09413725137710571 436
1717598433188 0.12868206202983856 437
1717598433868 0.12788675725460052 438
1717598434557 0.09398852288722992 439
1717598435248 0.08714206516742706 440
1717598435947 0.07983024418354034 441
1717598436620 0.1097833514213562 442
1717598437296 0.11446308344602585 443
1717598448816 0.09552066028118134 444
1717598449488 0.0882539451122284 445
1717598450165 0.1363479346036911 446
1717598450845 0.11869063228368759 447
1717598451519 0.16189423203468323 448
1717598452212 0.11444759368896484 449
1717598452891 0.12746772170066833 450
1717598453584 0.12604065239429474 451
1717598454257 0.12134920060634613 452
1717598454943 0.12060859799385071 453
1717598466178 0.12631887197494507 454
1717598466833 0.12703338265419006 455
1717598467506 0.10495786368846893 456
1717598468194 0.16490817070007324 457
1717598468879 0.12930653989315033 458
1717598469567 0.12522916495800018 459
1717598470271 0.1432599276304245 460
1717598470955 0.1343957632780075 461
1717598471704 0.15127934515476227 462
1717598472397 0.10434460639953613 463
1717598483763 0.12334472686052322 464
1717598484435 0.16666512191295624 465
1717598485132 0.12058915197849274 466
1717598485825 0.12534111738204956 467
1717598486513 0.17767731845378876 468
1717598487208 0.1561787724494934 469
1717598487902 0.17700977623462677 470
1717598488590 0.12379036098718643 471
1717598489597 0.12721438705921173 472
1717598490355 0.12274351716041565 473
1717598491050 0.12258625030517578 474
1717598491755 0.08960209786891937 475
1717598492448 0.10107936710119247 476
1717598493142 0.08527395129203796 477
1717598493838 0.09153492748737335 478
1717598494542 0.0880235880613327 479
1717598495236 0.11877129226922989 480
1717598495916 0.11225087940692902 481
1717598496604 0.08154154568910599 482
1717598507711 0.06606326252222061 483
1717598508397 0.05700894817709923 484
1717598509040 0.10493993014097214 485
1717598509712 0.12164179980754852 486
1717598510340 0.08729156851768494 487
1717598510981 0.11706974357366562 488
1717598511610 0.08440456539392471 489
1717598512294 0.10875484347343445 490
1717598512946 0.1315351128578186 491
1717598513607 0.06711946427822113 492
1717598523934 0.07709886133670807 493
1717598524566 0.12343836575746536 494
1717598525198 0.09422773122787476 495
1717598525832 0.11109094321727753 496
1717598526476 0.11231867223978043 497
1717598527124 0.08710753917694092 498
1717598527763 0.10202594101428986 499
1717598528414 0.05907270312309265 500
1717598529029 0.1067136749625206 501
1717598529679 0.10576943308115005 502
1717598539937 0.09548933804035187 503
1717598540576 0.08427964895963669 504
1717598541198 0.08781340718269348 505
1717598541866 0.10699162632226944 506
1717598542508 0.113013356924057 507
1717598543164 0.08795478194952011 508
1717598543836 0.08708149194717407 509
1717598544515 0.12550030648708344 510
1717598545134 0.1603226661682129 511
1717598545731 0.10476822406053543 512
1717598556535 0.10196531563997269 513
1717598557223 0.12391919642686844 514
1717598557929 0.11808671057224274 515
1717598558614 0.11761739104986191 516
1717598559365 0.07018445432186127 517
1717598560037 0.10395675897598267 518
1717598560741 0.07396120578050613 519
1717598561444 0.15119653940200806 520
1717598562134 0.10287529230117798 521
1717598562800 0.07908303290605545 522
1717598574143 0.13820724189281464 523
1717598574815 0.09138839691877365 524
1717598575487 0.1366780400276184 525
1717598576175 0.10471183806657791 526
1717598576848 0.13091234862804413 527
1717598577536 0.10753939300775528 528
1717598578208 0.13440601527690887 529
1717598578880 0.111177958548069 530
1717598579850 0.14983771741390228 531
1717598580600 0.09786790609359741 532
1717598581288 0.11892127990722656 533
1717598581976 0.10082776099443436 534
1717598582648 0.07986792176961899 535
1717598583320 0.09075676649808884 536
1717598584055 0.057453446090221405 537
1717598584743 0.06072746217250824 538
1717598585415 0.09383556991815567 539
1717598586118 0.10277619957923889 540
1717598586806 0.09582863003015518 541
1717598598231 0.10034040361642838 542
1717598598918 0.09699738025665283 543
1717598599638 0.07962679117918015 544
1717598600325 0.08402001857757568 545
1717598601013 0.0685349777340889 546
1717598601702 0.0763632133603096 547
1717598602405 0.06875807791948318 548
1717598603108 0.12365840375423431 549
1717598603812 0.049627210944890976 550
1717598604531 0.10390277206897736 551
