1717339877343 0.6986033916473389 1
1717339912063 0.8143773674964905 2
1717339948209 0.728367030620575 3
1717339986190 0.7264841198921204 4
1717340025545 0.7292664051055908 5
1717340064015 0.6941125392913818 6
1717340102265 0.6949638724327087 7
1717340139959 0.7058732509613037 8
1717340177532 0.6977638006210327 9
1717340215434 0.6957128047943115 10
1717340289125 0.7013030648231506 11
1717340326500 0.6939075589179993 12
1717340367080 0.693933367729187 13
1717340409047 0.6986370086669922 14
1717340450036 0.698489248752594 15
1717340491373 0.6948990821838379 16
1717340533253 0.6931670904159546 17
1717340576286 0.6903504729270935 18
1717340619873 0.7019165754318237 19
1717340660571 0.6989269256591797 20
1717340738365 0.6958651542663574 21
1717340783120 0.6936256289482117 22
1717340828697 0.6915520429611206 23
1717340874198 0.6935827136039734 24
1717340921228 0.6945850849151611 25
1717340966448 0.6929635405540466 26
1717341013475 0.6917603015899658 27
1717341060579 0.6928598880767822 28
1717341106387 0.6941825747489929 29
1717341151760 0.692560076713562 30
1717341238506 0.6908420324325562 31
1717341284653 0.6957688331604004 32
1717341329932 0.693050742149353 33
1717341374008 0.6955937743186951 34
1717341417398 0.6932042241096497 35
1717341464144 0.6944179534912109 36
1717341512849 0.6917469501495361 37
1717341559010 0.6930307745933533 38
1717341600846 0.693576455116272 39
1717341643091 0.6950819492340088 40
1717341720118 0.6914141774177551 41
1717341762163 0.6928184032440186 42
1717341804511 0.6944798231124878 43
1717341848300 0.6924740076065063 44
1717341890997 0.6911565065383911 45
1717341937607 0.692609429359436 46
1717341981605 0.6960543990135193 47
1717342026692 0.6939230561256409 48
1717342068454 0.6903727054595947 49
1717342112723 0.6926813721656799 50
