1717355476396 0.7230581641197205 1
1717355476468 0.7132710814476013 2
1717355476580 0.701978862285614 3
1717355476682 0.6890643835067749 4
1717355476760 0.7083140015602112 5
1717355476807 0.7013753652572632 6
1717355476916 0.697369396686554 7
1717355476978 0.6939314007759094 8
1717355477041 0.6990856528282166 9
1717355477135 0.7066391706466675 10
1717355480627 0.6990010738372803 11
1717355480731 0.6950491070747375 12
1717355480798 0.6991414427757263 13
1717355480907 0.6969031095504761 14
1717355480985 0.6930118799209595 15
1717355481092 0.7003106474876404 16
1717355481195 0.6958389282226562 17
1717355481281 0.6924046874046326 18
1717355481362 0.692138135433197 19
1717355481465 0.6941927075386047 20
1717355485177 0.6966879963874817 21
1717355485293 0.6962679624557495 22
1717355485363 0.694537878036499 23
1717355485425 0.6942964196205139 24
1717355485521 0.697018027305603 25
1717355485584 0.6948186159133911 26
1717355485662 0.6933279633522034 27
1717355485724 0.6981642246246338 28
1717355485834 0.6915485262870789 29
1717355485943 0.695367693901062 30
1717355486432 0.6938737034797668 31
1717355486495 0.6950207352638245 32
1717355486590 0.6938288807868958 33
1717355486702 0.692308783531189 34
1717355486774 0.696652889251709 35
1717355486884 0.6934693455696106 36
1717355486946 0.694031834602356 37
1717355487025 0.6936157941818237 38
1717355487072 0.6944958567619324 39
1717355487166 0.6949065327644348 40
1717355487629 0.6937044858932495 41
1717355487707 0.6933277249336243 42
1717355487773 0.6927140951156616 43
1717355487858 0.6948920488357544 44
1717355487920 0.6941736340522766 45
1717355488029 0.6931923627853394 46
1717355488123 0.691856324672699 47
1717355488216 0.6946633458137512 48
1717355488275 0.6961153149604797 49
1717355488384 0.6997477412223816 50
1717355488899 0.692396342754364 51
1717355489008 0.6939911842346191 52
1717355489072 0.6924142837524414 53
1717355489166 0.6912976503372192 54
1717355489259 0.6905124187469482 55
1717355489368 0.6954048275947571 56
1717355489462 0.694234311580658 57
1717355489571 0.7004950642585754 58
1717355489680 0.6968891024589539 59
1717355489774 0.6935367584228516 60
1717355490228 0.6965094208717346 61
1717355490336 0.692611575126648 62
1717355490422 0.6972150802612305 63
1717355490485 0.6964707374572754 64
1717355490563 0.6929277181625366 65
1717355490664 0.6927035450935364 66
1717355490755 0.6938531994819641 67
1717355490854 0.7003829479217529 68
1717355490948 0.6910220384597778 69
1717355491010 0.695241391658783 70
1717355491498 0.6949313879013062 71
1717355491613 0.6942075490951538 72
1717355491720 0.6966902613639832 73
1717355491785 0.6973499059677124 74
1717355491871 0.6886855959892273 75
1717355491980 0.6948314309120178 76
1717355492074 0.6986871361732483 77
1717355492183 0.6939219236373901 78
1717355492277 0.6957709193229675 79
1717355492362 0.6917747259140015 80
1717355492808 0.6957030892372131 81
1717355492907 0.6935728788375854 82
1717355492969 0.6913182139396667 83
1717355493068 0.6924353241920471 84
1717355493169 0.6920614838600159 85
1717355493270 0.6926443576812744 86
1717355493364 0.6940394639968872 87
1717355493458 0.6951109766960144 88
1717355493553 0.6957085132598877 89
1717355493637 0.6981080174446106 90
1717355494121 0.6936823725700378 91
1717355494184 0.6939871907234192 92
1717355494271 0.6935383677482605 93
1717355494331 0.6926277279853821 94
1717355494399 0.6970716714859009 95
1717355494453 0.6933411955833435 96
1717355494515 0.6935921311378479 97
1717355494585 0.6950185298919678 98
1717355494684 0.6956400871276855 99
1717355494736 0.6940882205963135 100
