1717428969259 0.7017878293991089 1
1717428969452 0.6979477405548096 2
1717428969661 0.6922922134399414 3
1717428969895 0.7031826376914978 4
1717428970083 0.7034997940063477 5
1717428970294 0.7101569175720215 6
1717428970497 0.6894890069961548 7
1717428970685 0.6922851800918579 8
1717428970884 0.6929648518562317 9
1717428971071 0.6940052509307861 10
1717428974989 0.6949261426925659 11
1717428975182 0.6926324367523193 12
1717428975385 0.6923680305480957 13
1717428975583 0.6907744407653809 14
1717428975787 0.7021917104721069 15
1717428975990 0.7040618658065796 16
1717428976195 0.6886135339736938 17
1717428976399 0.693912923336029 18
1717428976602 0.6923061013221741 19
1717428976805 0.693268895149231 20
1717428977604 0.6949353218078613 21
1717428977826 0.6961954832077026 22
1717428978030 0.6925885081291199 23
1717428978231 0.6928135752677917 24
1717428978414 0.6930765509605408 25
1717428978620 0.6920340061187744 26
1717428978826 0.6932469606399536 27
1717428979030 0.6926623582839966 28
1717428979234 0.694275438785553 29
1717428979428 0.6938502788543701 30
1717428983416 0.6931756138801575 31
1717428983624 0.6926935911178589 32
1717428983827 0.6946895122528076 33
1717428984029 0.6929742097854614 34
1717428984248 0.6931591033935547 35
1717428984456 0.6950457692146301 36
1717428984663 0.6933829188346863 37
1717428984877 0.6936652660369873 38
1717428985078 0.6942367553710938 39
1717428985282 0.69264155626297 40
1717428989136 0.6932310461997986 41
1717428989342 0.6926501989364624 42
1717428989555 0.6945001482963562 43
1717428989774 0.6923972368240356 44
1717428989982 0.6918098330497742 45
1717428990185 0.6906747817993164 46
1717428990390 0.6979314684867859 47
1717428990594 0.6976900100708008 48
1717428990801 0.6932101845741272 49
1717428991001 0.6931918263435364 50
1717428991809 0.6925417184829712 51
1717428992003 0.6923584342002869 52
1717428992222 0.6934407353401184 53
1717428992418 0.6938315033912659 54
1717428992630 0.6936193108558655 55
1717428992833 0.696535050868988 56
1717428993041 0.69185471534729 57
1717428993246 0.6933902502059937 58
1717428993433 0.692264199256897 59
1717428993648 0.6926525831222534 60
1717428994433 0.6929914355278015 61
1717428994636 0.6928750872612 62
1717428994855 0.6946230530738831 63
1717428995058 0.6932602524757385 64
1717428995266 0.6942418217658997 65
1717428995473 0.6934093832969666 66
1717428995670 0.6943410038948059 67
1717428995873 0.6943225264549255 68
1717428996077 0.6929972171783447 69
1717428996281 0.6934250593185425 70
1717428997063 0.6930412650108337 71
1717428997269 0.6939778327941895 72
1717428997492 0.6927911043167114 73
1717428997680 0.6911458969116211 74
1717428997886 0.6932779550552368 75
1717428998089 0.6934082508087158 76
1717428998351 0.6922465562820435 77
1717428998554 0.6926678419113159 78
1717428998757 0.6891170144081116 79
1717428998977 0.6971836090087891 80
1717428999759 0.6977306604385376 81
1717429000010 0.7001430988311768 82
1717429000198 0.6970372796058655 83
1717429000395 0.6932290196418762 84
1717429000606 0.6936822533607483 85
1717429000809 0.6927873492240906 86
1717429001013 0.6952170133590698 87
1717429001201 0.6958854794502258 88
1717429001411 0.6975729465484619 89
1717429001593 0.6976395845413208 90
1717429002379 0.6928508877754211 91
1717429002596 0.6932901740074158 92
1717429002792 0.693754255771637 93
1717429002980 0.6932408809661865 94
1717429003195 0.6926488280296326 95
1717429003441 0.6938977837562561 96
1717429003630 0.6927636861801147 97
1717429003832 0.6929497718811035 98
1717429004039 0.6928237080574036 99
1717429004241 0.6943173408508301 100
1717429005080 0.6932531595230103 101
1717429005259 0.6931989789009094 102
1717429005471 0.6927859783172607 103
1717429005665 0.6923084855079651 104
1717429005885 0.6970357298851013 105
1717429006089 0.6928074955940247 106
1717429006279 0.6933096647262573 107
1717429006485 0.6962747573852539 108
1717429006689 0.6945294141769409 109
1717429006873 0.6934636235237122 110
1717429007665 0.692281186580658 111
1717429007860 0.692855954170227 112
1717429008079 0.692719042301178 113
1717429008298 0.6935786604881287 114
1717429008502 0.6931142210960388 115
1717429008708 0.6928473114967346 116
1717429008910 0.6913875341415405 117
1717429009113 0.6937559843063354 118
1717429009311 0.6915093064308167 119
1717429009521 0.6942539215087891 120
1717429010310 0.6925334334373474 121
1717429010508 0.6970210671424866 122
1717429010726 0.6933825016021729 123
1717429010914 0.6944039463996887 124
1717429011122 0.6924015283584595 125
1717429011326 0.6928654909133911 126
1717429011527 0.6923418641090393 127
1717429011726 0.690031886100769 128
1717429011961 0.6923657655715942 129
1717429012153 0.6941592693328857 130
1717429012992 0.6948582530021667 131
1717429013202 0.6935055255889893 132
1717429013403 0.7044535279273987 133
1717429013598 0.6926385164260864 134
1717429013788 0.7008604407310486 135
1717429014022 0.6902086138725281 136
1717429014238 0.6929530501365662 137
1717429014432 0.6900562644004822 138
1717429014640 0.6934033632278442 139
1717429014848 0.6978124380111694 140
1717429015619 0.6905266642570496 141
1717429015823 0.694351077079773 142
1717429016029 0.6922051906585693 143
1717429016232 0.6952124834060669 144
1717429016431 0.6926724314689636 145
1717429016635 0.6925192475318909 146
1717429016839 0.6928036212921143 147
1717429017022 0.6928635239601135 148
1717429017213 0.6932880878448486 149
1717429017418 0.6928371787071228 150
1717429018222 0.693934977054596 151
1717429018421 0.6948987245559692 152
1717429018625 0.6933203339576721 153
1717429018828 0.6923233270645142 154
1717429019032 0.6926777362823486 155
1717429019235 0.6922625303268433 156
1717429019420 0.6937912702560425 157
1717429019626 0.6928358674049377 158
1717429019830 0.6937357187271118 159
1717429020034 0.6909797191619873 160
1717429020802 0.6934860348701477 161
1717429020985 0.6942459940910339 162
1717429021168 0.6945291757583618 163
1717429021384 0.690092146396637 164
1717429021569 0.6950812339782715 165
1717429021768 0.6933144330978394 166
1717429021953 0.6937633752822876 167
1717429022186 0.6926301121711731 168
1717429022378 0.6923803091049194 169
1717429022584 0.6920596361160278 170
1717429023363 0.6935194730758667 171
1717429023559 0.6944055557250977 172
1717429023751 0.6947268843650818 173
1717429023933 0.6947414875030518 174
1717429024118 0.691562831401825 175
1717429024284 0.6929677128791809 176
1717429024505 0.6932333111763 177
1717429024697 0.6904130578041077 178
1717429024900 0.6888570189476013 179
1717429025126 0.6915402412414551 180
1717429029179 0.6918911337852478 181
1717429029390 0.6930456757545471 182
1717429029593 0.691598117351532 183
1717429029796 0.6983409523963928 184
1717429029984 0.6916316151618958 185
1717429030187 0.6951122879981995 186
1717429030357 0.692163348197937 187
1717429030560 0.6967663168907166 188
1717429030767 0.6943606734275818 189
1717429030939 0.6919151544570923 190
1717429031692 0.6916185021400452 191
1717429031886 0.6952811479568481 192
1717429032056 0.6925021409988403 193
1717429032272 0.6918441653251648 194
1717429032481 0.6920943260192871 195
1717429032674 0.693404495716095 196
1717429032867 0.6955728530883789 197
1717429033054 0.6952600479125977 198
1717429033259 0.6923194527626038 199
1717429033464 0.6915643215179443 200
1717429034260 0.6935940980911255 201
1717429034449 0.6945843696594238 202
1717429034652 0.6916664838790894 203
1717429034841 0.6943743228912354 204
1717429034966 0.6908613443374634 205
1717429035057 0.69609534740448 206
1717429035214 0.6955974102020264 207
1717429035389 0.6963277459144592 208
1717429035592 0.6916024684906006 209
1717429035795 0.6943039894104004 210
1717429039621 0.6953213214874268 211
1717429039796 0.6951523423194885 212
1717429039994 0.6911741495132446 213
1717429040199 0.6955787539482117 214
1717429040397 0.6948984265327454 215
1717429040600 0.6929785013198853 216
1717429040794 0.6940362453460693 217
1717429040982 0.6933958530426025 218
1717429041194 0.6926450729370117 219
1717429041396 0.6920021176338196 220
1717429045332 0.6914554834365845 221
1717429045529 0.6935036778450012 222
1717429045708 0.6906136870384216 223
1717429045899 0.6899691224098206 224
1717429046092 0.6910706162452698 225
1717429046281 0.6943525075912476 226
1717429046464 0.696877121925354 227
1717429046642 0.6976993680000305 228
1717429046841 0.6963783502578735 229
1717429047047 0.6904570460319519 230
1717429047831 0.6899728775024414 231
1717429048024 0.6944088339805603 232
1717429048213 0.6918487548828125 233
1717429048479 0.6948270201683044 234
1717429048676 0.6947930455207825 235
1717429048895 0.6901164054870605 236
1717429049098 0.690030038356781 237
1717429049312 0.6948241591453552 238
1717429049496 0.6922403573989868 239
1717429049695 0.6922615766525269 240
1717429050514 0.6898443698883057 241
1717429050695 0.6923721432685852 242
1717429051095 0.6932335495948792 243
1717429051311 0.6935956478118896 244
1717429051494 0.6917306780815125 245
1717429051677 0.6938584446907043 246
1717429051870 0.6931300163269043 247
1717429052043 0.6943485140800476 248
1717429052226 0.689559280872345 249
1717429052410 0.6956972479820251 250
1717429053170 0.6879104971885681 251
1717429053359 0.6961044669151306 252
1717429053575 0.6911801099777222 253
1717429053759 0.692054033279419 254
1717429053943 0.6904833912849426 255
1717429054130 0.6940639019012451 256
1717429054308 0.6946555376052856 257
1717429054491 0.6929472088813782 258
1717429054700 0.6928717494010925 259
1717429054874 0.6918788552284241 260
1717429055641 0.6912530660629272 261
1717429055855 0.698038637638092 262
1717429056040 0.694274365901947 263
1717429056240 0.6951638460159302 264
1717429056469 0.6958203315734863 265
1717429056639 0.6874843239784241 266
1717429056823 0.6913116574287415 267
1717429056990 0.6914128661155701 268
1717429057190 0.6914265751838684 269
1717429057399 0.6925542950630188 270
1717429058123 0.6948722004890442 271
1717429058351 0.6932550072669983 272
1717429058556 0.6932137608528137 273
1717429058736 0.6917078495025635 274
1717429058921 0.6948291659355164 275
1717429059104 0.6915584206581116 276
1717429059287 0.6945877075195312 277
1717429059486 0.6885382533073425 278
1717429059669 0.6934710741043091 279
1717429059903 0.6958644986152649 280
1717429060653 0.6918454170227051 281
1717429060851 0.6934801340103149 282
1717429061069 0.6944447159767151 283
1717429061237 0.6908255219459534 284
1717429061419 0.6906678676605225 285
1717429061614 0.6941468715667725 286
1717429061799 0.6915906667709351 287
1717429062004 0.693736732006073 288
1717429062186 0.6940602660179138 289
1717429062385 0.6910591721534729 290
1717429066233 0.6926501393318176 291
1717429066417 0.6912519335746765 292
1717429066618 0.6938195824623108 293
1717429066798 0.6913633346557617 294
1717429066983 0.6936362385749817 295
1717429067184 0.6917714476585388 296
1717429067393 0.6937114596366882 297
1717429067582 0.6937488317489624 298
1717429067748 0.6938952803611755 299
1717429067961 0.6920744776725769 300
1717429068699 0.6942650675773621 301
1717429068883 0.6920961141586304 302
1717429069081 0.6941598057746887 303
1717429069238 0.6902247071266174 304
1717429069421 0.6915818452835083 305
1717429069622 0.6928111910820007 306
1717429069795 0.6890016794204712 307
1717429069995 0.6952693462371826 308
1717429070201 0.6951339244842529 309
1717429070408 0.692335844039917 310
1717429074158 0.6922169327735901 311
1717429074370 0.6905349493026733 312
1717429074569 0.6918123364448547 313
1717429074772 0.6946167945861816 314
1717429074975 0.6938456296920776 315
1717429075200 0.6932710409164429 316
1717429075391 0.6956737041473389 317
1717429075574 0.6927326917648315 318
1717429075771 0.6918211579322815 319
1717429075966 0.6919341683387756 320
1717429076707 0.6934232711791992 321
1717429076940 0.6892502307891846 322
1717429077140 0.6919879913330078 323
1717429077384 0.6920624375343323 324
1717429077557 0.6959983110427856 325
1717429077740 0.6919983625411987 326
1717429077967 0.6903221607208252 327
1717429078168 0.691638171672821 328
1717429078357 0.692987322807312 329
1717429078539 0.6883367300033569 330
1717429079265 0.693476140499115 331
1717429079472 0.6934232711791992 332
1717429079664 0.6985138654708862 333
1717429079882 0.6932434439659119 334
1717429080069 0.6910092234611511 335
1717429080264 0.6914592385292053 336
1717429080482 0.6921109557151794 337
1717429080680 0.6920409798622131 338
1717429080898 0.6930357813835144 339
1717429081087 0.6930549144744873 340
1717429081848 0.6930527091026306 341
1717429082063 0.6926279067993164 342
1717429082262 0.692259669303894 343
1717429082458 0.6909278035163879 344
1717429082649 0.6936360597610474 345
1717429082852 0.6907556056976318 346
1717429083050 0.6922788619995117 347
1717429083234 0.6942218542098999 348
1717429083413 0.6937546730041504 349
1717429083593 0.6922107934951782 350
1717429084333 0.6938246488571167 351
1717429084520 0.690413236618042 352
1717429084714 0.6949610710144043 353
1717429084912 0.6919079422950745 354
1717429085314 0.6934092044830322 355
1717429085501 0.6907166838645935 356
1717429085684 0.6920067667961121 357
1717429085868 0.6915536522865295 358
1717429086049 0.6960524916648865 359
1717429086233 0.6909626126289368 360
1717429086966 0.6916203498840332 361
1717429087162 0.6928395628929138 362
1717429087332 0.6929314732551575 363
1717429087500 0.6903875470161438 364
1717429087697 0.6881657838821411 365
1717429087882 0.6936095952987671 366
1717429088065 0.6936790943145752 367
1717429088249 0.6949343681335449 368
1717429088431 0.6946240067481995 369
1717429088632 0.6898291110992432 370
1717429089365 0.6920120120048523 371
1717429089547 0.6878001093864441 372
1717429089731 0.6950541734695435 373
1717429089910 0.6913728713989258 374
1717429090079 0.6913865804672241 375
1717429090146 0.6966286897659302 376
1717429090229 0.6939677596092224 377
1717429090279 0.6946613788604736 378
1717429090345 0.6918947696685791 379
1717429090429 0.6937662959098816 380
1717429091161 0.6954923272132874 381
1717429091211 0.6895726323127747 382
1717429091295 0.6936972737312317 383
1717429091361 0.693342924118042 384
1717429091520 0.6927321553230286 385
1717429091717 0.6937714219093323 386
1717429091910 0.6934054493904114 387
1717429092125 0.6945248246192932 388
1717429092293 0.689365804195404 389
1717429092476 0.6926688551902771 390
1717429093226 0.6961238980293274 391
1717429093428 0.6946397423744202 392
1717429093642 0.6915484070777893 393
1717429093825 0.691148579120636 394
1717429094032 0.6918961405754089 395
1717429094275 0.6914768815040588 396
1717429094455 0.6938859820365906 397
1717429094658 0.6929470300674438 398
1717429094852 0.6900374293327332 399
1717429095040 0.6917064189910889 400
1717429095798 0.6900777816772461 401
1717429095976 0.695068359375 402
1717429096132 0.6902969479560852 403
1717429096306 0.6929035186767578 404
1717429096478 0.6910086870193481 405
1717429096651 0.6914316415786743 406
1717429096834 0.6881143450737 407
1717429096996 0.6960293054580688 408
1717429097173 0.6932204961776733 409
1717429097355 0.6923536658287048 410
1717429101186 0.693543016910553 411
1717429101402 0.6909570693969727 412
1717429101569 0.6957137584686279 413
1717429101775 0.6947474479675293 414
1717429101956 0.6975576877593994 415
1717429102141 0.6972340941429138 416
1717429102334 0.692613959312439 417
1717429102537 0.6902326345443726 418
1717429102741 0.6920294165611267 419
1717429102932 0.6913588643074036 420
1717429103684 0.6935728788375854 421
1717429103877 0.6939957141876221 422
1717429104053 0.6934676170349121 423
1717429104220 0.6913976669311523 424
1717429104436 0.6937757134437561 425
1717429104636 0.6927907466888428 426
1717429104827 0.6928332448005676 427
1717429105030 0.6928902268409729 428
1717429105237 0.6938214302062988 429
1717429105428 0.6939349174499512 430
1717429106182 0.692322313785553 431
1717429106382 0.6936430335044861 432
1717429106565 0.6938905715942383 433
1717429106765 0.6924446225166321 434
1717429106948 0.693889319896698 435
1717429107165 0.6926681399345398 436
1717429107345 0.6939411163330078 437
1717429107533 0.693449854850769 438
1717429107697 0.6932781934738159 439
1717429107915 0.693378210067749 440
1717429108666 0.6926559805870056 441
1717429108862 0.6915131211280823 442
1717429109038 0.692818820476532 443
1717429109230 0.6906261444091797 444
1717429109422 0.6920648813247681 445
1717429109631 0.6927717328071594 446
1717429109834 0.6949924826622009 447
1717429110024 0.6951279044151306 448
1717429110216 0.6918379068374634 449
1717429110425 0.6942015886306763 450
1717429111211 0.691954493522644 451
1717429111403 0.6939359307289124 452
1717429111591 0.6925665736198425 453
1717429111787 0.6919509172439575 454
1717429111992 0.6919542551040649 455
1717429112187 0.6952033638954163 456
1717429112379 0.6903891563415527 457
1717429112645 0.6925992965698242 458
1717429112850 0.690849781036377 459
1717429113045 0.6918218731880188 460
1717429113805 0.6950652599334717 461
1717429113993 0.6922072768211365 462
1717429114159 0.6911738514900208 463
1717429114342 0.6989511847496033 464
1717429114538 0.6915628910064697 465
1717429114692 0.6953924894332886 466
1717429114911 0.6942371129989624 467
1717429115114 0.6955726146697998 468
1717429115303 0.6922329068183899 469
1717429115506 0.6931518912315369 470
1717429116279 0.6922751665115356 471
1717429116478 0.6912052631378174 472
1717429116682 0.6906408667564392 473
1717429116886 0.6882032752037048 474
1717429117083 0.6926952004432678 475
1717429117257 0.697960376739502 476
1717429117440 0.702302098274231 477
1717429117624 0.6924791932106018 478
1717429117873 0.6973087787628174 479
1717429118074 0.6954670548439026 480
1717429118795 0.6931353211402893 481
1717429118978 0.692523717880249 482
1717429119144 0.6936917901039124 483
1717429119322 0.6965137124061584 484
1717429119520 0.6959790587425232 485
1717429119713 0.6953765749931335 486
1717429119887 0.6937684416770935 487
1717429120077 0.6916928887367249 488
1717429120251 0.694454550743103 489
1717429120366 0.6939494013786316 490
1717429121088 0.6928471922874451 491
1717429121305 0.693263590335846 492
1717429121495 0.6941772699356079 493
1717429121703 0.6953732967376709 494
1717429121899 0.694128155708313 495
1717429122084 0.6928939819335938 496
1717429122251 0.6915958523750305 497
1717429122455 0.693418025970459 498
1717429122658 0.6933590769767761 499
1717429122846 0.6924126148223877 500
