1717596177985 0.6977559924125671 1
1717596198411 0.6964277029037476 2
1717596216511 0.693145215511322 3
1717596234739 0.6917263865470886 4
1717596252678 0.6916307210922241 5
1717596268088 0.6916277408599854 6
1717596283826 0.6879825592041016 7
1717596300625 0.6860979199409485 8
1717596317662 0.684069037437439 9
1717596334454 0.6854194402694702 10
1717596365716 0.6760623455047607 11
1717596382564 0.6743355393409729 12
1717596399628 0.6642363667488098 13
1717596415812 0.6550309658050537 14
1717596432915 0.646847665309906 15
1717596448137 0.6323877573013306 16
1717596463145 0.6271129250526428 17
1717596476640 0.6213319897651672 18
1717596490730 0.6133207082748413 19
1717596505297 0.6164835691452026 20
1717596530808 0.6083059906959534 21
1717596540129 0.6107578277587891 22
1717596550049 0.6128406524658203 23
1717596559568 0.5795526504516602 24
1717596564673 0.5784197449684143 25
1717596571480 0.5223420858383179 26
1717596577850 0.513679563999176 27
1717596584720 0.5214130282402039 28
1717596590965 0.522471010684967 29
1717596596322 0.5148725509643555 30
1717596602176 0.5136288404464722 31
1717596607431 0.4800049364566803 32
1717596612917 0.5463100075721741 33
1717596618241 0.5728201866149902 34
1717596622784 0.5996753573417664 35
1717596641867 0.5309637188911438 36
1717596645642 0.5192046165466309 37
1717596649483 0.4710196554660797 38
1717596653355 0.478820264339447 39
1717596656309 0.5002244114875793 40
1717596658881 0.4941796064376831 41
1717596660895 0.49240851402282715 42
1717596662753 0.4836311936378479 43
1717596664657 0.46734848618507385 44
1717596666528 0.49155983328819275 45
1717596683490 0.4990834593772888 46
1717596685144 0.47449779510498047 47
1717596687173 0.5082006454467773 48
1717596689437 0.5265979170799255 49
1717596690827 0.5252493023872375 50
1717596692526 0.47545793652534485 51
1717596694293 0.43253061175346375 52
1717596695994 0.46389999985694885 53
1717596697915 0.4090712368488312 54
1717596699898 0.4443715810775757 55
1717596704254 0.4199519753456116 56
1717596709202 0.40014782547950745 57
1717596713511 0.41757825016975403 58
1717596717154 0.42841821908950806 59
1717596720037 0.417710542678833 60
1717596738009 0.4025569260120392 61
1717596741116 0.383952796459198 62
1717596744332 0.3821669816970825 63
1717596747970 0.3923649787902832 64
1717596751263 0.4333707094192505 65
1717596754637 0.41594845056533813 66
1717596757568 0.41282451152801514 67
1717596760180 0.39486512541770935 68
1717596762412 0.3941862881183624 69
1717596764489 0.39412498474121094 70
1717596781613 0.36904478073120117 71
1717596783443 0.3928258717060089 72
1717596785066 0.4437764883041382 73
1717596786799 0.5002748966217041 74
1717596788017 0.46015530824661255 75
1717596789671 0.4171554148197174 76
1717596791327 0.39331573247909546 77
1717596792919 0.4376111924648285 78
1717596794528 0.4354167878627777 79
1717596796200 0.44895267486572266 80
1717596797826 0.4157182574272156 81
1717596799398 0.412982314825058 82
1717596800991 0.38557174801826477 83
1717596802629 0.4136989712715149 84
1717596804300 0.41144275665283203 85
1717596816568 0.4246003031730652 86
1717596818192 0.40852126479148865 87
1717596819847 0.4044594168663025 88
1717596821446 0.39024895429611206 89
1717596823052 0.361741304397583 90
1717596824660 0.378081738948822 91
1717596826456 0.41527390480041504 92
1717596828189 0.4065345227718353 93
1717596829891 0.328840047121048 94
1717596831670 0.36278626322746277 95
1717596844834 0.3740025460720062 96
1717596846452 0.3900793194770813 97
1717596848033 0.34834229946136475 98
1717596849642 0.3768857419490814 99
1717596850827 0.35911834239959717 100
1717596852373 0.30573034286499023 101
1717596853981 0.3065432012081146 102
1717596855730 0.3090589940547943 103
1717596857479 0.3368760347366333 104
1717596859274 0.29977673292160034 105
1717596860866 0.3004193603992462 106
1717596862622 0.33759692311286926 107
1717596864419 0.3203851580619812 108
1717596866042 0.2847919464111328 109
1717596867643 0.2656978368759155 110
1717596884739 0.3032037913799286 111
1717596886333 0.3171248435974121 112
1717596890313 0.32661402225494385 113
1717596892390 0.2725176215171814 114
1717596893966 0.32145535945892334 115
1717596895532 0.3368605375289917 116
1717596899015 0.28071027994155884 117
1717596902507 0.30990180373191833 118
1717596905233 0.3007567524909973 119
1717596908018 0.2655365765094757 120
1717596921024 0.2828896641731262 121
1717596923394 0.3135649859905243 122
1717596925365 0.2717241942882538 123
1717596927177 0.2854742407798767 124
1717596928409 0.28714415431022644 125
1717596930064 0.22510497272014618 126
1717596931796 0.2640030086040497 127
1717596933490 0.2563253343105316 128
1717596935185 0.26153436303138733 129
1717596936887 0.28189817070961 130
1717596938573 0.22908225655555725 131
1717596940275 0.27008330821990967 132
1717596941960 0.288141131401062 133
1717596943647 0.23495735228061676 134
1717596945350 0.2941874563694 135
1717596962242 0.2766023874282837 136
1717596963896 0.21643154323101044 137
1717596965590 0.26028063893318176 138
1717596967396 0.26175594329833984 139
1717596969456 0.24622955918312073 140
1717596971974 0.24427606165409088 141
1717596974935 0.30801722407341003 142
1717596977895 0.3031424582004547 143
1717596980837 0.24836669862270355 144
1717596983758 0.2931133508682251 145
1717596997309 0.3102511167526245 146
1717596998916 0.24286767840385437 147
1717597000682 0.2490258663892746 148
1717597002303 0.26129260659217834 149
1717597003571 0.2844136357307434 150
1717597005178 0.21703730523586273 151
1717597007051 0.1947457492351532 152
1717597009736 0.2139020562171936 153
1717597012781 0.2348233461380005 154
1717597015841 0.1934971809387207 155
1717597019260 0.1769137680530548 156
1717597022409 0.15888619422912598 157
1717597025039 0.2048453688621521 158
1717597027193 0.19319787621498108 159
1717597028878 0.23915418982505798 160
1717597045976 0.23359549045562744 161
1717597047519 0.21983249485492706 162
1717597049041 0.21840889751911163 163
1717597050603 0.1918993592262268 164
1717597052204 0.2128407508134842 165
1717597053812 0.2167392373085022 166
1717597055406 0.22096914052963257 167
1717597056997 0.2056201696395874 168
1717597058585 0.19726242125034332 169
1717597060244 0.21614956855773926 170
1717597072750 0.20086729526519775 171
1717597074467 0.19125427305698395 172
1717597076155 0.18946464359760284 173
1717597077856 0.223974347114563 174
1717597079073 0.1576583832502365 175
1717597080681 0.1608336865901947 176
1717597082307 0.15696915984153748 177
1717597083883 0.1468539834022522 178
1717597085475 0.13631881773471832 179
1717597087098 0.1708393692970276 180
1717597088690 0.16584259271621704 181
1717597090314 0.14691229164600372 182
1717597091954 0.1151505783200264 183
1717597093594 0.14799630641937256 184
1717597095171 0.153660848736763 185
1717597112299 0.15252313017845154 186
1717597113891 0.14880043268203735 187
1717597115475 0.16285687685012817 188
1717597117083 0.14953359961509705 189
1717597118714 0.12101135402917862 190
1717597120311 0.16370263695716858 191
1717597121886 0.15134671330451965 192
1717597123521 0.15794800221920013 193
1717597125133 0.14643524587154388 194
1717597126757 0.1412418633699417 195
1717597143633 0.15603835880756378 196
1717597145252 0.14579644799232483 197
1717597146834 0.149065300822258 198
1717597148444 0.15813784301280975 199
1717597149632 0.16967086493968964 200
1717597151157 0.11964773386716843 201
1717597152751 0.10790718346834183 202
1717597154360 0.12746813893318176 203
1717597155983 0.1042066141963005 204
1717597157612 0.09754513204097748 205
1717597159216 0.09492690861225128 206
1717597160854 0.09934572875499725 207
1717597162478 0.10309718549251556 208
1717597164071 0.11328534036874771 209
1717597165678 0.1090850979089737 210
1717597178154 0.11478478461503983 211
1717597179792 0.09414108842611313 212
1717597181427 0.11457071453332901 213
1717597183010 0.11927876621484756 214
1717597184604 0.0994383916258812 215
1717597186195 0.12232362478971481 216
1717597187803 0.09939374029636383 217
1717597191303 0.11576710641384125 218
1717597193095 0.11122749745845795 219
1717597194828 0.1315845400094986 220
1717597207304 0.08529619127511978 221
1717597208912 0.10637253522872925 222
1717597210644 0.17305374145507812 223
1717597212439 0.13689228892326355 224
1717597213721 0.11057983338832855 225
1717597215453 0.08724041283130646 226
1717597217061 0.08287110924720764 227
1717597218872 0.07670362293720245 228
1717597220496 0.0811525285243988 229
1717597222089 0.07911846786737442 230
1717597223712 0.0673518180847168 231
1717597225306 0.0727924108505249 232
1717597226945 0.0746077299118042 233
1717597228526 0.08113961666822433 234
1717597230150 0.08011742681264877 235
1717597242615 0.0900595486164093 236
1717597244379 0.07714621722698212 237
1717597246129 0.10829943418502808 238
1717597247884 0.09736412018537521 239
1717597249459 0.06805514544248581 240
1717597251051 0.0706460177898407 241
1717597252674 0.0671347826719284 242
1717597254318 0.08115583658218384 243
1717597255947 0.07284361869096756 244
1717597257562 0.07712193578481674 245
1717597269958 0.10947544872760773 246
1717597271582 0.08211322128772736 247
1717597273174 0.1023159772157669 248
1717597274768 0.10453563183546066 249
1717597275922 0.1490175873041153 250
1717597277500 0.05775349214673042 251
1717597279155 0.10004094243049622 252
1717597280763 0.07639547437429428 253
1717597282512 0.07221643626689911 254
1717597284167 0.059784162789583206 255
1717597285790 0.0784793496131897 256
1717597287414 0.04859426990151405 257
1717597289022 0.07813037931919098 258
1717597290645 0.12789402902126312 259
1717597292257 0.05882572382688522 260
1717597304633 0.14265595376491547 261
1717597306243 0.07730304449796677 262
1717597307976 0.21139584481716156 263
1717597309740 0.07151845842599869 264
1717597311396 0.14867033064365387 265
1717597313035 0.19556637108325958 266
1717597314767 0.1031380295753479 267
1717597316502 0.17740410566329956 268
1717597318265 0.22163090109825134 269
1717597319982 0.14079464972019196 270
1717597333020 0.1535857617855072 271
1717597334798 0.14546345174312592 272
1717597336639 0.1290876865386963 273
1717597338406 0.09704757481813431 274
1717597339701 0.11255493760108948 275
1717597341327 0.10002175718545914 276
1717597342964 0.09188070893287659 277
1717597344760 0.05229945853352547 278
1717597346401 0.07830959558486938 279
1717597348117 0.08564207702875137 280
1717597349850 0.05705469101667404 281
1717597351462 0.09457148611545563 282
1717597353197 0.11377616226673126 283
1717597354959 0.0977945551276207 284
1717597356756 0.06550340354442596 285
1717597369128 0.09192550927400589 286
1717597370757 0.10662046074867249 287
1717597372381 0.08759523928165436 288
1717597374003 0.10577061027288437 289
1717597375597 0.10885398834943771 290
1717597377220 0.11892756819725037 291
1717597378827 0.05701960623264313 292
1717597380468 0.10162397474050522 293
1717597382059 0.09629061818122864 294
1717597383682 0.06204339861869812 295
1717597396518 0.06547881662845612 296
1717597398113 0.1382441520690918 297
1717597399704 0.07686875760555267 298
1717597401341 0.08487948030233383 299
1717597402562 0.08015087246894836 300
1717597404236 0.06832123547792435 301
1717597405873 0.07228213548660278 302
1717597407508 0.07306527346372604 303
1717597409101 0.057321060448884964 304
1717597410708 0.059732262045145035 305
1717597412356 0.04711290821433067 306
1717597413933 0.053139884024858475 307
1717597415581 0.06468592584133148 308
1717597417158 0.05533298850059509 309
1717597418749 0.03894846886396408 310
1717597431068 0.049836304038763046 311
1717597432895 0.05961567908525467 312
1717597434675 0.03906429186463356 313
1717597436536 0.05499209091067314 314
1717597438240 0.062027860432863235 315
1717597439989 0.046470753848552704 316
1717597441747 0.040115468204021454 317
1717597443528 0.057536255568265915 318
1717597445230 0.04175494238734245 319
1717597447009 0.055967286229133606 320
