1717514682262 0.7944671511650085 1
1717514682277 0.7665501236915588 2
1717514682324 0.7690452337265015 3
1717514682381 0.749669075012207 4
1717514682399 0.7473472356796265 5
1717514682452 0.7314591407775879 6
1717514682496 0.7655240297317505 7
1717514682515 0.7345133423805237 8
1717514682531 0.7435246109962463 9
1717514682593 0.7254284620285034 10
1717514687871 0.7477248311042786 11
1717514687890 0.7134379744529724 12
1717514687934 0.7328058481216431 13
1717514687991 0.7291187644004822 14
1717514688040 0.7102347612380981 15
1717514688068 0.7201628088951111 16
1717514688108 0.7115899920463562 17
1717514688159 0.7075811624526978 18
1717514688191 0.7060754895210266 19
1717514688238 0.7072133421897888 20
1717514693310 0.7150598168373108 21
1717514693315 0.7121758460998535 22
1717514693362 0.7073357105255127 23
1717514693409 0.6969366669654846 24
1717514693426 0.7091305255889893 25
1717514693472 0.6930784583091736 26
1717514693525 0.6993406414985657 27
1717514693572 0.7019256949424744 28
1717514693587 0.6940576434135437 29
1717514693619 0.6974267959594727 30
1717514698645 0.7045672535896301 31
1717514698661 0.6953111886978149 32
1717514698701 0.7002397179603577 33
1717514698748 0.6979081630706787 34
1717514698763 0.6961818933486938 35
1717514698811 0.6951158046722412 36
1717514698853 0.6956700086593628 37
1717514698902 0.698435366153717 38
1717514698922 0.6965343356132507 39
1717514698949 0.6934183239936829 40
1717514699470 0.688977837562561 41
1717514699507 0.6914746165275574 42
1717514699526 0.6983103156089783 43
1717514699560 0.695223867893219 44
1717514699599 0.699108362197876 45
1717514699632 0.695289671421051 46
1717514699653 0.6921089291572571 47
1717514699700 0.7017931938171387 48
1717514699740 0.696196436882019 49
1717514699762 0.6910334229469299 50
1717514700284 0.6894010305404663 51
1717514700315 0.6955499053001404 52
1717514700356 0.6914713382720947 53
1717514700370 0.6920319199562073 54
1717514700405 0.6905804872512817 55
1717514700432 0.6911183595657349 56
1717514700479 0.6943874955177307 57
1717514700489 0.6975069642066956 58
1717514700534 0.7015371322631836 59
1717514700581 0.6973562240600586 60
1717514701100 0.6954778432846069 61
1717514701116 0.6943648457527161 62
1717514701147 0.693886399269104 63
1717514701198 0.6966670155525208 64
1717514701214 0.6981709599494934 65
1717514701230 0.6963905096054077 66
1717514701282 0.6958402991294861 67
1717514701316 0.6933426260948181 68
1717514701347 0.6925827264785767 69
1717514701379 0.6967045664787292 70
1717514701883 0.6938939690589905 71
1717514701930 0.6916993260383606 72
1717514701962 0.6923809051513672 73
1717514702008 0.6957384347915649 74
1717514702040 0.6972354054450989 75
1717514702074 0.6953842639923096 76
1717514702114 0.6943032145500183 77
1717514702147 0.6965885758399963 78
1717514702185 0.6921395063400269 79
1717514702215 0.6964561939239502 80
1717514702732 0.6917287707328796 81
1717514702781 0.6882404088973999 82
1717514702801 0.698639988899231 83
1717514702848 0.6943400502204895 84
1717514702881 0.6974450945854187 85
1717514702918 0.6934516429901123 86
1717514702955 0.6934715509414673 87
1717514702997 0.6914962530136108 88
1717514703013 0.7006092667579651 89
1717514703044 0.6928730607032776 90
1717514703597 0.6987751722335815 91
1717514703638 0.6944583654403687 92
1717514703660 0.6938925385475159 93
1717514703677 0.6928038597106934 94
1717514703723 0.6924462914466858 95
1717514703754 0.6928122639656067 96
1717514703789 0.6895720958709717 97
1717514703824 0.6927314400672913 98
1717514703862 0.6938195824623108 99
1717514703893 0.6947251558303833 100
1717514704400 0.6975658535957336 101
1717514704416 0.6990336179733276 102
1717514704463 0.6931806206703186 103
1717514704494 0.6910446882247925 104
1717514704525 0.6929360628128052 105
1717514704557 0.694042980670929 106
1717514704609 0.6959953904151917 107
1717514704645 0.6945164799690247 108
1717514704677 0.6926980018615723 109
1717514704708 0.6935280561447144 110
1717514705195 0.6946552991867065 111
1717514705243 0.6922010779380798 112
1717514705258 0.6907862424850464 113
1717514705274 0.6928030252456665 114
1717514705321 0.695564329624176 115
1717514705354 0.6923369765281677 116
1717514705369 0.6925215721130371 117
1717514705413 0.6927297711372375 118
1717514705445 0.6916286945343018 119
1717514705477 0.6943158507347107 120
1717514710741 0.692685604095459 121
1717514710783 0.6971261501312256 122
1717514710824 0.6939258575439453 123
1717514710840 0.6972630620002747 124
1717514710871 0.6907525062561035 125
1717514710918 0.6938764452934265 126
1717514710968 0.6938440799713135 127
1717514710992 0.693496823310852 128
1717514711015 0.6954057216644287 129
1717514711056 0.692045271396637 130
1717514711644 0.6912280321121216 131
1717514711673 0.6914912462234497 132
1717514711708 0.689749002456665 133
1717514711755 0.6916298270225525 134
1717514711770 0.6970757842063904 135
1717514711801 0.6962047219276428 136
1717514711857 0.6930166482925415 137
1717514711890 0.6927052140235901 138
1717514711921 0.6948751211166382 139
1717514711953 0.6936092376708984 140
1717514712511 0.6903711557388306 141
1717514712544 0.6961442232131958 142
1717514712558 0.6914429664611816 143
1717514712607 0.6916848421096802 144
1717514712641 0.6911599040031433 145
1717514712693 0.6918404698371887 146
1717514712724 0.6948711276054382 147
1717514712774 0.6917622685432434 148
1717514712826 0.6953115463256836 149
1717514712853 0.6940096020698547 150
1717514713600 0.6927527785301208 151
1717514713646 0.6899803280830383 152
1717514713656 0.6896461844444275 153
1717514713687 0.6940810084342957 154
1717514713719 0.6938784718513489 155
1717514713750 0.6902873516082764 156
1717514713790 0.693748414516449 157
1717514713822 0.6922451853752136 158
1717514713854 0.6963873505592346 159
1717514713901 0.6888946294784546 160
1717514714475 0.6916595697402954 161
1717514714522 0.6947888731956482 162
1717514714566 0.692457914352417 163
1717514714605 0.6949190497398376 164
1717514714636 0.6969078779220581 165
1717514714672 0.6927593350410461 166
1717514714722 0.6938329339027405 167
1717514714755 0.6932925581932068 168
1717514714788 0.6947566270828247 169
1717514714838 0.6950302720069885 170
1717514715333 0.6938489675521851 171
1717514715367 0.6929284334182739 172
1717514715385 0.6973170638084412 173
1717514715421 0.6960121989250183 174
1717514715458 0.693528950214386 175
1717514715508 0.6930399537086487 176
1717514715557 0.6934516429901123 177
1717514715589 0.6911142468452454 178
1717514715623 0.6912603974342346 179
1717514715653 0.6919214129447937 180
1717514716220 0.6911120414733887 181
1717514716256 0.6939879655838013 182
1717514716297 0.6909758448600769 183
1717514716337 0.6951702237129211 184
1717514716374 0.6922869682312012 185
1717514716423 0.6955739855766296 186
1717514716457 0.698169469833374 187
1717514716508 0.693064272403717 188
1717514716541 0.6954553127288818 189
1717514716570 0.6929836869239807 190
1717514717138 0.6915667057037354 191
1717514717191 0.6944836378097534 192
1717514717237 0.6924877166748047 193
1717514717277 0.6956000328063965 194
1717514717302 0.6938331127166748 195
1717514717336 0.691314697265625 196
1717514717377 0.699989914894104 197
1717514717403 0.6934818029403687 198
1717514717436 0.6954036951065063 199
1717514717470 0.6923912763595581 200
1717514718040 0.6921584010124207 201
1717514718073 0.6897073984146118 202
1717514718118 0.6936748027801514 203
1717514718136 0.6906749606132507 204
1717514718170 0.6956138014793396 205
1717514718202 0.6972957253456116 206
1717514718243 0.6997111439704895 207
1717514718268 0.6905171871185303 208
1717514718315 0.6926148533821106 209
1717514718354 0.6943199038505554 210
1717514723464 0.6925190091133118 211
1717514723480 0.6891787648200989 212
1717514723525 0.695870578289032 213
1717514723563 0.6959652304649353 214
1717514723581 0.6918733716011047 215
1717514723597 0.6915819644927979 216
1717514723642 0.6895936131477356 217
1717514723683 0.6905269026756287 218
1717514723730 0.6972429156303406 219
1717514723748 0.6947004199028015 220
1717514724277 0.6933321952819824 221
1717514724314 0.695604681968689 222
1717514724347 0.6917684674263 223
1717514724364 0.6987542510032654 224
1717514724397 0.6940523386001587 225
1717514724430 0.6994696259498596 226
1717514724465 0.6906231641769409 227
1717514724498 0.6965325474739075 228
1717514724530 0.6909080743789673 229
1717514724580 0.6934893131256104 230
1717514725115 0.6909175515174866 231
1717514725146 0.6948027014732361 232
1717514725189 0.6994922161102295 233
1717514725221 0.6991806626319885 234
1717514725246 0.6918788552284241 235
1717514725298 0.6922135353088379 236
1717514725346 0.6935545802116394 237
1717514725363 0.6942407488822937 238
1717514725396 0.6922465562820435 239
1717514725428 0.6938928365707397 240
1717514726013 0.6941529512405396 241
1717514726062 0.6928364634513855 242
1717514726096 0.6915688514709473 243
1717514726129 0.6898682117462158 244
1717514726170 0.6931844353675842 245
1717514726210 0.6927858591079712 246
1717514726246 0.6939587593078613 247
1717514726295 0.697952926158905 248
1717514726326 0.6982554197311401 249
1717514726359 0.6971651315689087 250
1717514726871 0.6970128417015076 251
1717514726908 0.6915878653526306 252
1717514726939 0.6919555068016052 253
1717514726961 0.6949069499969482 254
1717514726978 0.6895819902420044 255
1717514727026 0.6906269788742065 256
1717514727073 0.6918450593948364 257
1717514727094 0.6961678266525269 258
1717514727109 0.6947295665740967 259
1717514727162 0.6898285746574402 260
1717514727677 0.6984715461730957 261
1717514727694 0.6931633353233337 262
1717514727737 0.6918915510177612 263
1717514727780 0.6908110976219177 264
1717514727795 0.6919999122619629 265
1717514727828 0.6984139680862427 266
1717514727874 0.695241391658783 267
1717514727914 0.6899442672729492 268
1717514727927 0.6934638619422913 269
1717514727958 0.6950746178627014 270
1717514728483 0.6907109022140503 271
1717514728518 0.6984193325042725 272
1717514728546 0.6996381878852844 273
1717514728561 0.6933413147926331 274
1717514728608 0.6877495050430298 275
1717514728639 0.6969451904296875 276
1717514728678 0.6943613886833191 277
1717514728706 0.6990689039230347 278
1717514728741 0.694831132888794 279
1717514728788 0.6928867697715759 280
1717514733984 0.6915928721427917 281
1717514734003 0.6925565004348755 282
1717514734047 0.6913533210754395 283
1717514734089 0.6933557987213135 284
1717514734123 0.6926687955856323 285
1717514734156 0.6954963207244873 286
1717514734207 0.6959598660469055 287
1717514734239 0.6928693652153015 288
1717514734272 0.6953264474868774 289
1717514734306 0.6933342218399048 290
1717514735072 0.6946403384208679 291
1717514735103 0.6928980350494385 292
1717514735138 0.699586808681488 293
1717514735174 0.6928989291191101 294
1717514735205 0.6951414346694946 295
1717514735238 0.6970313191413879 296
1717514735260 0.6935115456581116 297
1717514735320 0.6932429075241089 298
1717514735409 0.6953845620155334 299
1717514735437 0.6927551031112671 300
1717514736058 0.6932314038276672 301
1717514736104 0.6912201642990112 302
1717514736138 0.6932665109634399 303
1717514736190 0.6914703249931335 304
1717514736222 0.6961768865585327 305
1717514736272 0.6914419531822205 306
1717514736322 0.6933425664901733 307
1717514736371 0.6938613057136536 308
1717514736408 0.6989182829856873 309
1717514736429 0.6987850666046143 310
1717514736945 0.6926782727241516 311
1717514736973 0.6922866702079773 312
1717514736999 0.6923904418945312 313
1717514737026 0.690216064453125 314
1717514737055 0.6998862624168396 315
1717514737085 0.6972255706787109 316
1717514737113 0.6924920082092285 317
1717514737146 0.6903685927391052 318
1717514737176 0.6960659623146057 319
1717514737207 0.6987847685813904 320
1717514737765 0.6999500393867493 321
1717514737812 0.6969462633132935 322
1717514737832 0.6961002349853516 323
1717514737869 0.6933267712593079 324
1717514737910 0.6940961480140686 325
1717514737944 0.6931511163711548 326
1717514737963 0.6962975263595581 327
1717514738006 0.6968827843666077 328
1717514738044 0.6938683390617371 329
1717514738070 0.6976120471954346 330
1717514738574 0.6917909979820251 331
1717514738617 0.693302571773529 332
1717514738656 0.6974900364875793 333
1717514738675 0.6942112445831299 334
1717514738706 0.693801999092102 335
1717514738745 0.6943981051445007 336
1717514738782 0.6954565048217773 337
1717514738800 0.6931098699569702 338
1717514738835 0.6931645274162292 339
1717514738875 0.6965466737747192 340
1717514739374 0.6932464241981506 341
1717514739393 0.6891810297966003 342
1717514739425 0.689146876335144 343
1717514739466 0.7002978324890137 344
1717514739499 0.6945051550865173 345
1717514739516 0.6921238899230957 346
1717514739555 0.6897838115692139 347
1717514739599 0.695127010345459 348
1717514739626 0.6928754448890686 349
1717514739652 0.693342387676239 350
1717514745221 0.691098690032959 351
1717514745253 0.6965899467468262 352
1717514745300 0.6977469325065613 353
1717514745333 0.6967892646789551 354
1717514745363 0.6914894580841064 355
1717514745410 0.6910818815231323 356
1717514745441 0.6934442520141602 357
1717514745457 0.6942963600158691 358
1717514745488 0.6919527053833008 359
1717514745535 0.695981502532959 360
1717514746057 0.694484293460846 361
1717514746089 0.6908358931541443 362
1717514746135 0.694080114364624 363
1717514746167 0.6895754337310791 364
1717514746198 0.6947264671325684 365
1717514746246 0.690461277961731 366
1717514746277 0.6970632672309875 367
1717514746307 0.6918401718139648 368
1717514746344 0.6933560371398926 369
1717514746375 0.6921263337135315 370
1717514752651 0.6940284371376038 371
1717514752689 0.6919175386428833 372
1717514752723 0.6910473704338074 373
1717514752758 0.691653311252594 374
1717514752795 0.6995553970336914 375
1717514752838 0.6894924640655518 376
1717514752877 0.6910526156425476 377
1717514752917 0.6961467862129211 378
1717514752994 0.6946448087692261 379
1717514753041 0.6947909593582153 380
1717514753689 0.6923516988754272 381
1717514753724 0.6939799189567566 382
1717514753752 0.6971586346626282 383
1717514753794 0.6925948262214661 384
1717514753841 0.6933664679527283 385
1717514753891 0.6915121078491211 386
1717514753941 0.6933950781822205 387
1717514753991 0.6944559812545776 388
1717514754024 0.6921507120132446 389
1717514754073 0.6964729428291321 390
1717514754640 0.6928296685218811 391
1717514754690 0.6933852434158325 392
1717514754746 0.6947975754737854 393
1717514754772 0.6947721838951111 394
1717514754787 0.6937523484230042 395
1717514754833 0.6922565698623657 396
1717514754871 0.6933932304382324 397
1717514754902 0.6928099393844604 398
1717514754938 0.6933295130729675 399
1717514754978 0.6920468211174011 400
1717514755507 0.6920840740203857 401
1717514755556 0.6937745809555054 402
1717514755599 0.6924905180931091 403
1717514755637 0.6953327655792236 404
1717514755654 0.6925944089889526 405
1717514755684 0.6928921341896057 406
1717514755723 0.6938458681106567 407
1717514755773 0.6953109502792358 408
1717514755829 0.6911458969116211 409
1717514755877 0.694248616695404 410
1717514756392 0.6948673725128174 411
1717514756411 0.6916466951370239 412
1717514756456 0.6906136870384216 413
1717514756504 0.690994143486023 414
1717514756546 0.6933463215827942 415
1717514756572 0.6918073892593384 416
1717514756591 0.6934658885002136 417
1717514756827 0.6942244172096252 418
1717514756901 0.6894999146461487 419
1717514756945 0.6945447325706482 420
1717514757445 0.6939982175827026 421
1717514757468 0.692935049533844 422
1717514757506 0.6912215352058411 423
1717514757536 0.6931709051132202 424
1717514757579 0.6934215426445007 425
1717514757615 0.6927484273910522 426
1717514757651 0.692017138004303 427
1717514757687 0.6908840537071228 428
1717514757712 0.6956019401550293 429
1717514757751 0.692258894443512 430
1717514758303 0.6912365555763245 431
1717514758336 0.6962922215461731 432
1717514758385 0.7014428973197937 433
1717514758419 0.6987073421478271 434
1717514758469 0.6937556266784668 435
1717514758503 0.6993696093559265 436
1717514758553 0.689959704875946 437
1717514758605 0.6945968270301819 438
1717514758644 0.6947304606437683 439
1717514758682 0.6922789812088013 440
1717514759318 0.6921390891075134 441
1717514759367 0.6931723952293396 442
1717514759427 0.6991675496101379 443
1717514759469 0.6996728777885437 444
1717514759489 0.6931136250495911 445
1717514759514 0.694686233997345 446
1717514759554 0.6965650320053101 447
1717514759584 0.6916418671607971 448
1717514759618 0.694104015827179 449
1717514759660 0.6960675120353699 450
1717514760530 0.690153181552887 451
1717514760574 0.6933154463768005 452
1717514760610 0.6942861080169678 453
1717514760647 0.6963028907775879 454
1717514760684 0.6970043182373047 455
1717514760726 0.6929978728294373 456
1717514760776 0.6949541568756104 457
1717514760833 0.6931036114692688 458
1717514760871 0.694951057434082 459
1717514760906 0.6910954713821411 460
1717514761529 0.6955965161323547 461
1717514761555 0.6946927309036255 462
1717514761593 0.6934953331947327 463
1717514761633 0.6903480291366577 464
1717514761674 0.6949518322944641 465
1717514761716 0.6927215456962585 466
1717514761755 0.694058895111084 467
1717514761791 0.6907842755317688 468
1717514761808 0.6925920248031616 469
1717514761842 0.6909887194633484 470
1717514762382 0.6951548457145691 471
1717514762416 0.6935034394264221 472
1717514762458 0.6915969848632812 473
1717514762482 0.6923145651817322 474
1717514762524 0.695812463760376 475
1717514762566 0.6910889744758606 476
1717514762582 0.6969726085662842 477
1717514762613 0.6973238587379456 478
1717514762665 0.6930863857269287 479
1717514762690 0.6881818771362305 480
1717514763216 0.6961697340011597 481
1717514763248 0.694874107837677 482
1717514763303 0.6916020512580872 483
1717514763329 0.6935913562774658 484
1717514763348 0.6983882188796997 485
1717514763382 0.697026789188385 486
1717514763431 0.6938911080360413 487
1717514763465 0.6949909925460815 488
1717514763549 0.6946499347686768 489
1717514763584 0.6957334280014038 490
1717514764186 0.6978713274002075 491
1717514764234 0.6954657435417175 492
1717514764274 0.6945112347602844 493
1717514764290 0.6947608590126038 494
1717514764314 0.6963998079299927 495
1717514764368 0.6926006078720093 496
1717514764414 0.6910886168479919 497
1717514764452 0.6963346004486084 498
1717514764493 0.6944570541381836 499
1717514764512 0.6944066286087036 500
