1717603775541 0.6926659941673279 1
1717603797837 0.6877501010894775 2
1717603820343 0.6866217851638794 3
1717603844053 0.6827915906906128 4
1717603866083 0.6723012924194336 5
1717603888471 0.6643505692481995 6
1717603910205 0.6662471294403076 7
1717603931766 0.667334794998169 8
1717603951455 0.6513082385063171 9
1717603967945 0.650660514831543 10
1717603991923 0.6278291940689087 11
1717604001387 0.6131317615509033 12
1717604007005 0.6284717321395874 13
1717604010175 0.5913677215576172 14
1717604013329 0.5891835689544678 15
1717604016475 0.557383120059967 16
1717604019634 0.5686356425285339 17
1717604022870 0.5895807147026062 18
1717604026023 0.5197490453720093 19
1717604029161 0.534111738204956 20
1717604043210 0.527129054069519 21
1717604046382 0.4994097948074341 22
1717604049567 0.49455466866493225 23
1717604052829 0.4858631193637848 24
1717604055952 0.5738455057144165 25
1717604059157 0.5125652551651001 26
1717604059517 0.521123468875885 27
1717604062646 0.4496842920780182 28
1717604065850 0.4567733108997345 29
1717604069075 0.4678555130958557 30
1717604072267 0.4383896291255951 31
1717604075512 0.4190865159034729 32
1717604078715 0.42827489972114563 33
1717604081933 0.42486995458602905 34
1717604085243 0.4118662178516388 35
1717604088491 0.41775593161582947 36
1717604091753 0.40155041217803955 37
1717604106069 0.4212303161621094 38
1717604109319 0.39621394872665405 39
1717604112614 0.3770064115524292 40
1717604115984 0.38083869218826294 41
1717604119215 0.4064825475215912 42
1717604122494 0.4382409155368805 43
1717604125772 0.4496854245662689 44
1717604129099 0.41235432028770447 45
1717604132378 0.3705288767814636 46
1717604135628 0.42407819628715515 47
1717604144961 0.44463080167770386 48
1717604148240 0.39902251958847046 49
1717604151518 0.37963002920150757 50
1717604154797 0.44606462121009827 51
1717604158125 0.40278688073158264 52
1717604161418 0.39570239186286926 53
1717604161779 0.5016514658927917 54
1717604165024 0.3797961175441742 55
1717604168278 0.33168449997901917 56
1717604171612 0.3530292212963104 57
1717604174874 0.3539245128631592 58
1717604178119 0.33562296628952026 59
1717604181403 0.3186200261116028 60
1717604184681 0.34550851583480835 61
1717604187991 0.3835631310939789 62
1717604191254 0.303814172744751 63
1717604194505 0.32246533036231995 64
1717604208579 0.36634740233421326 65
1717604211910 0.3321957290172577 66
1717604215095 0.3683781027793884 67
1717604218278 0.33031561970710754 68
1717604221559 0.3175755739212036 69
1717604224868 0.3327715992927551 70
1717604228164 0.3256019353866577 71
1717604231458 0.2902936637401581 72
1717604234704 0.32135558128356934 73
1717604237983 0.28969696164131165 74
1717604252377 0.3225134015083313 75
1717604255549 0.2968159019947052 76
1717604258748 0.31802529096603394 77
1717604261934 0.3028285503387451 78
1717604265134 0.32327893376350403 79
1717604268258 0.30971163511276245 80
1717604268627 0.32201075553894043 81
1717604271880 0.2688100337982178 82
1717604275096 0.23767676949501038 83
1717604278375 0.2294783592224121 84
1717604281934 0.23805685341358185 85
1717604285105 0.24535508453845978 86
1717604288305 0.293189138174057 87
1717604291491 0.3657510280609131 88
1717604294676 0.31794795393943787 89
1717604297812 0.3024927079677582 90
1717604300987 0.2766188979148865 91
1717604310256 0.29947221279144287 92
1717604313545 0.34647536277770996 93
1717604316824 0.3002592921257019 94
1717604320030 0.3537463843822479 95
1717604323214 0.29169249534606934 96
1717604326401 0.28823918104171753 97
1717604329663 0.31504103541374207 98
1717604332944 0.3445228934288025 99
1717604336252 0.25468042492866516 100
1717604339522 0.32414349913597107 101
1717604349060 0.25069040060043335 102
1717604352381 0.24275779724121094 103
1717604355622 0.24223484098911285 104
1717604358938 0.2650742828845978 105
1717604362310 0.27343443036079407 106
1717604365578 0.24919749796390533 107
1717604365947 0.19574400782585144 108
1717604369086 0.2191888391971588 109
1717604372255 0.2050316482782364 110
1717604375457 0.23557521402835846 111
1717604378672 0.20564627647399902 112
1717604381938 0.24310854077339172 113
1717604385198 0.22882702946662903 114
1717604388450 0.23783552646636963 115
1717604391645 0.2554193139076233 116
1717604394832 0.24368534982204437 117
1717604398042 0.19944258034229279 118
1717604407276 0.2565404772758484 119
1717604410524 0.22390514612197876 120
1717604413708 0.21567070484161377 121
1717604416955 0.21835818886756897 122
1717604420161 0.24301011860370636 123
1717604423341 0.27543187141418457 124
1717604426534 0.23147673904895782 125
1717604429727 0.20783278346061707 126
1717604432973 0.24191458523273468 127
1717604436157 0.28131380677223206 128
1717604450450 0.22391825914382935 129
1717604453802 0.2238679826259613 130
1717604456971 0.2819852828979492 131
1717604460188 0.2255682498216629 132
1717604463451 0.2366584986448288 133
1717604466856 0.2015664130449295 134
1717604467263 0.225838765501976 135
1717604470428 0.19516785442829132 136
1717604473678 0.19799651205539703 137
1717604476893 0.16640223562717438 138
1717604480110 0.15681388974189758 139
1717604483388 0.17820122838020325 140
1717604486635 0.17763689160346985 141
1717604489853 0.1839064359664917 142
1717604493052 0.16338174045085907 143
1717604496317 0.17083074152469635 144
1717604499517 0.16943460702896118 145
1717604513725 0.15448413789272308 146
1717604516942 0.18831989169120789 147
1717604520142 0.22374758124351501 148
1717604523420 0.18076872825622559 149
1717604526730 0.16965186595916748 150
1717604530060 0.15946896374225616 151
1717604533365 0.16342046856880188 152
1717604536644 0.16527453064918518 153
1717604540182 0.1840197592973709 154
1717604543405 0.19303087890148163 155
1717604553163 0.14693206548690796 156
1717604556365 0.19417698681354523 157
1717604559565 0.19589868187904358 158
1717604562764 0.17147555947303772 159
1717604565949 0.17821837961673737 160
1717604569119 0.18365001678466797 161
1717604569463 0.22592300176620483 162
1717604572820 0.14005811512470245 163
1717604576036 0.13855236768722534 164
1717604579427 0.1398179680109024 165
1717604582874 0.1260596513748169 166
1717604586122 0.15408489108085632 167
1717604589486 0.1430218666791916 168
1717604592914 0.16249513626098633 169
1717604596194 0.14742562174797058 170
1717604599546 0.12154702097177505 171
1717604603063 0.1367756426334381 172
1717604612695 0.1749260276556015 173
1717604615879 0.1712983399629593 174
1717604619269 0.15278126299381256 175
1717604622469 0.14978112280368805 176
1717604625747 0.1598164290189743 177
1717604628916 0.1416083574295044 178
1717604632119 0.13050717115402222 179
1717604635365 0.14109237492084503 180
1717604638675 0.13193655014038086 181
1717604642017 0.12790708243846893 182
1717604656115 0.15342946350574493 183
1717604659372 0.13605831563472748 184
1717604662656 0.14779731631278992 185
1717604666139 0.16225241124629974 186
1717604669337 0.1546117663383484 187
1717604672556 0.13877832889556885 188
1717604672914 0.1314660757780075 189
1717604676116 0.12747995555400848 190
1717604679337 0.11506351828575134 191
1717604682595 0.09858813136816025 192
1717604685796 0.10536087304353714 193
1717604689036 0.11230134963989258 194
1717604692258 0.12051031738519669 195
1717604695534 0.11719125509262085 196
1717604698769 0.09845515340566635 197
1717604702064 0.10750856250524521 198
1717604705374 0.12819980084896088 199
1717604715201 0.1208723783493042 200
1717604718567 0.10101840645074844 201
1717604721877 0.10071206092834473 202
1717604725289 0.11394425481557846 203
1717604728683 0.11811662465333939 204
1717604732074 0.11180721968412399 205
1717604735380 0.11678314208984375 206
1717604738707 0.14197751879692078 207
1717604742001 0.12227832525968552 208
1717604745265 0.08891019225120544 209
1717604754554 0.1391996443271637 210
1717604757801 0.14509253203868866 211
1717604761050 0.13811783492565155 212
1717604764297 0.121681347489357 213
1717604767545 0.11287176609039307 214
1717604770823 0.10665297508239746 215
1717604771214 0.11031027138233185 216
1717604774604 0.1065860167145729 217
1717604777803 0.07418178766965866 218
1717604780988 0.08864077925682068 219
1717604784177 0.09522695094347 220
1717604787373 0.09478612244129181 221
1717604790597 0.08741341531276703 222
1717604793830 0.12246043980121613 223
1717604797021 0.07802126556634903 224
1717604800219 0.10297004133462906 225
1717604803408 0.13241595029830933 226
1717604813135 0.09502565115690231 227
1717604816405 0.08630643784999847 228
1717604819599 0.12584128975868225 229
1717604822767 0.10858184844255447 230
1717604825968 0.10170754045248032 231
1717604829137 0.10216278582811356 232
1717604832366 0.10803624987602234 233
1717604835556 0.09029035270214081 234
1717604838755 0.11140560358762741 235
1717604841940 0.0745023638010025 236
1717604851247 0.07622052729129791 237
1717604854468 0.10640154778957367 238
1717604857618 0.1177789494395256 239
1717604860800 0.09808920323848724 240
1717604864017 0.08819559961557388 241
1717604867390 0.11730635166168213 242
1717604867700 0.055853161960840225 243
1717604870856 0.0708794891834259 244
1717604874088 0.06180162727832794 245
1717604877273 0.05354240909218788 246
1717604880554 0.060999270528554916 247
1717604883846 0.07170289754867554 248
1717604887140 0.08301376551389694 249
1717604890491 0.05009176582098007 250
1717604893760 0.04933534562587738 251
1717604897053 0.06837505102157593 252
1717604900350 0.09248977154493332 253
1717604909825 0.06554412096738815 254
1717604913137 0.05664521083235741 255
1717604916431 0.07238586992025375 256
1717604919633 0.09282427281141281 257
1717604922850 0.05897010490298271 258
1717604926018 0.06518203020095825 259
1717604929176 0.06880488991737366 260
1717604932403 0.07926830649375916 261
1717604935596 0.11285289376974106 262
1717604938756 0.04668763279914856 263
1717604948406 0.07819492369890213 264
1717604951622 0.06915237009525299 265
1717604954822 0.07849153876304626 266
1717604958006 0.06274740397930145 267
1717604961213 0.05170546472072601 268
1717604964455 0.09844402223825455 269
1717604964814 0.09563761949539185 270
1717604967921 0.053922977298498154 271
1717604971101 0.03297260031104088 272
1717604974309 0.045266345143318176 273
1717604977521 0.043831974267959595 274
1717604980708 0.04692671447992325 275
1717604983909 0.050486259162425995 276
1717604987174 0.04166128486394882 277
1717604990422 0.0412248820066452 278
1717604993577 0.05328037217259407 279
1717604996774 0.03767108917236328 280
1717605006111 0.04804939031600952 281
1717605009437 0.03995151445269585 282
1717605012669 0.040336623787879944 283
1717605015931 0.02116786688566208 284
1717605019102 0.05266738310456276 285
1717605022318 0.05842874199151993 286
1717605025489 0.03729594871401787 287
1717605028702 0.040274132043123245 288
1717605031903 0.05390380322933197 289
1717605035088 0.0739518254995346 290
1717605044894 0.06918763369321823 291
1717605048050 0.07150645554065704 292
1717605051232 0.03762048855423927 293
1717605054533 0.06101108342409134 294
1717605057782 0.0635996162891388 295
1717605061099 0.04061267152428627 296
1717605061474 0.036613497883081436 297
1717605064739 0.03196263313293457 298
1717605068075 0.048539213836193085 299
1717605071343 0.04192240536212921 300
1717605074639 0.03331855311989784 301
1717605077912 0.045579299330711365 302
1717605081147 0.04226135462522507 303
1717605084416 0.034946125000715256 304
1717605087704 0.026162929832935333 305
1717605090998 0.05365587770938873 306
1717605094285 0.04566749557852745 307
1717605103848 0.05066355690360069 308
1717605107142 0.0373821035027504 309
1717605110391 0.026641659438610077 310
1717605113652 0.0338558629155159 311
1717605116963 0.05900651216506958 312
1717605120246 0.03201353922486305 313
1717605123536 0.03495987504720688 314
1717605126925 0.03267586976289749 315
1717605130218 0.04779832065105438 316
1717605133483 0.05577901378273964 317
