1717583715053 0.6928924918174744 1
1717583738471 6.55077600479126 2
1717583985651 0.7290599942207336 3
1717584010582 1.1010849475860596 4
1717584035741 1.9387389421463013 5
1717584066288 0.6909172534942627 6
1717584129120 0.6925898790359497 7
1717584248831 0.8876291513442993 8
1717584443771 2.162799835205078 9
1717584764321 0.9255183935165405 10
1717585568756 2.24526047706604 11
1717586039430 2.1077938079833984 12
1717586578677 0.7064898014068604 13
1717587159062 1.445280909538269 14
1717587785776 1.4205482006072998 15
1717588477012 0.7342528104782104 16
1717589230914 1.0540058612823486 17
1717589844721 1.279180884361267 18
1717590107757 0.717350423336029 19
1717590370755 0.8346189260482788 20
1717590840730 1.0221880674362183 21
1717591190275 0.7183898687362671 22
1717591414683 0.7370253205299377 23
1717591643083 0.8534613847732544 24
