1717355286470 0.7244444489479065 1
1717355286540 0.7105463147163391 2
1717355286604 0.7158116102218628 3
1717355286691 0.6947360634803772 4
1717355286782 0.6954467296600342 5
1717355286893 0.7073496580123901 6
1717355286952 0.7144944667816162 7
1717355287015 0.7049440145492554 8
1717355287077 0.696557879447937 9
1717355287187 0.7055110335350037 10
1717355290571 0.7030969858169556 11
1717355290665 0.7067812085151672 12
1717355290770 0.6937000751495361 13
1717355290879 0.6975083947181702 14
1717355291217 0.6946288347244263 15
1717355291303 0.7027656435966492 16
1717355291397 0.6959746479988098 17
1717355291507 0.694663941860199 18
1717355291616 0.6980007290840149 19
1717355291725 0.6939261555671692 20
1717355295145 0.691967785358429 21
1717355295216 0.6912364363670349 22
1717355295285 0.6918638944625854 23
1717355295379 0.6908199191093445 24
1717355295489 0.7004042267799377 25
1717355295599 0.6906397342681885 26
1717355295693 0.6968260407447815 27
1717355295771 0.6965484023094177 28
1717355295865 0.6967244744300842 29
1717355295958 0.6917383670806885 30
1717355296409 0.7044816017150879 31
1717355296455 0.7059105038642883 32
1717355296520 0.6929348707199097 33
1717355296616 0.6935383677482605 34
1717355296709 0.6916314363479614 35
1717355296819 0.6937922239303589 36
1717355296928 0.6958243250846863 37
1717355297027 0.6967521905899048 38
1717355297105 0.6950443387031555 39
1717355297214 0.6929709911346436 40
1717355297702 0.6945277452468872 41
1717355297764 0.6935707330703735 42
1717355297866 0.69294273853302 43
1717355297959 0.6939797401428223 44
1717355298022 0.6911709308624268 45
1717355298085 0.6944865584373474 46
1717355298147 0.6962052583694458 47
1717355298210 0.6965882778167725 48
1717355298323 0.6931678652763367 49
1717355298377 0.6943380236625671 50
1717355298883 0.6939598917961121 51
1717355298981 0.6938785910606384 52
1717355299030 0.6934793591499329 53
1717355299140 0.6934694647789001 54
1717355299218 0.6967496871948242 55
1717355299317 0.6955592632293701 56
1717355299423 0.6938742399215698 57
1717355299517 0.6932817697525024 58
1717355299583 0.6979857683181763 59
1717355299689 0.698106586933136 60
1717355300148 0.6930491328239441 61
1717355300242 0.6924099922180176 62
1717355300355 0.6923075914382935 63
1717355300441 0.7028738260269165 64
1717355300535 0.7057298421859741 65
1717355300628 0.6954905986785889 66
1717355300722 0.6938912868499756 67
1717355300816 0.696080207824707 68
1717355300926 0.6913511753082275 69
1717355301026 0.6992858052253723 70
1717355301494 0.6870965957641602 71
1717355301546 0.6944457292556763 72
1717355301609 0.6939264535903931 73
1717355301712 0.6928253769874573 74
1717355301790 0.6930862665176392 75
1717355301852 0.693958580493927 76
1717355301931 0.6877691745758057 77
1717355302038 0.7051800489425659 78
1717355302103 0.703823983669281 79
1717355302212 0.6944513320922852 80
1717355302708 0.6934762597084045 81
1717355302805 0.6953747272491455 82
1717355302875 0.7031744718551636 83
1717355302943 0.6969755291938782 84
1717355303021 0.6940669417381287 85
1717355303106 0.6927779316902161 86
1717355303181 0.6944094300270081 87
1717355303278 0.694598376750946 88
1717355303357 0.6922506093978882 89
1717355303420 0.6917824745178223 90
1717355303896 0.6983082294464111 91
1717355304005 0.6922488212585449 92
1717355304062 0.6931604743003845 93
1717355304155 0.6938225030899048 94
1717355304264 0.6935209631919861 95
1717355304372 0.6937137246131897 96
1717355304435 0.6932776570320129 97
1717355304513 0.6940416693687439 98
1717355304622 0.6939073801040649 99
1717355304737 0.694372296333313 100
