1717323960930 0.7039163112640381 0
1717323961172 0.6957967877388 0
1717323961415 0.7021749019622803 0
1717323961641 0.6890869736671448 0
1717323961878 0.6815816760063171 0
1717323962115 0.6918198466300964 0
1717323962350 0.6948795318603516 0
1717323962522 0.7048457860946655 0
1717323962708 0.6946155428886414 0
1717323962868 0.696552574634552 0
1717324022636 0.7098543047904968 0
1717324022902 0.7090805172920227 0
1717324023169 0.7012171745300293 0
1717324023436 0.7035070061683655 0
1717324023685 0.73583984375 0
1717324023931 0.7002904415130615 0
1717324024159 0.7080184817314148 0
1717324024404 0.7076328992843628 0
1717324024648 0.7045585513114929 0
1717324024883 0.6633338928222656 0
1717324027052 0.7094746232032776 0
1717324027216 0.7060645818710327 0
1717324027414 0.7124407887458801 0
1717324027632 0.7411313056945801 0
1717324027863 0.711336076259613 0
1717324028103 0.7053885459899902 0
1717324028244 0.709058403968811 0
1717324028386 0.7019392251968384 0
1717324028548 0.7038898468017578 0
1717324028763 0.7178589105606079 0
1717324030963 0.7058004140853882 0
1717324031204 0.687355101108551 0
1717324031476 0.6998964548110962 0
1717324031711 0.6826313734054565 0
1717324031957 0.6993664503097534 0
1717324032207 0.6942561864852905 0
1717324032442 0.7013742923736572 0
1717324032591 0.703870952129364 0
1717324032747 0.6853297352790833 0
1717324032888 0.7066935896873474 0
1717324035043 0.6943148970603943 0
1717324035301 0.6848381161689758 0
1717324035456 0.6914124488830566 0
1717324035612 0.6961209177970886 0
1717324035878 0.7029582858085632 0
1717324036128 0.7027950882911682 0
1717324036408 0.7074280381202698 0
1717324036605 0.6987054944038391 0
1717324036855 0.7064433097839355 0
1717324037105 0.689750075340271 0
1717324039440 0.6906753778457642 0
1717324039706 0.7010630965232849 0
1717324039878 0.6914634108543396 0
1717324040143 0.7012422680854797 0
1717324040397 0.693492591381073 0
1717324040623 0.6965957880020142 0
1717324040841 0.6977575421333313 0
1717324041084 0.6991955637931824 0
1717324041336 0.6947046518325806 0
1717324041600 0.6934559345245361 0
1717324043952 0.6931437849998474 0
1717324044099 0.6951717138290405 0
1717324044356 0.6894519329071045 0
1717324044618 0.6901572942733765 0
1717324044884 0.6935253739356995 0
1717324045040 0.6958708763122559 0
1717324045200 0.6964872479438782 0
1717324045449 0.6979496479034424 0
1717324045652 0.6939599514007568 0
1717324045871 0.698773205280304 0
1717324048266 0.6897618174552917 0
1717324048524 0.694308340549469 0
1717324048773 0.6921818256378174 0
1717324049039 0.6948134899139404 0
1717324049289 0.6929871439933777 0
1717324049446 0.6931805610656738 0
1717324049711 0.6907728314399719 0
1717324049946 0.6918181777000427 0
1717324050212 0.694655179977417 0
1717324050414 0.6918459534645081 0
1717324052812 0.6935907602310181 0
1717324053097 0.6938295960426331 0
1717324053313 0.6928154826164246 0
1717324053559 0.6938165426254272 0
1717324053875 0.6909430027008057 0
1717324054160 0.6921106576919556 0
1717324054464 0.6908563375473022 0
1717324054754 0.6933454871177673 0
1717324055020 0.692415177822113 0
1717324055315 0.6955222487449646 0
1717324058214 0.6961469054222107 0
1717324058532 0.6943982839584351 0
1717324058746 0.6937649250030518 0
1717324058934 0.6919699311256409 0
1717324059237 0.6925108432769775 0
1717324059518 0.6939061880111694 0
1717324059841 0.6934456825256348 0
1717324060096 0.6920040845870972 0
1717324060351 0.6923024654388428 0
1717324060653 0.6934307217597961 0
1717324063496 0.6925138235092163 0
1717324063795 0.6917592883110046 0
1717324064030 0.6904125213623047 0
1717324064219 0.6955305337905884 0
1717324064391 0.6924615502357483 0
1717324064640 0.6962931752204895 0
1717324064948 0.6912536025047302 0
1717324065220 0.6940709948539734 0
1717324065502 0.6929659843444824 0
1717324065801 0.6932645440101624 0
1717324068841 0.6935310959815979 0
1717324069141 0.6936988234519958 0
1717324069477 0.6927937269210815 0
1717324069754 0.693337082862854 0
1717324070041 0.6921679973602295 0
1717324070314 0.6929506063461304 0
1717324070567 0.6890174150466919 0
1717324070869 0.6896762847900391 0
1717324071182 0.6913999915122986 0
1717324071452 0.692403256893158 0
1717324074828 0.6931231021881104 0
1717324075158 0.6955580115318298 0
1717324075485 0.692334771156311 0
1717324075784 0.6913356781005859 0
1717324076123 0.6909627318382263 0
1717324076456 0.6893398761749268 0
1717324076724 0.695497453212738 0
1717324077020 0.6918371319770813 0
1717324077273 0.692569375038147 0
1717324077513 0.6907427310943604 0
1717324139820 0.6886906623840332 0
1717324140154 0.6868173480033875 0
1717324140455 0.6887349486351013 0
1717324140673 0.6899522542953491 0
1717324140896 0.694098949432373 0
1717324141055 0.6989380121231079 0
1717324141298 0.6940917372703552 0
1717324141555 0.6956062912940979 0
1717324141857 0.698260486125946 0
1717324142107 0.6893335580825806 0
1717324144180 0.6962332129478455 0
1717324144489 0.695229172706604 0
1717324144803 0.6956358551979065 0
1717324145131 0.6926295757293701 0
1717324145460 0.6995440125465393 0
1717324145786 0.6897191405296326 0
1717324146117 0.6907583475112915 0
1717324146304 0.6968637108802795 0
1717324146461 0.6852386593818665 0
1717324146613 0.6856815814971924 0
1717324148798 0.686593770980835 0
1717324149101 0.6911094188690186 0
1717324149366 0.6988357305526733 0
1717324149643 0.6925277709960938 0
1717324149906 0.696962833404541 0
1717324150179 0.6893798112869263 0
1717324150357 0.6934278607368469 0
1717324150511 0.6970546841621399 0
1717324150673 0.6992980241775513 0
1717324150907 0.6824394464492798 0
1717324153340 0.6940526366233826 0
1717324153625 0.6879130005836487 0
1717324153926 0.7029295563697815 0
1717324154210 0.6904992461204529 0
1717324154373 0.6929059028625488 0
1717324154664 0.6963345408439636 0
1717324154965 0.6982369422912598 0
1717324155281 0.690430760383606 0
1717324155484 0.685100793838501 0
1717324155732 0.6921361684799194 0
1717324246204 0.6895201802253723 0
1717324246560 0.7057693600654602 0
1717324246893 0.7117206454277039 0
1717324247205 0.7222495079040527 0
1717324247533 0.6980308294296265 0
1717324247873 0.688112735748291 0
1717324248206 0.6833606958389282 0
1717324248559 0.6971939206123352 0
1717324248888 0.681000292301178 0
1717324249203 0.6828449964523315 0
1717324353308 0.6823067665100098 0
1717324353536 0.6988083720207214 0
1717324353756 0.7117099165916443 0
1717324353990 0.7018641829490662 0
1717324354214 0.6893816590309143 0
1717324354425 0.7041535973548889 0
1717324354652 0.677570104598999 0
1717324354878 0.700002133846283 0
1717324355110 0.6718217730522156 0
1717324355242 0.6940034627914429 0
1717324357780 0.7005580067634583 0
1717324358010 0.6906251311302185 0
1717324358241 0.7129992842674255 0
1717324358463 0.7001854777336121 0
1717324358714 0.6960086226463318 0
1717324358962 0.7090343236923218 0
1717324359129 0.6963287591934204 0
1717324359379 0.7010900974273682 0
1717324359600 0.7132696509361267 0
1717324359810 0.7015263438224792 0
1717324362540 0.6949503421783447 0
1717324362709 0.7085583209991455 0
1717324362926 0.6946647763252258 0
1717324363116 0.7038819789886475 0
1717324363341 0.7043898105621338 0
1717324363593 0.7016961574554443 0
1717324374402 0.706510603427887 0
1717324374613 0.7245156764984131 0
1717324374844 0.7068548798561096 0
1717324375061 0.6972514390945435 0
1717324375292 0.7029109001159668 0
1717324375526 0.6961013078689575 0
1717324375735 0.6821210980415344 0
1717324375961 0.6970353722572327 0
1717324376201 0.6809343099594116 0
1717324376427 0.6964119076728821 0
1717324378844 0.6908248066902161 0
1717324378993 0.706917405128479 0
1717324379228 0.7010874152183533 0
1717324379444 0.6946895718574524 0
1717324379674 0.69495689868927 0
1717324379910 0.6816967725753784 0
1717324380158 0.691554844379425 0
1717324380397 0.6945996880531311 0
1717324380652 0.7024208307266235 0
1717324380879 0.6969438195228577 0
1717324383491 0.6937006115913391 0
1717324383719 0.6967417001724243 0
1717324383891 0.691069483757019 0
1717324384106 0.694984495639801 0
1717324384336 0.6887045502662659 0
1717324384557 0.6921685934066772 0
1717324384787 0.6978899240493774 0
1717324384972 0.6852662563323975 0
1717324385190 0.6930515170097351 0
1717324385417 0.6895361542701721 0
1717324387856 0.6887997984886169 0
1717324388034 0.692160427570343 0
1717324388237 0.6938322186470032 0
1717324388453 0.6921308636665344 0
1717324388628 0.6959555149078369 0
1717324388856 0.6941215395927429 0
1717324389084 0.6972482204437256 0
1717324389313 0.6936991810798645 0
1717324389552 0.6943997144699097 0
1717324389786 0.6903229355812073 0
1717324392232 0.6889695525169373 0
1717324392393 0.6951343417167664 0
1717324392625 0.6948907971382141 0
1717324392843 0.694187343120575 0
1717324393086 0.6878217458724976 0
1717324393297 0.6911942362785339 0
1717324393531 0.6958237290382385 0
1717324393749 0.6861327886581421 0
1717324394002 0.6968957781791687 0
1717324394158 0.6911036968231201 0
1717324396783 0.6935439109802246 0
1717324397026 0.6900783777236938 0
1717324397312 0.6939277648925781 0
1717324397590 0.696847140789032 0
1717324397878 0.6925563812255859 0
1717324398146 0.6953006982803345 0
1717324398378 0.6974784731864929 0
1717324398655 0.6939541101455688 0
1717324398945 0.6900270581245422 0
1717324399142 0.6894594430923462 0
1717324401962 0.6948625445365906 0
1717324402211 0.6949549317359924 0
1717324402478 0.6856653690338135 0
1717324402739 0.6962059736251831 0
1717324402980 0.6925477385520935 0
1717324403239 0.6944739818572998 0
1717324403544 0.691555380821228 0
1717324403824 0.6966140866279602 0
1717324404001 0.6971222758293152 0
1717324404157 0.6923739910125732 0
1717324407005 0.6897416710853577 0
1717324407288 0.6962158679962158 0
1717324407501 0.6945925951004028 0
1717324407769 0.6887970566749573 0
1717324408035 0.6884390115737915 0
1717324408287 0.6964936256408691 0
1717324408570 0.6907955408096313 0
1717324408837 0.6932325959205627 0
1717324409054 0.6948317885398865 0
1717324409291 0.6901913285255432 0
1717324412167 0.6937838196754456 0
1717324412434 0.6917296051979065 0
1717324412692 0.6967046856880188 0
1717324412900 0.694295346736908 0
1717324413184 0.6901513934135437 0
1717324413397 0.6920424103736877 0
1717324413587 0.6957780718803406 0
1717324413851 0.6920647621154785 0
1717324414108 0.6882870197296143 0
1717324414376 0.6882060170173645 0
1717324417463 0.6909460425376892 0
1717324417752 0.6907688975334167 0
1717324418041 0.6993058919906616 0
1717324418213 0.6952003240585327 0
1717324418494 0.69162917137146 0
1717324418744 0.6931248307228088 0
1717324419022 0.6949254870414734 0
1717324419287 0.6900225281715393 0
1717324419553 0.6932142376899719 0
1717324419834 0.6878008246421814 0
1717324422944 0.6928291916847229 0
1717324423209 0.6965948343276978 0
1717324423491 0.6915133595466614 0
1717324423758 0.6958931684494019 0
1717324424026 0.6929915547370911 0
1717324424258 0.6929094791412354 0
1717324424524 0.6893436908721924 0
1717324424795 0.6890012621879578 0
1717324425057 0.6958765983581543 0
1717324425274 0.692780077457428 0
1717324428162 0.6934016346931458 0
1717324428418 0.6897572875022888 0
1717324428682 0.695553719997406 0
1717324428891 0.6948817372322083 0
1717324429102 0.6928767561912537 0
1717324429363 0.6884681582450867 0
1717324429644 0.7006917595863342 0
1717324429928 0.6939470171928406 0
1717324430194 0.6987179517745972 0
1717324430452 0.6927511096000671 0
1717324433329 0.6898321509361267 0
1717324433502 0.6950175762176514 0
1717324433696 0.6899484395980835 0
1717324433931 0.6919143795967102 0
1717324434182 0.6910757422447205 0
1717324434435 0.6881666779518127 0
1717324434716 0.6938901543617249 0
1717324434960 0.695187509059906 0
1717324435124 0.6938722133636475 0
1717324435296 0.6954947710037231 0
1717324492980 0.6891165971755981 0
1717324493203 0.6903778314590454 0
1717324493446 0.7094685435295105 0
1717324493632 0.686393678188324 0
1717324493875 0.6917526125907898 0
1717324494047 0.7154808640480042 0
1717324494281 0.7085816860198975 0
1717324494509 0.6784526705741882 0
1717324494754 0.6903699636459351 0
1717324494987 0.6893714666366577 0
1717324497253 0.7099819183349609 0
1717324497484 0.7074856758117676 0
1717324497695 0.6873217821121216 0
1717324497929 0.707411527633667 0
1717324498160 0.7171301245689392 0
1717324498371 0.712691068649292 0
1717324498555 0.698995053768158 0
1717324498778 0.6994640231132507 0
1717324499012 0.6881634593009949 0
1717324499262 0.6993334889411926 0
1717324501527 0.6924837231636047 0
1717324501775 0.7042726874351501 0
1717324502008 0.7105346918106079 0
1717324502223 0.6907069683074951 0
1717324502470 0.6949087381362915 0
1717324502710 0.6918408274650574 0
1717324502965 0.6964889764785767 0
1717324503200 0.7073857188224792 0
1717324503450 0.6853311061859131 0
1717324503700 0.7000689506530762 0
1717324506064 0.6961265802383423 0
1717324506306 0.6949431896209717 0
1717324506522 0.6973402500152588 0
1717324506734 0.6984925866127014 0
1717324506982 0.690631628036499 0
1717324507232 0.6933491230010986 0
1717324507388 0.6942440867424011 0
1717324507529 0.6930149793624878 0
1717324507786 0.6959791779518127 0
1717324507960 0.6931319236755371 0
1717324510419 0.6978597044944763 0
1717324510681 0.6953502893447876 0
1717324510956 0.6965776681900024 0
1717324511225 0.694200336933136 0
1717324511361 0.6950314044952393 0
1717324511518 0.6957076191902161 0
1717324511784 0.6962149143218994 0
1717324511995 0.6949275732040405 0
1717324512277 0.6964284777641296 0
1717324512542 0.6965416073799133 0
1717324515048 0.6924095153808594 0
1717324515325 0.6935572624206543 0
1717324515583 0.69353848695755 0
1717324515836 0.6957852840423584 0
1717324516092 0.6925696730613708 0
1717324516373 0.6930013298988342 0
1717324516592 0.6920325756072998 0
1717324516858 0.6920849680900574 0
1717324517124 0.6935968995094299 0
1717324517389 0.6931936740875244 0
1717324520127 0.6926694512367249 0
1717324520427 0.6927264928817749 0
1717324520738 0.693131685256958 0
1717324521030 0.6919013857841492 0
1717324521343 0.6933041214942932 0
1717324521593 0.6924103498458862 0
1717324521886 0.6928518414497375 0
1717324522070 0.6936658620834351 0
1717324522258 0.6946951150894165 0
1717324522540 0.6932912468910217 0
1717324525438 0.6925528049468994 0
1717324525625 0.6929920315742493 0
1717324525915 0.6924879550933838 0
1717324526225 0.6943762898445129 0
1717324526522 0.6936450004577637 0
1717324526835 0.6912987232208252 0
1717324527141 0.6952121257781982 0
1717324527423 0.6913152933120728 0
1717324527740 0.6934412121772766 0
1717324528004 0.6943305134773254 0
1717324530837 0.6933370232582092 0
1717324531112 0.6935997605323792 0
1717324531402 0.6934852600097656 0
1717324531724 0.6930767297744751 0
1717324531987 0.6938046813011169 0
1717324532221 0.6934092044830322 0
1717324532468 0.6937326788902283 0
1717324532773 0.6933037042617798 0
1717324533061 0.693766176700592 0
1717324533373 0.6922634840011597 0
1717324536295 0.691495954990387 0
1717324536592 0.6938976049423218 0
1717324536892 0.6934056282043457 0
1717324537187 0.6936130523681641 0
1717324537484 0.6940836310386658 0
1717324537765 0.6929250359535217 0
1717324538015 0.6931598782539368 0
1717324538331 0.6929557919502258 0
1717324538614 0.6921956539154053 0
1717324538945 0.6924716830253601 0
1717324541763 0.6933844089508057 0
1717324542061 0.692616879940033 0
1717324542270 0.6938523650169373 0
1717324542460 0.6924993991851807 0
1717324542644 0.6922575235366821 0
1717324542893 0.6932692527770996 0
1717324552952 0.699851930141449 0
1717324553486 0.7098879218101501 0
1717324554017 0.7052673697471619 0
1717324554563 0.7009309530258179 0
1717324555114 0.6971115469932556 0
1717324555680 0.6981220841407776 0
1717324556221 0.7004998326301575 0
1717324556741 0.6925731897354126 0
1717324557289 0.6986587643623352 0
1717324557807 0.6951639652252197 0
1717324570842 0.6967194676399231 0
1717324571436 0.7020654082298279 0
1717324572097 0.6953009366989136 0
1717324572770 0.6991881728172302 0
1717324573458 0.6936060786247253 0
1717324574115 0.6933675408363342 0
1717324574754 0.7009246945381165 0
1717324575426 0.6964548826217651 0
1717324576114 0.696869969367981 0
1717324576800 0.691493809223175 0
1717324590466 0.6998056173324585 0
1717324591107 0.692013680934906 0
1717324591827 0.6958257555961609 0
1717324592450 0.6957716345787048 0
1717324593107 0.6980371475219727 0
1717324593764 0.6937954425811768 0
1717324594409 0.6940922737121582 0
1717324595090 0.6970182061195374 0
1717324595758 0.6992886066436768 0
1717324596445 0.6934214234352112 0
1717324610122 0.696412205696106 0
1717324610770 0.6936888098716736 0
1717324611452 0.6945042610168457 0
1717324612117 0.6919369101524353 0
1717324612777 0.6956292986869812 0
1717324613423 0.6907853484153748 0
1717324614089 0.6923635601997375 0
1717324614793 0.693390965461731 0
1717324615409 0.6905556917190552 0
1717324616037 0.6939706802368164 0
1717330738379 0.7398478984832764 0
1717330740955 0.7002319097518921 0
1717330743565 0.6880652904510498 0
1717330746529 0.6929165720939636 0
1717330749059 0.6936262249946594 0
1717330751537 0.6931801438331604 0
1717330753452 0.6936578154563904 0
1717330755172 0.6941011548042297 0
1717330756796 0.6970824003219604 0
1717330758615 0.6994471549987793 0
1717330791749 0.6927340030670166 0
1717330793569 0.6918794512748718 0
1717330795294 0.6956223845481873 0
1717330797149 0.6934753656387329 0
1717330798964 0.6960954070091248 0
1717330800816 0.6928807497024536 0
1717330802710 0.6933121681213379 0
1717330804573 0.6924677491188049 0
1717330806373 0.6927412152290344 0
1717330808007 0.6928057670593262 0
1717330838331 0.6942059397697449 0
1717330839971 0.693117618560791 0
1717330841662 0.6928721070289612 0
1717330843384 0.6927003860473633 0
1717330845127 0.6928774118423462 0
1717330846812 0.6935399174690247 0
1717330848548 0.6927280426025391 0
1717330850240 0.6925661563873291 0
1717330851955 0.6930062174797058 0
1717330853600 0.6932498812675476 0
1717330885042 0.6923782825469971 0
1717330886705 0.692319929599762 0
1717330888398 0.6917238235473633 0
1717330889990 0.6924300193786621 0
1717330891733 0.6912675499916077 0
1717330893529 0.6938177347183228 0
1717330895205 0.6944820880889893 0
1717330896817 0.6937836408615112 0
1717330898420 0.6937037706375122 0
1717330900052 0.693552553653717 0
1717330930676 0.6930858492851257 0
1717330932394 0.6940349340438843 0
1717330934074 0.6932616829872131 0
1717330935837 0.6941089034080505 0
1717330937537 0.6943455338478088 0
1717330939215 0.6929789781570435 0
1717330940802 0.6935238242149353 0
1717330942337 0.6931856274604797 0
1717330944147 0.6915431022644043 0
1717330945891 0.6928709149360657 0
1717330977091 0.6923797130584717 0
1717330978752 0.6928219199180603 0
1717330980419 0.6924688220024109 0
1717330982070 0.6932610869407654 0
1717330983776 0.6931963562965393 0
1717330985384 0.6924976706504822 0
1717330987064 0.6930094957351685 0
1717330988716 0.693332314491272 0
1717330990387 0.6935603022575378 0
1717330992012 0.6935280561447144 0
1717331023273 0.6933761835098267 0
1717331024859 0.6906336545944214 0
1717331026466 0.6922044157981873 0
1717331028064 0.6934357285499573 0
1717331029783 0.6910460591316223 0
1717331031327 0.6933297514915466 0
1717331032964 0.6932224035263062 0
1717331034529 0.6927712559700012 0
1717331036154 0.6912474632263184 0
1717331037798 0.6922001838684082 0
1717331068413 0.6937563419342041 0
1717331070141 0.6926451921463013 0
1717331071774 0.6935579776763916 0
1717331073383 0.6950856447219849 0
1717331075058 0.6927275061607361 0
1717331076789 0.6941137313842773 0
1717331078511 0.6918056011199951 0
1717331080154 0.6912221312522888 0
1717331081756 0.6923204064369202 0
1717331083357 0.6939871311187744 0
1717331115980 0.6912177205085754 0
1717331117759 0.6922679543495178 0
1717331119541 0.6938657164573669 0
1717331121293 0.695059597492218 0
1717331123021 0.6942200064659119 0
1717331124765 0.6904914379119873 0
1717331126465 0.6911153197288513 0
1717331128070 0.6927542090415955 0
1717331129705 0.6924166679382324 0
1717331131243 0.6930176019668579 0
1717331162418 0.6933695077896118 0
1717331164022 0.692611575126648 0
1717331165619 0.6910492181777954 0
1717331167258 0.6921210885047913 0
1717331168848 0.6916828751564026 0
1717331170385 0.6940056085586548 0
1717331172028 0.6929733157157898 0
1717331173530 0.6926386952400208 0
1717331175113 0.693999707698822 0
1717331176665 0.692432165145874 0
1717331207209 0.6897980570793152 0
1717331208752 0.6923882961273193 0
1717331210264 0.6934252381324768 0
1717331211735 0.6922451853752136 0
1717331213211 0.6919477581977844 0
1717331214722 0.689420223236084 0
1717331216287 0.6916019916534424 0
1717331217745 0.6919177770614624 0
1717331219322 0.6921752691268921 0
1717331220883 0.6926634311676025 0
1717331252215 0.6884180903434753 0
1717331253831 0.6958244442939758 0
1717331255530 0.6935751438140869 0
1717331257172 0.6906588077545166 0
1717331258824 0.6912140250205994 0
1717331260463 0.6938750147819519 0
1717331262035 0.6956900358200073 0
1717331263577 0.6894986629486084 0
1717331265158 0.6943856477737427 0
1717331266713 0.6923139095306396 0
1717331298018 0.6914963722229004 0
1717331299633 0.694480299949646 0
1717331301187 0.6929202675819397 0
1717331302596 0.6894350051879883 0
1717331304250 0.6887450814247131 0
1717331305835 0.6907682418823242 0
1717331307280 0.6931319236755371 0
1717331308749 0.6895177364349365 0
1717331310332 0.6917474269866943 0
1717331311869 0.6958528161048889 0
1717331343173 0.6918646097183228 0
1717331344587 0.693054735660553 0
1717331346176 0.6920848488807678 0
1717331347769 0.6950152516365051 0
1717331349296 0.693557858467102 0
1717331350927 0.6915984153747559 0
1717331352413 0.6888521909713745 0
1717331354033 0.6893971562385559 0
1717331355590 0.6908707022666931 0
1717331357112 0.6932334303855896 0
1717331387732 0.6973426342010498 0
1717331389268 0.6921817064285278 0
1717331390830 0.6930150389671326 0
1717331392339 0.689959704875946 0
1717331393946 0.6918179392814636 0
1717331395561 0.6924855709075928 0
1717331397155 0.6889024376869202 0
1717331398860 0.6938566565513611 0
1717331400462 0.6943264007568359 0
1717331402167 0.6926037073135376 0
1717331437130 0.6884084939956665 0
1717331438909 0.689401388168335 0
1717331440694 0.696262001991272 0
1717331442478 0.6911898851394653 0
1717331444295 0.6892999410629272 0
1717331446089 0.6881242990493774 0
1717331447830 0.6929347515106201 0
1717331449594 0.6899712085723877 0
1717331451346 0.692116916179657 0
1717331453106 0.6922529339790344 0
1717331488199 0.6902765035629272 0
1717331489929 0.6893911361694336 0
1717331491647 0.6910619139671326 0
1717331493325 0.6903249621391296 0
1717331495054 0.6919827461242676 0
1717331496675 0.6947532892227173 0
1717331498275 0.6901270747184753 0
1717331499968 0.688102662563324 0
1717331501676 0.689232349395752 0
1717331503359 0.6914118528366089 0
1717331538144 0.6867526769638062 0
1717331539820 0.6926606893539429 0
1717331541527 0.6890437602996826 0
1717331543301 0.6864296793937683 0
1717331544957 0.6934177875518799 0
1717331546626 0.6907488107681274 0
1717331548313 0.6957261562347412 0
1717331549953 0.6875050663948059 0
1717331551621 0.6908751130104065 0
1717331553229 0.6893893480300903 0
1717331588225 0.6899410486221313 0
1717331589882 0.6944068074226379 0
1717331591536 0.6892393827438354 0
1717331593277 0.6936711072921753 0
1717331594959 0.6896753907203674 0
1717331596725 0.6927304267883301 0
1717331598418 0.6927733421325684 0
1717331600086 0.6857898235321045 0
1717331601812 0.6888993382453918 0
1717331603557 0.686119794845581 0
1717331638532 0.6905936598777771 0
1717331639977 0.6859274506568909 0
1717331642110 0.6897315382957458 0
1717331644341 0.6910858154296875 0
1717331646680 0.6927341818809509 0
1717331648897 0.688300609588623 0
1717331650926 0.6906131505966187 0
1717331652686 0.6898395419120789 0
1717331654402 0.6905295848846436 0
1717331656119 0.6835741400718689 0
1717331691147 0.6843407154083252 0
1717331692809 0.6806854605674744 0
1717331694486 0.6885384917259216 0
1717331696156 0.6745588779449463 0
1717331832430 0.6794472932815552 0
1717331833495 0.6896687746047974 0
1717331834483 0.6772720217704773 0
1717331835510 0.690168559551239 0
1717331836458 0.6924216151237488 0
1717331837640 0.6864400506019592 0
1717331868786 0.674281656742096 0
1717331870351 0.6872490048408508 0
1717331872046 0.6801119446754456 0
1717331873690 0.6829172372817993 0
1717331875074 0.6891777515411377 0
1717331876607 0.6868185997009277 0
1717331878012 0.6843764781951904 0
1717331879408 0.6893684267997742 0
1717331880843 0.6760164499282837 0
1717331882245 0.6788740158081055 0
1717331913230 0.6847271919250488 0
1717331914510 0.6896877288818359 0
1717331915910 0.6842728853225708 0
1717331917297 0.6865302920341492 0
1717331918683 0.6850225925445557 0
1717331920099 0.6896798014640808 0
1717331921538 0.6958240866661072 0
1717331922912 0.6893168687820435 0
1717331924347 0.6859099268913269 0
1717331925763 0.6772871613502502 0
1717331956247 0.684769332408905 0
1717331957611 0.6804423332214355 0
1717331958908 0.6727768182754517 0
1717331960306 0.6750295162200928 0
1717331961661 0.6730220913887024 0
1717331963052 0.6888352036476135 0
1717331964537 0.6756398677825928 0
1717331965896 0.6780624985694885 0
1717331967214 0.6744655966758728 0
1717331968681 0.684442400932312 0
1717331999457 0.6811187863349915 0
1717332000839 0.6761221289634705 0
1717332002249 0.6766117215156555 0
1717332003712 0.6958513259887695 0
1717332005024 0.7092477679252625 0
1717332006521 0.6970666646957397 0
1717332007824 0.6830788850784302 0
1717332009264 0.6736048460006714 0
1717332010703 0.6772991418838501 0
1717332012039 0.6918662786483765 0
1717332042714 0.7035293579101562 0
1717332043936 0.6806250810623169 0
1717332045187 0.6750234365463257 0
1717332046642 0.6864742636680603 0
1717332048137 0.6814825534820557 0
1717332049602 0.6819029450416565 0
1717332051106 0.688308596611023 0
1717332052588 0.68500155210495 0
1717332054175 0.6869624257087708 0
1717332055468 0.6824721693992615 0
1717332087085 0.6890835165977478 0
1717332088772 0.6873107552528381 0
1717332090284 0.6794046759605408 0
1717332091609 0.680311918258667 0
1717332092912 0.6838648319244385 0
1717332094274 0.6774867177009583 0
1717332095653 0.675804078578949 0
1717332097022 0.6751310229301453 0
1717332098426 0.6801950931549072 0
1717332099800 0.6933057308197021 0
1717332130494 0.6991984844207764 0
1717332131859 0.6867532730102539 0
1717332133223 0.6833024621009827 0
1717332134587 0.7028584480285645 0
1717332135855 0.6806225180625916 0
1717332137044 0.6708595156669617 0
1717332138218 0.6857196688652039 0
1717332139349 0.6798363327980042 0
1717332140503 0.688991367816925 0
1717332141639 0.6770498156547546 0
1717332171549 0.685373067855835 0
1717332172675 0.6819030046463013 0
1717332173769 0.6816071271896362 0
1717332174864 0.676918089389801 0
1717332175952 0.6748737692832947 0
1717332177023 0.6726643443107605 0
1717332178097 0.6818341612815857 0
1717332179243 0.6800115704536438 0
1717332180309 0.6802272200584412 0
1717332181375 0.6760518550872803 0
1717332211054 0.6770063638687134 0
1717332212143 0.6728796362876892 0
1717332213213 0.6772276163101196 0
1717332214248 0.676205575466156 0
1717332215355 0.6715041995048523 0
1717332216475 0.6687320470809937 0
1717332217602 0.6670688390731812 0
1717332218704 0.6792950630187988 0
1717332219836 0.6856122016906738 0
1717332220977 0.6722421646118164 0
1717332251992 0.6794240474700928 0
1717332253201 0.6770594716072083 0
1717332254473 0.6786924004554749 0
1717332255778 0.6667764186859131 0
1717332257177 0.6735740303993225 0
1717332258512 0.6801635026931763 0
1717332259837 0.6833478808403015 0
1717332261110 0.6664592623710632 0
1717332262528 0.6777467727661133 0
1717332263903 0.6708576679229736 0
1717332295680 0.685761570930481 0
1717332297247 0.6831166744232178 0
1717332298935 0.6836581826210022 0
1717332300480 0.6841423511505127 0
1717332302131 0.6785410046577454 0
1717332303755 0.6884928941726685 0
1717332305475 0.6844780445098877 0
1717332307082 0.6817089319229126 0
1717332308700 0.6728758215904236 0
1717332310371 0.6880565881729126 0
1717332345716 0.6873865723609924 0
1717332347243 0.6750105619430542 0
1717332348783 0.6958544850349426 0
1717332350453 0.6903085112571716 0
1717332351968 0.6813888549804688 0
1717332353521 0.6753397583961487 0
1717332355077 0.6829021573066711 0
1717332356778 0.682283878326416 0
1717332358440 0.6875308156013489 0
1717332360020 0.6874112486839294 0
1717332394894 0.690849244594574 0
1717332396544 0.6971134543418884 0
1717332398093 0.6837771534919739 0
1717332399593 0.6710611581802368 0
1717332401286 0.6919112205505371 0
1717332403062 0.6830419301986694 0
1717332404817 0.6804559826850891 0
1717332406341 0.693425178527832 0
1717332407903 0.6771407723426819 0
1717332409627 0.6878229975700378 0
1717332444520 0.6800439953804016 0
1717332446245 0.6797453761100769 0
1717332447950 0.6792258024215698 0
1717332449560 0.687226414680481 0
1717332451247 0.6797810196876526 0
1717332452883 0.6687324643135071 0
1717332454452 0.6907230019569397 0
1717332455857 0.6900787353515625 0
1717332457345 0.6732571125030518 0
1717332458755 0.6740019917488098 0
1717332492439 0.67616206407547 0
1717332493912 0.6882936358451843 0
1717332495353 0.6794079542160034 0
1717332496807 0.6775516867637634 0
1717332498354 0.6736398339271545 0
1717332499741 0.6755016446113586 0
1717332501262 0.6859373450279236 0
1717332502755 0.6679774522781372 0
1717332504314 0.6763121485710144 0
1717332505788 0.6847518086433411 0
1717332537541 0.6766266822814941 0
1717332538958 0.6764205694198608 0
1717332540397 0.6584610939025879 0
1717332541887 0.6784388422966003 0
1717332543433 0.6662297248840332 0
1717332545026 0.6838369369506836 0
1717332546598 0.6818684339523315 0
1717332548051 0.671421468257904 0
1717332549570 0.6788349151611328 0
1717332551051 0.6708369255065918 0
1717332583695 0.6907663345336914 0
1717332585049 0.6697635054588318 0
1717332586352 0.6673601865768433 0
1717332587766 0.6659941673278809 0
1717332589425 0.6914164423942566 0
1717332590975 0.6599116325378418 0
1717332592498 0.680202066898346 0
1717332593997 0.6659746170043945 0
1717332595445 0.6878789067268372 0
1717332596788 0.6736738681793213 0
1717332628570 0.6710228323936462 0
1717332630002 0.6920368075370789 0
1717332631412 0.6818029284477234 0
1717332632916 0.6737947463989258 0
1717332634294 0.6790573596954346 0
1717332636488 0.6679024696350098 0
1717332638226 0.6746791005134583 0
1717332639453 0.6864309310913086 0
1717332640998 0.6674588918685913 0
1717332642383 0.6796406507492065 0
1717332674712 0.6834689378738403 0
1717332676094 0.6680163741111755 0
1717332677592 0.6753950119018555 0
1717332678948 0.6846590638160706 0
1717332680563 0.6845352053642273 0
1717332682224 0.6895729899406433 0
1717332683759 0.6694769263267517 0
1717332685285 0.6815035939216614 0
1717332686787 0.6798736453056335 0
1717332688110 0.6780473589897156 0
1717332721379 0.6822338104248047 0
1717332722762 0.6752854585647583 0
1717332724014 0.6806372404098511 0
1717332725359 0.6733960509300232 0
1717332726696 0.6754164695739746 0
1717332728029 0.6964338421821594 0
1717332729443 0.685687243938446 0
1717332730949 0.685949444770813 0
1717332732138 0.6801171898841858 0
1717332733498 0.6907593607902527 0
1717332764935 0.6585801839828491 0
1717332766307 0.6687543392181396 0
1717332767660 0.6780572533607483 0
1717332769040 0.6670956611633301 0
1717332770351 0.6642659902572632 0
1717332771651 0.6717664003372192 0
1717332773015 0.6695168018341064 0
1717332774282 0.6773834824562073 0
1717332775603 0.6982372999191284 0
1717332776925 0.6562109589576721 0
1717332809540 0.681108295917511 0
1717332810769 0.68055260181427 0
1717332812091 0.6890274882316589 0
1717332813368 0.6770424842834473 0
1717332814708 0.6621012687683105 0
1717332815926 0.6726136207580566 0
1717332817206 0.6616386771202087 0
1717332818522 0.6721700429916382 0
1717332819760 0.6672008633613586 0
1717332821085 0.6815817356109619 0
1717332853384 0.65207839012146 0
1717332854626 0.6806012392044067 0
1717332855782 0.6875498294830322 0
1717332857014 0.6783297657966614 0
1717332858262 0.6720172166824341 0
1717332859480 0.6957085728645325 0
1717332860646 0.6722317934036255 0
1717332861803 0.6655517220497131 0
1717332862965 0.6863991022109985 0
1717332864101 0.6689019799232483 0
1717332896478 0.6813689470291138 0
1717332897796 0.7065438628196716 0
1717332899135 0.6839979290962219 0
1717332900612 0.6900498867034912 0
1717332901927 0.6890597343444824 0
1717332903204 0.6832624673843384 0
1717332904585 0.6785535216331482 0
1717332905932 0.6799530386924744 0
1717332907281 0.6824387907981873 0
1717332908674 0.6708353161811829 0
1717332941379 0.676878809928894 0
1717332942711 0.6741039752960205 0
1717332943988 0.6715173721313477 0
1717332945234 0.6919589042663574 0
1717332946464 0.6767975091934204 0
1717332947694 0.6820076107978821 0
1717332949081 0.6799129247665405 0
1717332950390 0.6792404651641846 0
1717332951636 0.6697236895561218 0
1717332952899 0.6838065385818481 0
1717332985291 0.6938796639442444 0
1717332986651 0.6778942346572876 0
1717332987902 0.6716137528419495 0
1717332989157 0.6584360003471375 0
1717332990366 0.6869041919708252 0
1717332991404 0.6654516458511353 0
1717332992572 0.6808565855026245 0
1717332993772 0.6661927700042725 0
1717332994920 0.666831910610199 0
1717332996193 0.6596440076828003 0
1717333026361 0.676141619682312 0
1717333027516 0.6696296334266663 0
1717333028608 0.6732759475708008 0
1717333029789 0.6812230944633484 0
1717333030952 0.6921430230140686 0
1717333032129 0.6780367493629456 0
1717333033218 0.6720062494277954 0
1717333034268 0.6603699922561646 0
1717333035236 0.6722997426986694 0
1717333036207 0.6743059158325195 0
1717333067323 0.6721998453140259 0
1717333068309 0.673274576663971 0
1717333069340 0.6920353174209595 0
1717333070388 0.6747035384178162 0
1717333071498 0.6627936959266663 0
1717333072529 0.6710593104362488 0
1717333073655 0.6787244081497192 0
1717333074670 0.6745105981826782 0
1717333075671 0.6710378527641296 0
1717333076703 0.6948730945587158 0
1717333111104 0.6807581186294556 0
1717333112073 0.6853681802749634 0
1717333113026 0.6874566078186035 0
1717333113932 0.6724831461906433 0
1717333114870 0.6753020286560059 0
1717333115792 0.6708572506904602 0
1717333116684 0.6753467321395874 0
1717333117601 0.6754031777381897 0
1717333118379 0.6817770004272461 0
1717333119259 0.6862275004386902 0
1717333150065 0.6859111785888672 0
1717333150835 0.6741628646850586 0
1717333151622 0.6779838800430298 0
1717333152495 0.6853609681129456 0
1717333153308 0.6832769513130188 0
1717333154065 0.6741030812263489 0
1717333154889 0.6774572134017944 0
1717333155745 0.6848711967468262 0
1717333156546 0.6906436681747437 0
1717333157425 0.6724409461021423 0
1717333187620 0.6689335703849792 0
1717333188453 0.6762280464172363 0
1717333189269 0.6798034310340881 0
1717333190065 0.6761881113052368 0
1717333190919 0.6764503121376038 0
1717333191758 0.6805643439292908 0
1717333192582 0.6894654631614685 0
1717333193427 0.6735876202583313 0
1717333194277 0.6753861308097839 0
1717333195046 0.6769221425056458 0
1717333227305 0.6637433767318726 0
1717333228228 0.6896157264709473 0
1717333229134 0.6801345944404602 0
1717333230040 0.6864563226699829 0
1717333230947 0.6787824034690857 0
1717333231839 0.6796955466270447 0
1717333232745 0.6879220604896545 0
1717333233652 0.6860494017601013 0
1717333234574 0.6735859513282776 0
1717333235465 0.6741087436676025 0
1717333266495 0.676689624786377 0
1717333267347 0.6725533604621887 0
1717333268167 0.6993491649627686 0
1717333268939 0.6679000854492188 0
1717333269787 0.6665929555892944 0
1717333270566 0.6751300692558289 0
1717333271327 0.6817052960395813 0
1717333272195 0.6620659232139587 0
1717333273096 0.6786254644393921 0
1717333273905 0.6719173192977905 0
1717333306441 0.6766478419303894 0
1717333307262 0.6797477006912231 0
1717333308189 0.6725957989692688 0
1717333309048 0.6662688851356506 0
1717333309931 0.6746429800987244 0
1717333310735 0.6792474985122681 0
1717333311523 0.686175525188446 0
1717333312461 0.6612530946731567 0
1717333313253 0.6644611358642578 0
1717333314126 0.6676875352859497 0
1717333348192 0.6689891815185547 0
1717333349099 0.6625083088874817 0
1717333350005 0.6634365320205688 0
1717333350912 0.6801113486289978 0
1717333351928 0.6917607188224792 0
1717333352850 0.6843348741531372 0
1717333353741 0.6895022392272949 0
1717333354663 0.6847431063652039 0
1717333355569 0.6829941272735596 0
1717333356476 0.6662352085113525 0
1717333389586 0.6733759045600891 0
1717333390358 0.681196928024292 0
1717333391137 0.6780694723129272 0
1717333391970 0.6806337833404541 0
1717333392780 0.6750128269195557 0
1717333393585 0.6758519411087036 0
1717333394428 0.6663722991943359 0
1717333395285 0.6662153005599976 0
1717333396124 0.6786770224571228 0
1717333396958 0.6649132966995239 0
1717333428218 0.6654723882675171 0
1717333429039 0.6872460842132568 0
1717333429888 0.6609877347946167 0
1717333430760 0.652798593044281 0
1717333431578 0.6776421070098877 0
1717333432376 0.6657090187072754 0
1717333433237 0.6743534207344055 0
1717333434094 0.678396463394165 0
1717333434891 0.6813262104988098 0
1717333435760 0.6689398288726807 0
1717333468896 0.6638231873512268 0
1717333469744 0.6594386696815491 0
1717333470594 0.6763871908187866 0
1717333471443 0.6951118111610413 0
1717333472309 0.6970919370651245 0
1717333473158 0.6932693719863892 0
1717333474013 0.6835196018218994 0
1717333474872 0.674101710319519 0
1717333475689 0.6659103631973267 0
1717333476572 0.6798060536384583 0
1717333508496 0.6726049184799194 0
1717333509295 0.673453152179718 0
1717333510133 0.6834731698036194 0
1717333510982 0.6890372037887573 0
1717333511833 0.678058922290802 0
1717333512696 0.6792484521865845 0
1717333513548 0.6770504713058472 0
1717333514396 0.679902970790863 0
1717333515227 0.6846930384635925 0
1717333516012 0.6796454787254333 0
1717333547815 0.6745679378509521 0
1717333548706 0.6718341708183289 0
1717333549628 0.6691321730613708 0
1717333550520 0.6785925030708313 0
1717333551427 0.6746892929077148 0
1717333552318 0.6756148934364319 0
1717333553225 0.6778426170349121 0
1717333554178 0.6657690405845642 0
1717333555085 0.6762207746505737 0
1717333556007 0.6653051972389221 0
1717333590153 0.6741127371788025 0
1717333590944 0.6537270545959473 0
1717333591743 0.6747421026229858 0
1717333592552 0.6769612431526184 0
1717333593374 0.6785473823547363 0
1717333594174 0.6735179424285889 0
1717333594987 0.6479936242103577 0
1717333595857 0.6873356103897095 0
1717333596748 0.6895630359649658 0
1717333597643 0.6820605397224426 0
1717333630300 0.6681056618690491 0
1717333631129 0.6822662949562073 0
1717333631961 0.674124538898468 0
1717333632836 0.6813010573387146 0
1717333633677 0.6697961091995239 0
1717333634525 0.6840754747390747 0
1717333635359 0.6863803863525391 0
1717333636220 0.6669611930847168 0
1717333637083 0.6796008348464966 0
1717333637981 0.6590153574943542 0
1717333669509 0.6792188286781311 0
1717333670328 0.6766946315765381 0
1717333671122 0.6731406450271606 0
1717333671892 0.684765100479126 0
1717333672655 0.6675787568092346 0
1717333673398 0.6822829246520996 0
1717333674193 0.6685928106307983 0
1717333674971 0.6706379652023315 0
1717333675796 0.6735683679580688 0
1717333676572 0.6745080947875977 0
1717333710353 0.6626582145690918 0
1717333711245 0.6875201463699341 0
1717333712261 0.6768194437026978 0
1717333713142 0.6770381927490234 0
1717333714021 0.6663689017295837 0
1717333714946 0.6743547916412354 0
1717333715734 0.6877592206001282 0
1717333716517 0.6798763871192932 0
1717333717319 0.6879900097846985 0
1717333718103 0.6752701997756958 0
1717334285609 0.731106698513031 0
1717334285875 0.7035998702049255 0
1717334286151 0.696489691734314 0
1717334286405 0.7024264931678772 0
1717334286678 0.7164625525474548 0
1717334286922 0.7086681723594666 0
1717334287164 0.7079522609710693 0
1717334287420 0.6991517543792725 0
1717334287671 0.7038768529891968 0
1717334287921 0.6990099549293518 0
1717334289223 0.7039892673492432 0
1717334289469 0.7004124522209167 0
1717334289704 0.6886035799980164 0
1717334289970 0.6895344257354736 0
1717334290236 0.6973444223403931 0
1717334290481 0.6950753927230835 0
1717334290741 0.6941161751747131 0
1717334290988 0.7001426219940186 0
1717334291238 0.6966602206230164 0
1717334291495 0.7066364288330078 0
1717334293102 0.694149374961853 0
1717334293396 0.7000536322593689 0
1717334293635 0.6912860870361328 0
1717334293902 0.6943091154098511 0
1717334294221 0.693425714969635 0
1717334294468 0.6960014700889587 0
1717334294717 0.7013237476348877 0
1717334294990 0.701267421245575 0
1717334295235 0.6949968338012695 0
1717334295493 0.7014403343200684 0
1717334296792 0.6942199468612671 0
1717334297048 0.6945423483848572 0
1717334297310 0.6941211223602295 0
1717334297569 0.6952667832374573 0
1717334297846 0.690767765045166 0
1717334298097 0.6936350464820862 0
1717334298361 0.6944032311439514 0
1717334298634 0.6936286091804504 0
1717334298902 0.694474458694458 0
1717334299181 0.6929230093955994 0
1717334300480 0.6947418451309204 0
1717334300745 0.6967310309410095 0
1717334301001 0.6962834000587463 0
1717334301313 0.7017670273780823 0
1717334301569 0.6902129054069519 0
1717334301846 0.6964771151542664 0
1717334302090 0.6961552500724792 0
1717334302348 0.6955577731132507 0
1717334302601 0.690392255783081 0
1717334302877 0.6946980953216553 0
1717334304170 0.6940640211105347 0
1717334304421 0.6941013932228088 0
1717334304682 0.6919545531272888 0
1717334304959 0.6958951950073242 0
1717334305261 0.6944374442100525 0
1717334305519 0.6936092972755432 0
1717334305797 0.6957828402519226 0
1717334306056 0.6895862221717834 0
1717334306318 0.6947168707847595 0
1717334306580 0.6938818693161011 0
1717334307890 0.693375289440155 0
1717334308149 0.6901108622550964 0
1717334308411 0.6948693990707397 0
1717334308670 0.690397322177887 0
1717334308913 0.6917288303375244 0
1717334309179 0.6922085285186768 0
1717334309435 0.6926476359367371 0
1717334309700 0.6921796202659607 0
1717334309963 0.6938679814338684 0
1717334310236 0.6946725249290466 0
1717334311530 0.694552481174469 0
1717334311784 0.6908301115036011 0
1717334312031 0.6927695274353027 0
1717334312267 0.6941242814064026 0
1717334312517 0.6951456069946289 0
1717334312787 0.6972483992576599 0
1717334313035 0.6932053565979004 0
1717334313300 0.6920849084854126 0
1717334313566 0.6924925446510315 0
1717334313832 0.6924499869346619 0
1717334315187 0.6942182183265686 0
1717334315446 0.6945549249649048 0
1717334315728 0.6926693916320801 0
1717334315974 0.695271372795105 0
1717334316214 0.6964840888977051 0
1717334316495 0.6928980350494385 0
1717334316733 0.6913844347000122 0
1717334317017 0.695357620716095 0
1717334317266 0.6956050395965576 0
1717334317538 0.6940898299217224 0
1717334318840 0.6945077776908875 0
1717334319104 0.6955910921096802 0
1717334319365 0.694817066192627 0
1717334319625 0.6920325756072998 0
1717334319865 0.694602370262146 0
1717334320132 0.6914594769477844 0
1717334320386 0.6919536590576172 0
1717334320645 0.6931214332580566 0
1717334320914 0.6943567395210266 0
1717334321181 0.6930873990058899 0
1717334322484 0.6946622729301453 0
1717334322732 0.6924406290054321 0
1717334322981 0.6934640407562256 0
1717334323249 0.6940352916717529 0
1717334323486 0.6937604546546936 0
1717334323752 0.6929857134819031 0
1717334324027 0.6872813701629639 0
1717334324273 0.6937671303749084 0
1717334324536 0.6917705535888672 0
1717334324785 0.6960619688034058 0
1717334326085 0.6918975114822388 0
1717334326336 0.6945297718048096 0
1717334326598 0.6957968473434448 0
1717334326838 0.6939370632171631 0
1717334327104 0.693790853023529 0
1717334327358 0.6973851323127747 0
1717334327623 0.6920016407966614 0
1717334327888 0.6924159526824951 0
1717334328138 0.694442629814148 0
1717334328391 0.6939296126365662 0
1717334329706 0.6928058862686157 0
1717334329987 0.693763256072998 0
1717334330239 0.6926650404930115 0
1717334330499 0.6916337609291077 0
1717334330748 0.6957045197486877 0
1717334331013 0.6929516792297363 0
1717334331257 0.6949171423912048 0
1717334331522 0.6917406320571899 0
1717334331774 0.6924594640731812 0
1717334332038 0.6935900449752808 0
1717334333313 0.6923959255218506 0
1717334333557 0.6935063004493713 0
1717334333808 0.6920291781425476 0
1717334334069 0.6936521530151367 0
1717334334327 0.695374608039856 0
1717334334591 0.6912939548492432 0
1717334334859 0.6930742859840393 0
1717334335134 0.6953087449073792 0
1717334335384 0.693700909614563 0
1717334335635 0.6935363411903381 0
1717334336921 0.6935268640518188 0
1717334337170 0.6934460401535034 0
1717334337411 0.692035436630249 0
1717334337667 0.6942299008369446 0
1717334337932 0.6925977468490601 0
1717334338188 0.694252073764801 0
1717334338440 0.6911404132843018 0
1717334338688 0.6931421756744385 0
1717334338932 0.6936304569244385 0
1717334339211 0.6929115056991577 0
1717334340555 0.6921879053115845 0
1717334340791 0.6927249431610107 0
1717334341048 0.6916983127593994 0
1717334341299 0.6900889873504639 0
1717334341557 0.6961671710014343 0
1717334341809 0.691888689994812 0
1717334342052 0.6928685307502747 0
1717334342312 0.6936116218566895 0
1717334342568 0.689805269241333 0
1717334342818 0.693205714225769 0
1717334344144 0.6923788785934448 0
1717334344392 0.6919950246810913 0
1717334344642 0.6933596134185791 0
1717334344887 0.6927303671836853 0
1717334345137 0.6931439638137817 0
1717334345391 0.6926801204681396 0
1717334345642 0.6920695304870605 0
1717334345896 0.6940982341766357 0
1717334346141 0.6963382363319397 0
1717334346404 0.6912034749984741 0
1717334347678 0.6935914158821106 0
1717334347926 0.6923635005950928 0
1717334348173 0.6955131888389587 0
1717334348444 0.6908624768257141 0
1717334348695 0.6916035413742065 0
1717334348949 0.6912794709205627 0
1717334349197 0.6933423280715942 0
1717334349439 0.6956468820571899 0
1717334349697 0.6948779821395874 0
1717334349956 0.6938733458518982 0
1717334351249 0.6956250667572021 0
1717334351497 0.6965885162353516 0
1717334351740 0.6944379806518555 0
1717334351994 0.6928695440292358 0
1717334352270 0.6938138008117676 0
1717334352546 0.6935960054397583 0
1717334352807 0.693188488483429 0
1717334353063 0.6931695342063904 0
1717334353347 0.6932348012924194 0
1717334353580 0.6906083226203918 0
1717334354874 0.6951171159744263 0
1717334355121 0.6952406764030457 0
1717334355386 0.6935842037200928 0
1717334355653 0.6912233233451843 0
1717334355924 0.694272518157959 0
1717334356159 0.6928320527076721 0
1717334356418 0.6929906606674194 0
1717334356681 0.6944162845611572 0
1717334357000 0.6905425786972046 0
1717334357294 0.6936742067337036 0
1717334358537 0.6910113096237183 0
1717334358773 0.6903141140937805 0
1717334359014 0.6933083534240723 0
1717334359281 0.6939904093742371 0
1717334359500 0.6936214566230774 0
1717334359744 0.6904281973838806 0
1717334359994 0.6970583200454712 0
1717334360244 0.6947473287582397 0
1717334360489 0.6956807374954224 0
1717334360741 0.6899459362030029 0
1717334361987 0.6927031874656677 0
1717334362228 0.6956630945205688 0
1717334362472 0.6955083012580872 0
1717334362725 0.6896853446960449 0
1717334362964 0.6934239864349365 0
1717334363211 0.6951705813407898 0
1717334363472 0.6936325430870056 0
1717334363728 0.6936809420585632 0
1717334363968 0.6928927898406982 0
1717334364210 0.6919163465499878 0
1717334365452 0.6931769251823425 0
1717334365680 0.6923921704292297 0
1717334365928 0.6902318596839905 0
1717334366179 0.6945428848266602 0
1717334366406 0.6920190453529358 0
1717334366642 0.6914075613021851 0
1717334366876 0.6918247938156128 0
1717334367108 0.6928571462631226 0
1717334367359 0.6949812173843384 0
1717334367608 0.6930421590805054 0
1717334368998 0.6933013796806335 0
1717334369243 0.6924203634262085 0
1717334369487 0.6921783089637756 0
1717334369739 0.6939427256584167 0
1717334369990 0.6963865756988525 0
1717334370258 0.6908888816833496 0
1717334370506 0.6961237788200378 0
1717334370755 0.6980991959571838 0
1717334371019 0.6923079490661621 0
1717334371273 0.6975475549697876 0
1717334372601 0.6945203542709351 0
1717334372856 0.6911320090293884 0
1717334373142 0.6952379941940308 0
1717334373396 0.6898840665817261 0
1717334373678 0.6943097114562988 0
1717334373951 0.6972514986991882 0
1717334374209 0.6934165358543396 0
1717334374463 0.6992453932762146 0
1717334374741 0.6942150592803955 0
1717334375009 0.693296492099762 0
1717334376284 0.6947348117828369 0
1717334376539 0.6915613412857056 0
1717334376789 0.6898349523544312 0
1717334377037 0.6931572556495667 0
1717334377285 0.696143388748169 0
1717334377540 0.6912945508956909 0
1717334377790 0.6915609240531921 0
1717334378058 0.694783627986908 0
1717334378307 0.6921243071556091 0
1717334378569 0.6942999958992004 0
1717334379898 0.6913353204727173 0
1717334380164 0.690121054649353 0
1717334380411 0.6946378946304321 0
1717334380643 0.6912855505943298 0
1717334380893 0.6913816928863525 0
1717334381151 0.6956048607826233 0
1717334381379 0.6905374526977539 0
1717334381629 0.6899383664131165 0
1717334381879 0.6922298669815063 0
1717334382145 0.6931101083755493 0
1717334383693 0.6944146156311035 0
1717334383981 0.6927614808082581 0
1717334384246 0.6936088800430298 0
1717334384487 0.690583348274231 0
1717334384737 0.6925618052482605 0
1717334384984 0.6935827732086182 0
1717334385240 0.6935186386108398 0
1717334385493 0.6950740814208984 0
1717334385736 0.6929290890693665 0
1717334385987 0.6941375732421875 0
1717334387264 0.6933274269104004 0
1717334387506 0.6943317651748657 0
1717334387759 0.6923325657844543 0
1717334388009 0.6950530409812927 0
1717334388259 0.693645715713501 0
1717334388515 0.6908382177352905 0
1717334388760 0.6951203346252441 0
1717334389005 0.6921095848083496 0
1717334389245 0.6920386552810669 0
1717334389482 0.6932926177978516 0
1717334390765 0.6924278140068054 0
1717334391007 0.6919816732406616 0
1717334391251 0.6967515349388123 0
1717334391514 0.6968722343444824 0
1717334391753 0.6945300698280334 0
1717334392003 0.6952885985374451 0
1717334392263 0.6983222365379333 0
1717334392496 0.6939432621002197 0
1717334392786 0.6940611004829407 0
1717334393037 0.6950375437736511 0
1717334394326 0.6948586106300354 0
1717334394572 0.6940085887908936 0
1717334394835 0.6980616450309753 0
1717334395172 0.6942505836486816 0
1717334395419 0.6942532062530518 0
1717334395718 0.6939023733139038 0
1717334395982 0.6919691562652588 0
1717334396245 0.6928814053535461 0
1717334396499 0.6929781436920166 0
1717334396749 0.6929305791854858 0
1717334398041 0.692419171333313 0
1717334398285 0.6921196579933167 0
1717334398581 0.6926571726799011 0
1717334398834 0.6944323182106018 0
1717334399084 0.6953640580177307 0
1717334399335 0.6925041675567627 0
1717334399592 0.6939749717712402 0
1717334399848 0.6910994052886963 0
1717334400125 0.6926156282424927 0
1717334400365 0.6964958906173706 0
1717334401642 0.6958420276641846 0
1717334401889 0.6946493983268738 0
1717334402147 0.6913328170776367 0
1717334402379 0.6941868662834167 0
1717334402630 0.6946307420730591 0
1717334402878 0.6924981474876404 0
1717334403151 0.6922091841697693 0
1717334403409 0.6931920647621155 0
1717334403667 0.6902956366539001 0
1717334403912 0.6929814219474792 0
1717334405216 0.6905896067619324 0
1717334405462 0.694058895111084 0
1717334405727 0.6969900727272034 0
1717334405980 0.6987653374671936 0
1717334406234 0.692037045955658 0
1717334406486 0.6953471302986145 0
1717334406762 0.6924825310707092 0
1717334407022 0.6937969326972961 0
1717334407280 0.6927876472473145 0
1717334407532 0.6940747499465942 0
1717334408825 0.6930814981460571 0
1717334409089 0.6951280236244202 0
1717334409358 0.6926676034927368 0
1717334409623 0.6943773031234741 0
1717334409896 0.6932337880134583 0
1717334410174 0.6953517198562622 0
1717334410419 0.6936436295509338 0
1717334410666 0.6936687231063843 0
1717334410931 0.6932554244995117 0
1717334411197 0.692219614982605 0
1717334412538 0.694284200668335 0
1717334412803 0.6928014159202576 0
1717334413079 0.6932689547538757 0
1717334413346 0.6955797672271729 0
1717334413594 0.6932192444801331 0
1717334413847 0.694718599319458 0
1717334414112 0.6929221749305725 0
1717334414371 0.6939826011657715 0
1717334414620 0.6929460763931274 0
1717334414862 0.6914947628974915 0
1717334416183 0.6921061873435974 0
1717334416458 0.6941013336181641 0
1717334416696 0.6912974715232849 0
1717334416962 0.6941308975219727 0
1717334417230 0.6940304040908813 0
1717334417503 0.6930831074714661 0
1717334417771 0.6955280900001526 0
1717334418016 0.6940444707870483 0
1717334418279 0.6931894421577454 0
1717334418545 0.6917460560798645 0
1717334419863 0.6917309165000916 0
1717334420083 0.6903115510940552 0
1717334420315 0.6946237683296204 0
1717334420567 0.6920862793922424 0
1717334420831 0.6905561685562134 0
1717334421066 0.6901290416717529 0
1717334421317 0.6915639042854309 0
1717334421533 0.6930971741676331 0
1717334421775 0.6938588619232178 0
1717334422016 0.6928446888923645 0
1717334423278 0.6945565938949585 0
1717334423531 0.690864086151123 0
1717334423778 0.6941907405853271 0
1717334424046 0.6937507390975952 0
1717334424286 0.6938869953155518 0
1717334424508 0.6915785074234009 0
1717334424863 0.6892601251602173 0
1717334425137 0.6932290196418762 0
1717334425378 0.6936275362968445 0
1717334425643 0.6958520412445068 0
1717334426933 0.6911984086036682 0
1717334427253 0.6986417174339294 0
1717334427568 0.6929956674575806 0
1717334427805 0.691830575466156 0
1717334428096 0.6947038769721985 0
1717334428359 0.6957546472549438 0
1717334428621 0.6940392851829529 0
1717334428871 0.6950468420982361 0
1717334429137 0.6928855180740356 0
1717334429403 0.6947954297065735 0
1717334430923 0.6931475400924683 0
1717334431192 0.692170262336731 0
1717334431470 0.692388117313385 0
1717334431772 0.6939935684204102 0
1717334432036 0.6929575204849243 0
1717334432373 0.6935340166091919 0
1717334432630 0.6910330057144165 0
1717334433039 0.6943682432174683 0
1717334433371 0.6911095976829529 0
1717334433651 0.6940926313400269 0
1717334435028 0.6914003491401672 0
1717334435280 0.696903645992279 0
1717334435552 0.6946461200714111 0
1717334435785 0.6920748949050903 0
1717334436037 0.6947093605995178 0
1717334436268 0.6972963213920593 0
1717334436510 0.69338458776474 0
1717334436752 0.6930299997329712 0
1717334436998 0.6935834288597107 0
1717334437249 0.6925045251846313 0
1717334438583 0.6937220692634583 0
1717334438818 0.6936597228050232 0
1717334439050 0.6946011781692505 0
1717334439307 0.6936345100402832 0
1717334439551 0.6935913562774658 0
1717334439784 0.6959467530250549 0
1717334440106 0.693694531917572 0
1717334440351 0.6928703784942627 0
1717334440608 0.6944571733474731 0
1717334440831 0.6936851739883423 0
1717334442137 0.6928238868713379 0
1717334442390 0.6930399537086487 0
1717334442616 0.6926417946815491 0
1717334442886 0.6960866451263428 0
1717334443122 0.6908995509147644 0
1717334443352 0.6943067908287048 0
1717334443596 0.6933091282844543 0
1717334443843 0.6930297613143921 0
1717334444062 0.6941581964492798 0
1717334444379 0.6932311654090881 0
1717334445601 0.6935838460922241 0
1717334445845 0.6946263909339905 0
1717334446082 0.6927192807197571 0
1717334446295 0.6950843334197998 0
1717334446559 0.6913297772407532 0
1717334446776 0.6961788535118103 0
1717334447031 0.6955708861351013 0
1717334447264 0.6909753680229187 0
1717334447497 0.6937138438224792 0
1717334447730 0.6955415606498718 0
1717334448950 0.6904893517494202 0
1717334449170 0.6937873363494873 0
1717334449407 0.6908185482025146 0
1717334449650 0.6904712915420532 0
1717334449893 0.6932905316352844 0
1717334450155 0.6949888467788696 0
1717334450421 0.6923977136611938 0
1717334450687 0.6904748678207397 0
1717334450943 0.691239595413208 0
1717334451195 0.6932552456855774 0
1717334452452 0.6933573484420776 0
1717334452674 0.6939970254898071 0
1717334452906 0.6953025460243225 0
1717334453140 0.6940680146217346 0
1717334453375 0.6938289403915405 0
1717334453609 0.692546546459198 0
1717334453840 0.6954382658004761 0
1717334454079 0.6923847794532776 0
1717334454305 0.6976038813591003 0
1717334454575 0.6953092813491821 0
1717334455819 0.6935972571372986 0
1717334456046 0.6914364099502563 0
1717334456295 0.693969190120697 0
1717334456515 0.6919005513191223 0
1717334456768 0.6926936507225037 0
1717334457001 0.6928969621658325 0
1717334457251 0.6943113803863525 0
1717334457518 0.6944475769996643 0
1717334457770 0.6942499279975891 0
1717334458006 0.6941525340080261 0
1717334459238 0.6933565735816956 0
1717334459479 0.694164514541626 0
1717334459700 0.693088710308075 0
1717334459933 0.6937572360038757 0
1717334460167 0.693397581577301 0
1717334460399 0.6934980154037476 0
1717334460632 0.6942271590232849 0
1717334460873 0.6923254728317261 0
1717334461115 0.6943503618240356 0
1717334461366 0.6939019560813904 0
1717334462631 0.6926722526550293 0
1717334462871 0.6918174028396606 0
1717334463103 0.6939013600349426 0
1717334463331 0.6941903829574585 0
1717334463568 0.6938687562942505 0
1717334463818 0.6930745840072632 0
1717334464083 0.6894434094429016 0
1717334464353 0.6940504908561707 0
1717334464580 0.6960598826408386 0
1717334464813 0.6944288015365601 0
1717334466046 0.6930790543556213 0
1717334466262 0.6951663494110107 0
1717334466528 0.6936532855033875 0
1717334466762 0.6925339102745056 0
1717334467004 0.6919542551040649 0
1717334467239 0.6937743425369263 0
1717334467461 0.6907033324241638 0
1717334467687 0.6926501393318176 0
1717334467907 0.6931511759757996 0
1717334468175 0.6939662098884583 0
1717334469411 0.6948261260986328 0
1717334469648 0.6950021982192993 0
1717334469897 0.690198540687561 0
1717334470147 0.6940267086029053 0
1717334470400 0.6952106356620789 0
1717334470639 0.6927621960639954 0
1717334470883 0.6928788423538208 0
1717334471133 0.6907573342323303 0
1717334471390 0.6932926177978516 0
1717334471641 0.6922968029975891 0
1717334472941 0.6915438175201416 0
1717334473192 0.6910923719406128 0
1717334473437 0.6931447982788086 0
1717334473688 0.695254385471344 0
1717334473954 0.6911778450012207 0
1717334474188 0.6939830780029297 0
1717334474428 0.6943482756614685 0
1717334474658 0.6910814642906189 0
1717334474895 0.6917257308959961 0
1717334475146 0.6925637722015381 0
1717334476442 0.6935840845108032 0
1717334476681 0.6960121989250183 0
1717334476931 0.6938965320587158 0
1717334477182 0.6941683292388916 0
1717334477435 0.6946622729301453 0
1717334477683 0.694817066192627 0
1717334477950 0.6926061511039734 0
1717334478201 0.6927016973495483 0
1717334478452 0.6916964650154114 0
1717334478696 0.6916409134864807 0
1717334479959 0.692941427230835 0
1717334480186 0.6928257346153259 0
1717334480444 0.693385660648346 0
1717334480699 0.6905137896537781 0
1717334480927 0.6915251016616821 0
1717334481187 0.6948705911636353 0
1717334481460 0.6944388747215271 0
1717334481709 0.6915484070777893 0
1717334481961 0.6929841637611389 0
1717334482215 0.6930810213088989 0
1717334483435 0.6898453831672668 0
1717334483681 0.6928902864456177 0
1717334483931 0.6920934915542603 0
1717334484212 0.6922969222068787 0
1717334484456 0.6921183466911316 0
1717334484713 0.6962460875511169 0
1717334484974 0.6921584606170654 0
1717334485235 0.6922982335090637 0
1717334485480 0.6909392476081848 0
1717334485747 0.6913012266159058 0
1717334487015 0.6945475339889526 0
1717334487252 0.6933200359344482 0
1717334487475 0.6935513019561768 0
1717334487722 0.6889171004295349 0
1717334487988 0.6912922263145447 0
1717334488254 0.6933034658432007 0
1717334488512 0.690501868724823 0
1717334488760 0.6985024213790894 0
1717334489026 0.6931167840957642 0
1717334489276 0.6928965449333191 0
1717334490565 0.693446159362793 0
1717334490938 0.694226086139679 0
1717334491185 0.6923555731773376 0
1717334491467 0.6942495703697205 0
1717334491749 0.6938316226005554 0
1717334491982 0.692976713180542 0
1717334492214 0.6906847953796387 0
1717334492462 0.6917530298233032 0
1717334492703 0.6924190521240234 0
1717334492944 0.6951921582221985 0
1717334494164 0.6940202713012695 0
1717334494416 0.6954797506332397 0
1717334494654 0.6924842000007629 0
1717334494900 0.6935138702392578 0
1717334495179 0.6934651732444763 0
1717334495401 0.6935620903968811 0
1717334495651 0.6921074390411377 0
1717334495892 0.6922659277915955 0
1717334496124 0.6904457807540894 0
1717334496372 0.6932825446128845 0
1717334497609 0.691948652267456 0
1717334497838 0.6933850049972534 0
1717334498104 0.6945316791534424 0
1717334498330 0.6935517191886902 0
1717334498589 0.6928766369819641 0
1717334498824 0.6894395351409912 0
1717334499063 0.6923161745071411 0
1717334499281 0.6924698352813721 0
1717334499541 0.6929073929786682 0
1717334499805 0.6948291063308716 0
1717334501127 0.691754937171936 0
1717334501373 0.6909458637237549 0
1717334501648 0.6945520043373108 0
1717334501913 0.6913097500801086 0
1717334502165 0.6918618679046631 0
1717334502436 0.6958262920379639 0
1717334502695 0.693265974521637 0
1717334502979 0.6914187073707581 0
1717334503229 0.6938961744308472 0
1717334503488 0.6898842453956604 0
1717334504789 0.6949077248573303 0
1717334505029 0.6930851340293884 0
1717334505268 0.6923978328704834 0
1717334505503 0.6938164234161377 0
1717334505739 0.6897808909416199 0
1717334505993 0.6938259601593018 0
1717334506239 0.6940076947212219 0
1717334506486 0.6922462582588196 0
1717334506757 0.6957167387008667 0
1717334507011 0.6916413307189941 0
1717334508271 0.6914396286010742 0
1717334508507 0.6943039894104004 0
1717334508776 0.6913832426071167 0
1717334509010 0.6917927861213684 0
1717334509242 0.6968106031417847 0
1717334509490 0.692858099937439 0
1717334509722 0.6946307420730591 0
1717334509941 0.6926529407501221 0
1717334510198 0.6933956742286682 0
1717334510453 0.6929081082344055 0
1717334511673 0.6924536228179932 0
1717334511894 0.6901547908782959 0
1717334512135 0.6926776170730591 0
1717334512416 0.6933680176734924 0
1717334512674 0.6912353038787842 0
1717334512946 0.6913841962814331 0
1717334513180 0.692469596862793 0
1717334513433 0.6949453353881836 0
1717334513688 0.6954240202903748 0
1717334514000 0.6930537223815918 0
1717334515290 0.6960313320159912 0
1717334515541 0.6945262551307678 0
1717334515814 0.6941941380500793 0
1717334516074 0.6912460923194885 0
1717334516320 0.6920773386955261 0
1717334516575 0.6917617917060852 0
1717334516851 0.6947560906410217 0
1717334517124 0.6937198638916016 0
1717334517369 0.6934012770652771 0
1717334517628 0.6915563344955444 0
