1717335108265 0.7059866786003113 0
1717335108796 0.690566897392273 0
1717335109066 0.6922687888145447 0
1717335109367 0.7007022500038147 0
1717335109643 0.6997302770614624 0
1717335109932 0.7023378014564514 0
1717335110237 0.6974005699157715 0
1717335110511 0.6922450661659241 0
1717335110810 0.7013887166976929 0
1717335111077 0.692129909992218 0
1717335329649 0.7000880837440491 0
1717335329977 0.7082027792930603 0
1717335330275 0.7007836699485779 0
1717335330556 0.6928327083587646 0
1717335330819 0.6943404674530029 0
1717335331099 0.6983307600021362 0
1717335331367 0.6943998336791992 0
1717335331646 0.6931780576705933 0
1717335331923 0.6993957161903381 0
1717335332183 0.6945928931236267 0
1717335348334 0.7536442279815674 0
1717335348647 0.7241517901420593 0
1717335348944 0.6811208724975586 0
1717335349236 0.7195034623146057 0
1717335349543 0.7180313467979431 0
1717335349842 0.6920955181121826 0
1717335350147 0.6909821033477783 0
1717335350459 0.7064353227615356 0
1717335350785 0.7024502158164978 0
1717335351082 0.7034331560134888 0
1717335352545 0.7011014223098755 0
1717335352842 0.6933499574661255 0
1717335353158 0.7039996385574341 0
1717335353460 0.6909121870994568 0
1717335353773 0.6949965953826904 0
1717335354095 0.7019525766372681 0
1717335354486 0.6903741359710693 0
1717335354783 0.697176992893219 0
1717335355079 0.7009254097938538 0
1717335355381 0.7001774311065674 0
1717335356827 0.6951947808265686 0
1717335357109 0.6954972743988037 0
1717335357412 0.6946432590484619 0
1717335357724 0.6952926516532898 0
1717335358023 0.6939634084701538 0
1717335358311 0.6944679021835327 0
1717335358576 0.6942145824432373 0
1717335358850 0.6939541697502136 0
1717335359131 0.6963341236114502 0
1717335359389 0.6958162188529968 0
1717335360839 0.6946900486946106 0
1717335361121 0.6913889050483704 0
1717335361418 0.6938242316246033 0
1717335361724 0.6922893524169922 0
1717335362030 0.6958176493644714 0
1717335362323 0.6940658688545227 0
1717335362620 0.6933491230010986 0
1717335362902 0.6916673183441162 0
1717335363182 0.6943179368972778 0
1717335363489 0.6943742632865906 0
1717335364934 0.6972728371620178 0
1717335365186 0.6940258145332336 0
1717335365466 0.6942876577377319 0
1717335365721 0.6930282115936279 0
1717335366018 0.6947206258773804 0
1717335366305 0.6956075429916382 0
1717335366585 0.6920672655105591 0
1717335366849 0.6939826011657715 0
1717335367116 0.6931308507919312 0
1717335367414 0.6927690505981445 0
1717335368786 0.6916028261184692 0
1717335369067 0.6926017999649048 0
1717335369341 0.6908610463142395 0
1717335369611 0.6938944458961487 0
1717335369900 0.692009449005127 0
1717335405882 0.7046622037887573 0
1717335406168 0.7049350738525391 0
1717335406431 0.7178893685340881 0
1717335406716 0.7037530541419983 0
1717335407013 0.7067761421203613 0
1717335407310 0.7180917263031006 0
1717335407637 0.6981932520866394 0
1717335407952 0.6997871994972229 0
1717335408202 0.6940797567367554 0
1717335408496 0.7076460719108582 0
1717335409835 0.6982530951499939 0
1717335410117 0.6972901225090027 0
1717335410396 0.7007551789283752 0
1717335410668 0.6952258944511414 0
1717335410965 0.6888981461524963 0
1717335411262 0.6976867914199829 0
1717335411559 0.6998355984687805 0
1717335411853 0.6967299580574036 0
1717335412134 0.697836697101593 0
1717335412431 0.6971071362495422 0
1717335413816 0.6924365758895874 0
1717335414098 0.6946012377738953 0
1717335414379 0.6894798874855042 0
1717335414678 0.6934353709220886 0
1717335414959 0.698113203048706 0
1717335415240 0.6965660452842712 0
1717335415522 0.6964282393455505 0
1717335415820 0.6973634958267212 0
1717335416101 0.6941507458686829 0
1717335416383 0.6920120120048523 0
1717335417811 0.6997427940368652 0
1717335418093 0.6913822293281555 0
1717335418374 0.6925090551376343 0
1717335418675 0.6954099535942078 0
1717335418972 0.6966364979743958 0
1717335419253 0.6956411600112915 0
1717335419534 0.6956232190132141 0
1717335419832 0.6952634453773499 0
1717335420113 0.6932320594787598 0
1717335420394 0.6939916014671326 0
1717335948562 0.7285638451576233 0
1717335948923 0.7302700877189636 0
1717335949391 0.7051715850830078 0
1717335949751 0.706731915473938 0
1717335950173 0.7066179513931274 0
1717335950555 0.7122832536697388 0
1717335950972 0.6961173415184021 0
1717335951326 0.7011616230010986 0
1717335951595 0.6940867900848389 0
1717335951869 0.7048349380493164 0
1717335953472 0.7086239457130432 0
1717335953738 0.6999049782752991 0
1717335954005 0.6964392066001892 0
1717335954279 0.6911072731018066 0
1717335954640 0.6920745968818665 0
1717335954950 0.6917504668235779 0
1717335955244 0.7052839398384094 0
1717335955542 0.6930273175239563 0
1717335955840 0.6898354291915894 0
1717335956107 0.6970186829566956 0
1717335957552 0.6943178772926331 0
1717335957820 0.693193793296814 0
1717335958121 0.6954869031906128 0
1717335958400 0.6927686929702759 0
1717335958700 0.6969061493873596 0
1717335959010 0.6921982169151306 0
1717335959290 0.6943721175193787 0
1717335959585 0.6947227716445923 0
1717335959874 0.6909576058387756 0
1717335960182 0.697909951210022 0
1717335961633 0.6995700597763062 0
1717335961914 0.6927959322929382 0
1717335962207 0.698232889175415 0
1717335962504 0.6932748556137085 0
1717335962785 0.692815899848938 0
1717335963080 0.6945072412490845 0
1717335963378 0.6945510506629944 0
1717335963675 0.6968613266944885 0
1717335963956 0.6947339773178101 0
1717335964253 0.6938663721084595 0
1717335965631 0.6941360831260681 0
1717335965911 0.6937057375907898 0
1717335966187 0.6942698359489441 0
1717335966486 0.6940351128578186 0
1717335966783 0.6937012076377869 0
1717335967077 0.6960479617118835 0
1717335967374 0.6938477158546448 0
1717335967672 0.693135142326355 0
1717335967969 0.6928577423095703 0
1717335968250 0.6921997666358948 0
