1717428383575 0.701865017414093 1
1717428383751 0.6914235353469849 2
1717428383939 0.7100280523300171 3
1717428384111 0.6926146149635315 4
1717428384283 0.6968110799789429 5
1717428384451 0.6943235397338867 6
1717428384643 0.6959645748138428 7
1717428384850 0.6986400485038757 8
1717428385022 0.6929162740707397 9
1717428385236 0.6932235956192017 10
1717428388954 0.6933430433273315 11
1717428389132 0.6932916045188904 12
1717428389340 0.6933372616767883 13
1717428389528 0.6934484839439392 14
1717428389746 0.6931172013282776 15
1717428389934 0.694493293762207 16
1717428390138 0.6933857798576355 17
1717428390337 0.6936807036399841 18
1717428390504 0.6929864883422852 19
1717428390704 0.6939625144004822 20
1717428394549 0.6925644278526306 21
1717428394741 0.6938736438751221 22
1717428394944 0.6923887729644775 23
1717428395147 0.6945820450782776 24
1717428395333 0.6923156976699829 25
1717428395533 0.6942174434661865 26
1717428395699 0.6929584741592407 27
1717428395891 0.6937230229377747 28
1717428396083 0.6928696632385254 29
1717428396250 0.6932302117347717 30
1717428397017 0.6921790838241577 31
1717428397205 0.6900162100791931 32
1717428397382 0.6932494640350342 33
1717428397579 0.6974074840545654 34
1717428397777 0.6944887042045593 35
1717428397981 0.6952897310256958 36
1717428398178 0.6946774125099182 37
1717428398397 0.6937492489814758 38
1717428398597 0.6944104433059692 39
1717428398780 0.6956546902656555 40
1717428399546 0.6955331563949585 41
1717428399728 0.6929107904434204 42
1717428399912 0.692905604839325 43
1717428400112 0.6940611600875854 44
1717428400295 0.6932088136672974 45
1717428400478 0.693461000919342 46
1717428400654 0.6928464770317078 47
1717428400840 0.6931276917457581 48
1717428401014 0.6973882913589478 49
1717428401202 0.6910171508789062 50
1717428401900 0.6923164129257202 51
1717428402094 0.6929500699043274 52
1717428402277 0.6936995983123779 53
1717428402473 0.6927761435508728 54
1717428402678 0.6951444149017334 55
1717428402847 0.6926891803741455 56
1717428403033 0.6924456357955933 57
1717428403211 0.6923797130584717 58
1717428403426 0.6934876441955566 59
1717428403637 0.6937994956970215 60
1717428404358 0.693084180355072 61
1717428404572 0.6925153136253357 62
1717428404744 0.693281888961792 63
1717428404928 0.693087100982666 64
1717428405097 0.6928067803382874 65
1717428405273 0.6928477883338928 66
1717428405470 0.6927640438079834 67
1717428405657 0.6924261450767517 68
1717428405841 0.6934000849723816 69
1717428406024 0.6945156455039978 70
1717428409704 0.6933467984199524 71
1717428409890 0.6945509910583496 72
1717428410070 0.6976544857025146 73
1717428410253 0.6961686611175537 74
1717428410436 0.7001771926879883 75
1717428410619 0.6945761442184448 76
1717428410819 0.6927982568740845 77
1717428411019 0.6930183172225952 78
1717428411219 0.69190514087677 79
1717428411418 0.6961341500282288 80
1717428412198 0.6991522908210754 81
1717428412418 0.6942856311798096 82
1717428412617 0.6916869282722473 83
1717428412851 0.6944652199745178 84
1717428413059 0.6933944821357727 85
1717428413266 0.6935486793518066 86
1717428413467 0.6931231617927551 87
1717428413635 0.6952328085899353 88
1717428413832 0.6946755647659302 89
1717428414020 0.6931431889533997 90
1717428414732 0.6932196021080017 91
1717428414926 0.6934294700622559 92
1717428415112 0.6949922442436218 93
1717428415328 0.6932849884033203 94
1717428415532 0.6934676766395569 95
1717428415768 0.693004310131073 96
1717428415948 0.6931437253952026 97
1717428416152 0.6929886341094971 98
1717428416349 0.6940938830375671 99
1717428416514 0.69370436668396 100
1717428417250 0.6932573318481445 101
1717428417418 0.6931811571121216 102
1717428417601 0.6934481859207153 103
1717428417787 0.6930087804794312 104
1717428418217 0.6932603716850281 105
1717428418409 0.6944947838783264 106
1717428418607 0.6933919191360474 107
1717428418813 0.6928829550743103 108
1717428418996 0.6946261525154114 109
1717428419180 0.6962116956710815 110
1717428419930 0.6944199800491333 111
1717428420134 0.6932234168052673 112
1717428420344 0.6930655241012573 113
1717428420528 0.6929399371147156 114
1717428420728 0.6951679587364197 115
1717428420928 0.6933608055114746 116
1717428421091 0.6927552819252014 117
1717428421278 0.6936802864074707 118
1717428421461 0.6929567456245422 119
1717428421676 0.6929649114608765 120
1717428422455 0.6933912634849548 121
1717428422640 0.6928216814994812 122
1717428422843 0.6928053498268127 123
1717428423015 0.694490909576416 124
1717428423240 0.6917460560798645 125
1717428423437 0.693646252155304 126
1717428423621 0.6938354969024658 127
1717428423824 0.6933830976486206 128
1717428424014 0.692675769329071 129
1717428424201 0.6927074790000916 130
1717428424976 0.6932631134986877 131
1717428425169 0.6932752132415771 132
1717428425372 0.6926470398902893 133
1717428425576 0.6944041848182678 134
1717428425763 0.6933566331863403 135
1717428425968 0.6926465630531311 136
1717428426175 0.6941782236099243 137
1717428426355 0.6940973401069641 138
1717428426558 0.6940957307815552 139
1717428426773 0.6930553913116455 140
1717428427546 0.6950154304504395 141
1717428427731 0.6926429867744446 142
1717428427921 0.6933399438858032 143
1717428428114 0.692486584186554 144
1717428428317 0.6949151158332825 145
1717428428527 0.6944088935852051 146
1717428428714 0.6939060688018799 147
1717428428901 0.6959102749824524 148
1717428429104 0.6942937970161438 149
1717428429297 0.6931807994842529 150
1717428430094 0.6949498653411865 151
1717428430293 0.694243848323822 152
1717428430481 0.6953719258308411 153
1717428430684 0.6930544376373291 154
1717428430882 0.6930776238441467 155
1717428431070 0.6930211782455444 156
1717428431253 0.6937536001205444 157
1717428431469 0.695806086063385 158
1717428431645 0.6958839297294617 159
1717428431805 0.6933586001396179 160
1717428432570 0.6934705376625061 161
1717428432766 0.6965357661247253 162
1717428432968 0.6948670744895935 163
1717428433134 0.6925131678581238 164
1717428433319 0.6950228214263916 165
1717428433484 0.6932611465454102 166
1717428433683 0.6932622194290161 167
1717428433832 0.6927838325500488 168
1717428434031 0.6945938467979431 169
1717428434250 0.6920827627182007 170
1717428435116 0.6939370632171631 171
1717428435305 0.6918228268623352 172
1717428435489 0.6938145160675049 173
1717428435666 0.6942334771156311 174
1717428435852 0.6923490762710571 175
1717428436069 0.6939628720283508 176
1717428436315 0.69292151927948 177
1717428436518 0.6931695342063904 178
1717428436702 0.6931328773498535 179
1717428436883 0.6932773590087891 180
1717428437628 0.6941577792167664 181
1717428437802 0.6946188807487488 182
1717428437999 0.6931606531143188 183
1717428438224 0.6928756833076477 184
1717428438411 0.6945527195930481 185
1717428438603 0.6931253671646118 186
1717428438779 0.6931394338607788 187
1717428438970 0.6935721039772034 188
1717428439162 0.6931280493736267 189
1717428439354 0.6931399703025818 190
1717428440146 0.6927057504653931 191
1717428440335 0.6929649114608765 192
1717428440526 0.6923868656158447 193
1717428440749 0.6924896240234375 194
1717428440947 0.6893166899681091 195
1717428441124 0.6963647603988647 196
1717428441323 0.6940358877182007 197
1717428441531 0.6952590942382812 198
1717428441732 0.6956888437271118 199
1717428441924 0.6926810145378113 200
1717428442713 0.6931588053703308 201
1717428442912 0.6946864724159241 202
1717428443091 0.6927456855773926 203
1717428443294 0.6933216452598572 204
1717428443498 0.6920475959777832 205
1717428443717 0.6936984658241272 206
1717428443920 0.6938713788986206 207
1717428444139 0.6937134265899658 208
1717428444342 0.6932947039604187 209
1717428444545 0.6927578449249268 210
1717428445645 0.6948856115341187 211
1717428445896 0.6932801604270935 212
1717428446141 0.6949141025543213 213
1717428446307 0.6953513026237488 214
1717428446490 0.6923232078552246 215
1717428446673 0.6934567093849182 216
1717428446881 0.6925266981124878 217
1717428447056 0.6951380372047424 218
1717428447239 0.6986310482025146 219
1717428447422 0.693009078502655 220
1717428448188 0.6931571364402771 221
1717428448388 0.6934593319892883 222
1717428448583 0.6931377649307251 223
1717428448771 0.6957566142082214 224
1717428448968 0.6944217681884766 225
1717428449189 0.6964311599731445 226
1717428449386 0.6946609020233154 227
1717428449588 0.6933885216712952 228
1717428449806 0.693889319896698 229
1717428449994 0.6945220232009888 230
1717428450803 0.6936221718788147 231
1717428450990 0.6953878402709961 232
1717428451193 0.6916078329086304 233
1717428451417 0.6947279572486877 234
1717428451600 0.6933316588401794 235
1717428451803 0.6931899785995483 236
1717428451975 0.6924101114273071 237
1717428452169 0.6945870518684387 238
1717428452354 0.6945225596427917 239
1717428452572 0.6940492391586304 240
1717428453359 0.6942666172981262 241
1717428453582 0.693548321723938 242
1717428453785 0.6934987306594849 243
1717428453974 0.6933953762054443 244
1717428454150 0.6940367817878723 245
1717428454353 0.6910505890846252 246
1717428454548 0.6935192346572876 247
1717428454800 0.6981920599937439 248
1717428455011 0.6942626237869263 249
1717428455215 0.6932057738304138 250
1717428455960 0.6931315660476685 251
1717428456194 0.692647397518158 252
1717428456365 0.6916583180427551 253
1717428456561 0.6920619010925293 254
1717428456732 0.6974701881408691 255
1717428456967 0.6872965097427368 256
1717428457149 0.6939722299575806 257
1717428457331 0.6984385251998901 258
1717428457529 0.6942299604415894 259
1717428457716 0.6945706605911255 260
1717428458449 0.6937323212623596 261
1717428458632 0.6935714483261108 262
1717428458830 0.6968002319335938 263
1717428459032 0.6954461932182312 264
1717428459214 0.6939097046852112 265
1717428459415 0.6941909790039062 266
1717428459613 0.6946159601211548 267
1717428459791 0.6918765902519226 268
1717428459965 0.6964096426963806 269
1717428460144 0.6962454319000244 270
1717428460882 0.6947140693664551 271
1717428461059 0.6931641101837158 272
1717428461230 0.6936879754066467 273
1717428461430 0.6981028914451599 274
1717428461610 0.6955805420875549 275
1717428461796 0.6932341456413269 276
1717428461987 0.6938960552215576 277
1717428462171 0.6938270330429077 278
1717428462387 0.6944471597671509 279
1717428462575 0.6945681571960449 280
1717428463356 0.6931790709495544 281
1717428463575 0.6929596662521362 282
1717428463778 0.6932243704795837 283
1717428463974 0.6930298805236816 284
1717428464176 0.69260174036026 285
1717428464335 0.6922776699066162 286
1717428464538 0.6933846473693848 287
1717428464721 0.6953168511390686 288
1717428464920 0.6938509941101074 289
1717428465107 0.6959604620933533 290
1717428465909 0.6935904622077942 291
1717428466089 0.6930887699127197 292
1717428466285 0.6933956742286682 293
1717428466488 0.6945787668228149 294
1717428466692 0.6921615600585938 295
1717428466870 0.6952558159828186 296
1717428467155 0.6939609050750732 297
1717428467318 0.6931105852127075 298
1717428467506 0.6931318640708923 299
1717428467716 0.6932446360588074 300
1717428468510 0.693496823310852 301
1717428468710 0.6947131752967834 302
1717428468903 0.6929993033409119 303
1717428469151 0.6933575868606567 304
1717428469345 0.6927622556686401 305
1717428469529 0.6931689977645874 306
1717428469732 0.6985743641853333 307
1717428469928 0.6906793713569641 308
1717428470099 0.697540819644928 309
1717428470286 0.6929962038993835 310
1717428471092 0.6930251717567444 311
1717428471321 0.6929196119308472 312
1717428471562 0.6951040029525757 313
1717428471754 0.6964160799980164 314
1717428471966 0.6934740543365479 315
1717428472153 0.6940703392028809 316
1717428472403 0.6930925846099854 317
1717428472586 0.6918722987174988 318
1717428472832 0.6946318745613098 319
1717428473037 0.6949647068977356 320
1717428473818 0.6940615177154541 321
1717428474085 0.6959571242332458 322
1717428474254 0.6989034414291382 323
1717428474434 0.6938639283180237 324
1717428474616 0.6934754848480225 325
1717428474817 0.6940060257911682 326
1717428475001 0.6966022253036499 327
1717428475245 0.6956008076667786 328
1717428475434 0.694219708442688 329
1717428475629 0.6946113705635071 330
1717428476414 0.692169189453125 331
1717428476615 0.6925881505012512 332
1717428476833 0.6935622692108154 333
1717428477015 0.6940250992774963 334
1717428477193 0.6926469802856445 335
1717428477367 0.6929771304130554 336
1717428477555 0.6962158679962158 337
1717428477759 0.6953462362289429 338
1717428477931 0.6931637525558472 339
1717428478127 0.6927599906921387 340
1717428478944 0.6941903233528137 341
1717428479130 0.6968868970870972 342
1717428479333 0.6960739493370056 343
1717428479536 0.6938040852546692 344
1717428479773 0.693664014339447 345
1717428479963 0.6946797966957092 346
1717428480162 0.6936622858047485 347
1717428480405 0.6904400587081909 348
1717428480598 0.6952205896377563 349
1717428480791 0.693978488445282 350
1717428481594 0.6931321620941162 351
1717428481777 0.6939642429351807 352
1717428481977 0.6932096481323242 353
1717428482160 0.6936085224151611 354
1717428482394 0.6945726871490479 355
1717428482577 0.6935383677482605 356
1717428482766 0.6950745582580566 357
1717428482969 0.6933544874191284 358
1717428483178 0.6932199001312256 359
1717428483378 0.6929475665092468 360
1717428484138 0.6958288550376892 361
1717428484341 0.692569375038147 362
1717428484560 0.692360520362854 363
1717428484740 0.693220317363739 364
1717428484943 0.6915793418884277 365
1717428485146 0.6939781904220581 366
1717428485322 0.6936793923377991 367
1717428485502 0.6952799558639526 368
1717428485705 0.6922736763954163 369
1717428485886 0.6933029890060425 370
1717428486688 0.6932833790779114 371
1717428486892 0.6933982372283936 372
1717428487095 0.6924703121185303 373
1717428487284 0.6938934326171875 374
1717428487487 0.6960785984992981 375
1717428487695 0.6984478831291199 376
1717428487894 0.6953089237213135 377
1717428488097 0.693606972694397 378
1717428488302 0.6941541433334351 379
1717428488505 0.6951901316642761 380
1717428489305 0.695261538028717 381
1717428489492 0.6942780017852783 382
1717428489711 0.6949687004089355 383
1717428489884 0.6939871311187744 384
1717428490087 0.6930524110794067 385
1717428490291 0.6936022043228149 386
1717428490511 0.6940416097640991 387
1717428490714 0.6931978464126587 388
1717428490902 0.6925010085105896 389
1717428491105 0.6938719749450684 390
1717428491869 0.6932545304298401 391
1717428492048 0.6928549408912659 392
1717428492235 0.6933051943778992 393
1717428492418 0.6931240558624268 394
1717428492612 0.6922294497489929 395
1717428492817 0.6935785412788391 396
1717428493015 0.6937288641929626 397
1717428493206 0.6936160922050476 398
1717428493384 0.6925475001335144 399
1717428493600 0.694635808467865 400
1717428494398 0.6915174722671509 401
1717428494606 0.6941519975662231 402
1717428494797 0.6943003535270691 403
1717428495016 0.6930696368217468 404
1717428495219 0.6940993666648865 405
1717428495406 0.6932647228240967 406
1717428495591 0.6927289366722107 407
1717428495823 0.6931044459342957 408
1717428496024 0.6936342120170593 409
1717428496219 0.6938510537147522 410
1717428497004 0.6939476132392883 411
1717428497298 0.6921271681785583 412
1717428497486 0.6957477331161499 413
1717428497683 0.6956930160522461 414
1717428497846 0.6933256983757019 415
1717428498032 0.6931498646736145 416
1717428498212 0.6942596435546875 417
1717428498426 0.6927218437194824 418
1717428498801 0.6929296255111694 419
1717428498991 0.6933037042617798 420
1717428499711 0.6933461427688599 421
1717428499909 0.6944173574447632 422
1717428500087 0.6939572691917419 423
1717428500290 0.6944740414619446 424
1717428500511 0.6935877799987793 425
1717428500714 0.6931674480438232 426
1717428500902 0.6955109238624573 427
1717428501090 0.6948509812355042 428
1717428501293 0.6961710453033447 429
1717428501485 0.6932929754257202 430
1717428502274 0.6935533881187439 431
1717428502448 0.6984845399856567 432
1717428502618 0.694456934928894 433
1717428502819 0.6912736892700195 434
1717428503027 0.6938049793243408 435
1717428503222 0.6929746866226196 436
1717428503442 0.6930397152900696 437
1717428503629 0.693610668182373 438
1717428503810 0.6940934658050537 439
1717428503963 0.6933268308639526 440
1717428504756 0.6932252049446106 441
1717428504972 0.6970023512840271 442
1717428505177 0.6912105679512024 443
1717428505377 0.6946370601654053 444
1717428505560 0.6933488845825195 445
1717428505756 0.6934233903884888 446
1717428506061 0.6931313872337341 447
1717428506263 0.694474458694458 448
1717428506450 0.6929000020027161 449
1717428506648 0.6937083005905151 450
1717428507452 0.6940406560897827 451
1717428507662 0.6926344037055969 452
1717428507838 0.6934301257133484 453
1717428508019 0.6921365857124329 454
1717428508224 0.6935898065567017 455
1717428508389 0.6931619644165039 456
1717428508569 0.6949454545974731 457
1717428508754 0.6942949295043945 458
1717428508941 0.6929054856300354 459
1717428509196 0.6959280371665955 460
1717428510041 0.6921281814575195 461
1717428510219 0.6936737298965454 462
1717428510394 0.6934348940849304 463
1717428510587 0.6957207322120667 464
1717428510783 0.6926361918449402 465
1717428510984 0.6950922608375549 466
1717428511168 0.693217933177948 467
1717428511336 0.6934617757797241 468
1717428511504 0.6926089525222778 469
1717428511697 0.6949506402015686 470
1717428512468 0.692413866519928 471
1717428512649 0.7014754414558411 472
1717428512824 0.7007678151130676 473
1717428513025 0.6983649730682373 474
1717428513215 0.6928348541259766 475
1717428513400 0.6914249658584595 476
1717428513585 0.7042146921157837 477
1717428513770 0.7060964703559875 478
1717428513963 0.7032054662704468 479
1717428514153 0.701547384262085 480
1717428514946 0.6920658349990845 481
1717428515145 0.6931846141815186 482
1717428515330 0.6962719559669495 483
1717428515515 0.693354070186615 484
1717428515737 0.6953007578849792 485
1717428515918 0.6980262398719788 486
1717428516118 0.6939781904220581 487
1717428516302 0.6931208372116089 488
1717428516486 0.6931572556495667 489
1717428516658 0.6932096481323242 490
1717428517430 0.6930888295173645 491
1717428517634 0.6930130124092102 492
1717428517858 0.693128764629364 493
1717428518052 0.6929734945297241 494
1717428518229 0.6919704079627991 495
1717428518425 0.6942161321640015 496
1717428518607 0.6944615244865417 497
1717428518802 0.6964898109436035 498
1717428518986 0.6959218382835388 499
1717428519216 0.6932086944580078 500
